0.019386 0.019794 0.030390 0.030764 0.025213 0.023295
0.344149 0.267423 0.300658 0.384840 0.347031 0.373862
0.279218 0.240935 0.265478 0.350772 0.305161 0.321780
0.004464 0.005007 0.006546 0.007729 0.005990 0.005105
0.000000 0.000000 0.000000 0.000000 0.000000 0.000000
0.001348 0.000980 0.001530 0.001663 0.001597 0.001162
0.054142 0.048192 0.068239 0.065663 0.065429 0.055140
0.044659 0.040657 0.057458 0.055925 0.054611 0.046905
0.082919 0.071994 0.098972 0.103220 0.099238 0.081176
0.184855 0.168466 0.196874 0.235776 0.206966 0.178516
0.221305 0.210475 0.236438 0.285466 0.239449 0.217657
0.255109 0.251179 0.271962 0.329279 0.271131 0.254506
0.328419 0.336573 0.338073 0.419369 0.337197 0.331702
0.387588 0.394217 0.381265 0.473519 0.386514 0.382066
0.412281 0.414051 0.396664 0.491540 0.404985 0.401686
0.460043 0.460644 0.435620 0.541648 0.441272 0.449463
0.416684 0.422161 0.405324 0.507795 0.411062 0.414723
0.467122 0.468995 0.444102 0.551177 0.446856 0.459745
0.464693 0.467102 0.441768 0.544849 0.444223 0.454821
0.451049 0.454532 0.431173 0.530598 0.433159 0.440348
0.465124 0.467000 0.441710 0.543214 0.443022 0.454115
0.500835 0.497528 0.469796 0.577107 0.468953 0.490142
0.523512 0.514807 0.485273 0.598082 0.485577 0.511702
0.519196 0.511294 0.483833 0.597685 0.483181 0.510289
0.538336 0.524889 0.496101 0.612494 0.495868 0.526820
0.569853 0.541845 0.515537 0.632505 0.514464 0.552276
0.550794 0.532196 0.501665 0.617783 0.503170 0.534629
0.565228 0.538844 0.510851 0.627059 0.511701 0.546641
0.574764 0.542202 0.516452 0.634077 0.518023 0.556229
0.560279 0.537371 0.508109 0.625633 0.509356 0.543755
0.562330 0.538860 0.510153 0.628341 0.511279 0.546442
0.573798 0.543720 0.517802 0.636901 0.517790 0.556567
0.573052 0.543347 0.517635 0.635615 0.516813 0.555248
0.563042 0.539730 0.511444 0.628964 0.510762 0.546068
0.561053 0.538755 0.510730 0.628234 0.509864 0.544865
0.571664 0.543722 0.517605 0.637155 0.516837 0.555606
0.577526 0.545890 0.521135 0.643241 0.520950 0.562278
0.574234 0.545047 0.519737 0.641714 0.519120 0.559715
0.568000 0.542560 0.515931 0.636759 0.515491 0.553926
0.571082 0.543670 0.518021 0.638464 0.517004 0.556189
0.576730 0.545462 0.521047 0.641148 0.519546 0.560526
0.575126 0.545073 0.521161 0.640149 0.518088 0.558822
0.567798 0.543778 0.517820 0.635674 0.513410 0.552725
0.572662 0.544968 0.521609 0.639738 0.516930 0.557995
0.576679 0.546036 0.523720 0.643986 0.519759 0.562927
0.578407 0.546707 0.524898 0.645833 0.520983 0.565123
0.577871 0.546981 0.524381 0.645351 0.520699 0.564430
0.576871 0.547023 0.523686 0.644706 0.520255 0.563255
0.577679 0.547196 0.524102 0.645223 0.520615 0.563886
0.578400 0.547396 0.524578 0.645988 0.521381 0.564669
0.577958 0.547569 0.524340 0.646439 0.521422 0.564677
0.576957 0.547092 0.523885 0.645935 0.520861 0.564195
0.577514 0.547173 0.524112 0.646443 0.521325 0.564993
0.579787 0.547792 0.525426 0.647966 0.522636 0.566897
0.581231 0.547925 0.525967 0.648361 0.523376 0.568290
0.580363 0.547816 0.525687 0.647856 0.522715 0.567232
0.579013 0.547892 0.525186 0.647543 0.521773 0.566176
0.579380 0.548086 0.525706 0.648149 0.521860 0.566837
0.580040 0.547907 0.526539 0.648916 0.522431 0.567836
0.579107 0.547957 0.526258 0.648591 0.521857 0.567224
0.578189 0.547942 0.525677 0.647574 0.520987 0.566285
0.579276 0.548232 0.526344 0.647772 0.521311 0.567231
0.580067 0.548375 0.526692 0.648056 0.521801 0.568140
0.578852 0.548305 0.526254 0.647942 0.521313 0.567310
0.577992 0.547936 0.526082 0.647792 0.520974 0.566832
0.578518 0.547933 0.526371 0.648370 0.521385 0.567337
0.578833 0.548072 0.526439 0.648488 0.521568 0.567685
0.578425 0.547905 0.525949 0.647881 0.521355 0.567220
0.578287 0.548028 0.525646 0.647598 0.521212 0.566990
0.578763 0.548093 0.525909 0.647987 0.521430 0.567460
0.578148 0.548176 0.526098 0.647778 0.521246 0.567247
0.577092 0.547913 0.525675 0.647067 0.520686 0.566381
0.577007 0.547876 0.525762 0.646914 0.520479 0.566351
0.577746 0.548132 0.525947 0.647149 0.520823 0.566936
0.577544 0.548220 0.525862 0.646922 0.520791 0.566729
0.576838 0.547945 0.525606 0.646541 0.520425 0.566149
0.576979 0.548149 0.525627 0.646611 0.520498 0.566340
0.576974 0.548175 0.525696 0.646796 0.520548 0.566497
0.576616 0.547913 0.525498 0.646418 0.520109 0.565874
0.576615 0.548063 0.525419 0.646195 0.520143 0.565903
0.577276 0.548232 0.525464 0.646507 0.520507 0.566371
0.576943 0.548204 0.525548 0.646507 0.520413 0.566248
0.576623 0.547998 0.525493 0.646274 0.520112 0.565892
0.576985 0.548123 0.525695 0.646670 0.520372 0.566386
0.577159 0.548203 0.525715 0.646793 0.520570 0.566597
0.577003 0.548073 0.525376 0.646472 0.520350 0.566166
0.577020 0.548156 0.525381 0.646657 0.520505 0.566260
0.577187 0.548211 0.525437 0.646798 0.520700 0.566476
0.576853 0.547995 0.525288 0.646495 0.520537 0.566272
0.577108 0.548034 0.525346 0.646544 0.520587 0.566380
0.577390 0.548023 0.525494 0.646742 0.520874 0.566668
0.576895 0.547916 0.525228 0.646201 0.520489 0.566270
0.576518 0.547877 0.525085 0.646027 0.520295 0.565902
0.576855 0.547984 0.525212 0.646282 0.520517 0.566159
0.576512 0.547925 0.524997 0.645946 0.520324 0.565885
0.576243 0.547899 0.524855 0.645760 0.520158 0.565639
0.576293 0.547888 0.524979 0.645893 0.520202 0.565651
0.575974 0.547758 0.524891 0.645535 0.519969 0.565243
0.575969 0.547740 0.524896 0.645402 0.519799 0.565132
0.576110 0.547766 0.524919 0.645536 0.520017 0.565384
0.575711 0.547781 0.524792 0.645280 0.519805 0.565082
0.575673 0.547793 0.524798 0.645305 0.519730 0.565120
0.575929 0.547796 0.524913 0.645438 0.519889 0.565337
0.575458 0.547743 0.524828 0.645412 0.519419 0.564946
0.575384 0.547641 0.524911 0.645443 0.519452 0.565032
0.575660 0.547612 0.525005 0.645657 0.519475 0.565226
0.575588 0.547528 0.524965 0.645559 0.519446 0.565160
0.575610 0.547471 0.525039 0.645546 0.519434 0.565192
0.575555 0.547534 0.524979 0.645398 0.519350 0.565173
0.575416 0.547489 0.524926 0.645263 0.519319 0.565239
0.575482 0.547588 0.524980 0.645376 0.519314 0.565309
0.575461 0.547575 0.524923 0.645356 0.519330 0.565271
0.575561 0.547646 0.525024 0.645416 0.519358 0.565377
0.575683 0.547625 0.525138 0.645482 0.519366 0.565490
0.575629 0.547597 0.524955 0.645231 0.519137 0.565296
0.575544 0.547574 0.525028 0.645195 0.519030 0.565249
0.575393 0.547562 0.525028 0.645218 0.518952 0.565163
0.575185 0.547424 0.524929 0.644935 0.518778 0.564873
0.575187 0.547517 0.525001 0.644741 0.518691 0.564883
0.574889 0.547424 0.524979 0.644617 0.518445 0.564679
0.574950 0.547368 0.524964 0.644569 0.518377 0.564707
0.575043 0.547418 0.525034 0.644655 0.518435 0.564795
0.574974 0.547315 0.525014 0.644639 0.518360 0.564719
0.574873 0.547329 0.525000 0.644657 0.518304 0.564744
0.574888 0.547301 0.525085 0.644681 0.518319 0.564771
0.574747 0.547281 0.524999 0.644680 0.518247 0.564694
0.574861 0.547326 0.525035 0.644593 0.518292 0.564731
0.574514 0.547251 0.524984 0.644584 0.518221 0.564623
0.574621 0.547280 0.525028 0.644643 0.518290 0.564723
0.574516 0.547277 0.524969 0.644695 0.518305 0.564752
0.574474 0.547296 0.524916 0.644710 0.518276 0.564714
0.574590 0.547384 0.525034 0.644700 0.518310 0.564862
0.574111 0.547250 0.524820 0.644521 0.518147 0.564579
0.574692 0.547306 0.524997 0.644790 0.518428 0.565074
0.573722 0.547094 0.524748 0.644370 0.518023 0.564346
0.575099 0.547378 0.525416 0.645182 0.518747 0.565503
0.572734 0.546737 0.524291 0.643661 0.517464 0.563606
0.576126 0.547746 0.526014 0.646151 0.519656 0.566505
0.570351 0.545788 0.522973 0.642348 0.516096 0.561024
0.577738 0.548185 0.527027 0.647343 0.520666 0.568005
0.567602 0.544836 0.521450 0.641165 0.514739 0.559370
0.577108 0.548190 0.526796 0.646928 0.519961 0.567252
0.570904 0.546347 0.523455 0.642996 0.516519 0.561755
0.573517 0.547330 0.524814 0.644233 0.517828 0.564405
0.575808 0.547971 0.526062 0.645861 0.519133 0.565932
0.569258 0.545685 0.522620 0.642062 0.515746 0.560588
0.577071 0.548226 0.526814 0.646873 0.520204 0.567236
0.569899 0.545978 0.522971 0.642230 0.515858 0.560732
0.575074 0.547764 0.525881 0.645241 0.518997 0.565546
0.574398 0.547660 0.525554 0.644948 0.518471 0.565067
0.571264 0.546672 0.523937 0.643040 0.516423 0.561971
0.577008 0.548323 0.526966 0.646979 0.520007 0.567294
0.568278 0.545374 0.522400 0.641652 0.514899 0.559827
0.576964 0.548577 0.527033 0.647015 0.519851 0.567265
0.572202 0.547096 0.524376 0.643687 0.516956 0.562934
0.573053 0.547541 0.524810 0.644267 0.517363 0.563851
0.576225 0.548375 0.526793 0.646518 0.519346 0.566554
0.568030 0.545423 0.522541 0.641759 0.514743 0.559803
0.576707 0.548514 0.526956 0.647008 0.519863 0.567009
0.569116 0.545907 0.523119 0.642140 0.515315 0.560088
0.573984 0.547861 0.525460 0.644800 0.518053 0.564511
0.574507 0.548166 0.525906 0.645212 0.518462 0.565115
0.570161 0.546710 0.523723 0.642740 0.515949 0.561182
0.576890 0.548706 0.527176 0.646988 0.519931 0.567405
0.569050 0.545994 0.522987 0.641941 0.515067 0.559959
0.575124 0.548304 0.526336 0.645746 0.518692 0.565693
0.573238 0.547772 0.525300 0.644350 0.517113 0.563745
0.571622 0.547118 0.524522 0.643354 0.516354 0.562508
0.576360 0.548586 0.526966 0.646619 0.519291 0.566823
0.568471 0.545705 0.522794 0.641673 0.514621 0.559698
0.576198 0.548494 0.526880 0.646561 0.519212 0.566399
0.570300 0.546996 0.523810 0.642708 0.515618 0.561204
0.573297 0.547827 0.525227 0.644189 0.517114 0.563761
0.574627 0.548252 0.526045 0.645485 0.518349 0.565381
0.568853 0.546111 0.523088 0.641928 0.514901 0.559881
0.576430 0.548577 0.527111 0.646650 0.519303 0.566638
0.567101 0.545420 0.522129 0.640778 0.513806 0.558097
0.574819 0.548571 0.526340 0.645507 0.518430 0.565371
0.572088 0.547508 0.524708 0.643557 0.516367 0.562704
0.570888 0.546958 0.524211 0.642926 0.515806 0.561640
0.575650 0.548614 0.526531 0.645863 0.518721 0.565835
0.566282 0.545201 0.521530 0.640280 0.513567 0.557695
0.575940 0.548659 0.526754 0.646064 0.518768 0.565891
0.569292 0.546922 0.523324 0.641873 0.514954 0.559930
0.573198 0.547979 0.525378 0.644039 0.516967 0.563377
0.574884 0.548547 0.526186 0.645318 0.518241 0.565198
0.568575 0.546434 0.523007 0.641229 0.514502 0.559003
0.576153 0.548786 0.526950 0.646346 0.518973 0.566368
0.568221 0.546227 0.522807 0.641218 0.514084 0.558580
0.573660 0.547968 0.525525 0.644447 0.517189 0.564002
0.573533 0.548036 0.525631 0.644285 0.516957 0.563565
0.569299 0.547091 0.523539 0.642013 0.515013 0.560075
0.576236 0.548841 0.527056 0.646399 0.518898 0.566200
0.567336 0.545702 0.522380 0.640798 0.513654 0.557952
0.574751 0.548599 0.526421 0.645476 0.518081 0.565266
0.572253 0.547657 0.524940 0.643285 0.515954 0.562279
0.571063 0.547249 0.524238 0.642920 0.515698 0.561843
0.575855 0.548888 0.526800 0.646162 0.518731 0.565973
0.566905 0.545601 0.522254 0.640352 0.513365 0.557503
0.575644 0.548887 0.526671 0.646059 0.518476 0.565848
0.569389 0.547095 0.523473 0.641405 0.514461 0.559207
0.572059 0.547631 0.524916 0.643562 0.516096 0.562613
0.574682 0.548575 0.526091 0.645177 0.517908 0.564975
0.566723 0.545407 0.521944 0.640031 0.513048 0.557236
0.576197 0.548799 0.526713 0.646515 0.518956 0.566316
0.566769 0.545441 0.521871 0.640014 0.513103 0.557052
0.573288 0.548119 0.525386 0.644144 0.516846 0.563433
0.573680 0.548264 0.525690 0.644377 0.517285 0.564040
0.568039 0.546374 0.522636 0.640618 0.514178 0.558380
0.576457 0.548749 0.526711 0.646564 0.519263 0.566400
0.565762 0.545020 0.521231 0.639302 0.512790 0.556491
0.573942 0.548162 0.525715 0.644282 0.517326 0.563748
0.572614 0.547644 0.524985 0.643615 0.516306 0.562523
0.569598 0.546976 0.523462 0.641598 0.514856 0.559727
0.576751 0.548796 0.526811 0.646541 0.519279 0.566555
0.565792 0.545007 0.521077 0.639206 0.512922 0.556260
0.575041 0.548367 0.526346 0.645066 0.518239 0.564842
0.571490 0.547481 0.524181 0.642961 0.515875 0.561497
0.570245 0.547131 0.523514 0.641961 0.515299 0.560374
0.576593 0.548668 0.526820 0.646370 0.519116 0.566348
0.564987 0.544781 0.520445 0.638300 0.512268 0.555235
0.575570 0.548503 0.526310 0.645460 0.518703 0.565261
0.570502 0.547176 0.523588 0.642050 0.515416 0.560291
0.570083 0.547304 0.523482 0.641961 0.515281 0.560436
0.576702 0.548886 0.526947 0.646450 0.519186 0.566546
0.563771 0.544079 0.519827 0.637749 0.511619 0.554195
0.575654 0.548459 0.526295 0.645098 0.518283 0.564873
0.570729 0.547167 0.523533 0.641951 0.515382 0.560197
0.569092 0.546960 0.522867 0.641017 0.514354 0.559386
0.577075 0.549170 0.527211 0.646910 0.519257 0.567135
0.563068 0.544055 0.519573 0.637122 0.511025 0.553602
0.574142 0.547906 0.525451 0.644019 0.517354 0.563480
0.572621 0.547595 0.524425 0.642833 0.516397 0.561515
0.567158 0.545766 0.521405 0.639662 0.513488 0.557097
0.577196 0.549086 0.527395 0.646575 0.519158 0.566680
0.564406 0.544789 0.520496 0.638362 0.511849 0.555620
0.571774 0.547358 0.524163 0.641832 0.515071 0.560280
0.574201 0.548028 0.525604 0.644829 0.517990 0.564170
0.567313 0.546027 0.521664 0.638967 0.513154 0.556422
0.574888 0.548764 0.526248 0.644720 0.517542 0.564660
0.571001 0.547356 0.524665 0.642018 0.514386 0.560376
0.568292 0.546802 0.522868 0.639990 0.513163 0.557647
0.574703 0.548392 0.526046 0.644621 0.517680 0.564504
0.569644 0.547259 0.523158 0.640931 0.514337 0.559146
0.570989 0.547412 0.524389 0.641795 0.514719 0.560074
0.573765 0.548639 0.525992 0.644146 0.516980 0.563779
0.568078 0.546791 0.522758 0.639827 0.513146 0.557716
0.573190 0.548146 0.525310 0.643192 0.516233 0.562472
0.570973 0.547372 0.524098 0.642111 0.515133 0.560442
0.568661 0.547077 0.523119 0.640144 0.513401 0.557966
0.573415 0.548276 0.525591 0.643578 0.516513 0.563054
0.569383 0.547319 0.523147 0.641346 0.514617 0.559668
0.572447 0.547982 0.524850 0.642605 0.515696 0.561354
0.570853 0.547439 0.523953 0.641876 0.514907 0.560244
0.568848 0.546980 0.523099 0.640484 0.513585 0.558543
0.571854 0.547821 0.524870 0.641807 0.514709 0.560744
0.569266 0.547155 0.523362 0.640996 0.514109 0.559112
0.571881 0.547797 0.524477 0.642308 0.515197 0.561155
0.570546 0.547472 0.523970 0.641143 0.514288 0.559336
0.569843 0.547361 0.523614 0.641120 0.514229 0.559425
0.571900 0.547672 0.524566 0.642054 0.514901 0.560917
0.569547 0.547214 0.523502 0.640870 0.514100 0.559004
0.571929 0.547745 0.524592 0.642550 0.515288 0.561443
0.569914 0.547263 0.523687 0.640543 0.513681 0.558617
0.570091 0.547215 0.523722 0.640974 0.514091 0.559259
0.571226 0.547398 0.524356 0.641719 0.514645 0.560461
0.569264 0.547235 0.523542 0.640444 0.513657 0.558455
0.571820 0.547737 0.524681 0.642403 0.515148 0.561364
0.569474 0.547085 0.523353 0.640680 0.513944 0.558707
0.571040 0.547402 0.524226 0.641669 0.514666 0.560255
0.570524 0.547286 0.523989 0.641615 0.514623 0.560132
0.570126 0.547271 0.524015 0.640822 0.513761 0.558978
0.570740 0.547411 0.524260 0.641529 0.514318 0.560042
0.569921 0.547222 0.523959 0.640820 0.513728 0.559046
0.570725 0.547341 0.524046 0.641309 0.514330 0.559890
0.570467 0.547208 0.524045 0.641571 0.514453 0.559925
0.570492 0.547515 0.524206 0.641208 0.514110 0.559527
0.570218 0.547303 0.524061 0.641457 0.514364 0.559961
0.570716 0.547572 0.524277 0.641369 0.514379 0.559854
0.569229 0.547145 0.523297 0.640736 0.514011 0.559170
0.571531 0.547862 0.524495 0.641985 0.514822 0.560796
0.568247 0.546942 0.523009 0.639767 0.513121 0.557999
0.572468 0.548086 0.525051 0.642574 0.515587 0.562021
0.566971 0.546257 0.522122 0.638887 0.512390 0.556555
0.573337 0.548440 0.525768 0.642892 0.515911 0.562612
0.565693 0.545634 0.521161 0.638110 0.511671 0.555408
0.573802 0.548454 0.526093 0.643090 0.515932 0.562817
0.565204 0.545322 0.520974 0.637881 0.511526 0.555214
0.573156 0.548382 0.525600 0.642622 0.515568 0.562097
0.567382 0.546506 0.522179 0.638770 0.512405 0.556958
0.571540 0.547798 0.524604 0.641569 0.514867 0.560561
0.569829 0.547202 0.523758 0.640924 0.514096 0.559449
0.569406 0.547219 0.523650 0.640170 0.513408 0.558358
0.571494 0.547830 0.524639 0.641787 0.514694 0.560733
0.567861 0.547072 0.522764 0.639218 0.512522 0.557311
0.572155 0.547986 0.525258 0.642052 0.514999 0.561385
0.566728 0.546110 0.521750 0.638878 0.512314 0.556633
0.572958 0.548228 0.525564 0.642285 0.515316 0.561668
0.565888 0.545746 0.521101 0.638584 0.512124 0.555654
0.573985 0.548677 0.526180 0.643758 0.516276 0.563696
0.565868 0.545968 0.521383 0.637311 0.510907 0.554764
0.572551 0.548337 0.525442 0.642333 0.515389 0.561664
0.568377 0.546828 0.522910 0.639381 0.513013 0.557393
0.570481 0.547571 0.523841 0.641299 0.514533 0.559635
0.571693 0.548032 0.524759 0.641962 0.515043 0.560998
0.567172 0.546534 0.522181 0.638958 0.512587 0.557019
0.573629 0.548422 0.525858 0.642958 0.516161 0.562950
0.564850 0.544980 0.520514 0.637134 0.510924 0.554239
0.574010 0.548439 0.525757 0.643050 0.515959 0.562500
0.565538 0.545752 0.520911 0.637837 0.511440 0.554974
0.572407 0.548281 0.525486 0.642080 0.514941 0.561515
0.567428 0.546696 0.522343 0.639088 0.512397 0.557108
0.570387 0.547543 0.524278 0.640624 0.513540 0.559054
0.570023 0.547374 0.523798 0.640622 0.513570 0.558739
0.568486 0.547226 0.522864 0.639739 0.512920 0.557726
0.571233 0.547837 0.524781 0.641506 0.514500 0.560450
0.566606 0.546433 0.521809 0.638272 0.511854 0.556164
0.572337 0.548029 0.525389 0.641787 0.514852 0.561214
0.566176 0.546096 0.521688 0.638227 0.511685 0.555815
0.572503 0.548180 0.525482 0.642021 0.514959 0.561603
0.566358 0.546222 0.521631 0.638363 0.511807 0.556194
0.572024 0.548187 0.525272 0.641889 0.515088 0.561273
0.567446 0.546520 0.522006 0.638607 0.512323 0.556832
0.571077 0.547644 0.524568 0.641123 0.514316 0.559944
0.567982 0.546786 0.522710 0.639472 0.512742 0.557563
0.569953 0.547494 0.523978 0.640518 0.513533 0.559115
0.569247 0.547240 0.523498 0.640019 0.513199 0.558530
0.569070 0.547144 0.523413 0.639945 0.513047 0.558269
0.569798 0.547297 0.523906 0.639986 0.513062 0.558575
0.567966 0.546884 0.522643 0.639321 0.512661 0.557604
0.570788 0.547679 0.524421 0.641019 0.514130 0.559772
0.567073 0.546400 0.521751 0.638655 0.512264 0.556863
0.572133 0.547969 0.525123 0.641462 0.514786 0.560962
0.563596 0.544949 0.520310 0.636757 0.510138 0.553753
0.573809 0.548395 0.525907 0.642459 0.515363 0.562470
0.560971 0.543258 0.518558 0.634418 0.508125 0.550932
0.574960 0.548816 0.526270 0.643619 0.516550 0.564046
0.561837 0.543735 0.519080 0.635125 0.509073 0.552051
0.572448 0.548199 0.525297 0.641673 0.514951 0.561595
0.567764 0.546766 0.522730 0.638641 0.512107 0.557134
0.567820 0.546687 0.522635 0.638680 0.512045 0.557019
0.572466 0.548273 0.525366 0.641970 0.515070 0.561656
0.562634 0.544285 0.519578 0.635978 0.509663 0.552767
0.574333 0.548701 0.526059 0.643355 0.516186 0.563529
0.562842 0.544370 0.519765 0.635952 0.509673 0.552825
0.572417 0.547945 0.525228 0.641363 0.514634 0.561028
0.569166 0.547280 0.523412 0.639974 0.513142 0.558728
0.567035 0.546492 0.522138 0.638136 0.511526 0.556158
0.573061 0.548426 0.525768 0.642721 0.515317 0.562492
0.561929 0.544011 0.519351 0.635363 0.508620 0.551663
0.573859 0.548660 0.525843 0.642887 0.515730 0.562991
0.565165 0.545828 0.521028 0.637249 0.511003 0.554714
0.570650 0.547743 0.524372 0.640444 0.513892 0.559526
0.571416 0.548061 0.524794 0.641522 0.514602 0.560872
0.565334 0.545711 0.521253 0.637037 0.510324 0.554250
0.573365 0.548550 0.525902 0.642536 0.515217 0.562769
0.563645 0.545171 0.520528 0.636301 0.509680 0.553317
0.572225 0.548195 0.525240 0.641573 0.514807 0.561009
0.568374 0.547055 0.522628 0.639350 0.512817 0.557864
0.568307 0.546651 0.522812 0.638468 0.511789 0.556472
0.571323 0.547987 0.524739 0.641252 0.514356 0.560628
0.563936 0.545270 0.520834 0.636405 0.509555 0.553233
0.571806 0.547957 0.525238 0.641337 0.514188 0.560616
0.565218 0.546183 0.521292 0.637486 0.510801 0.555022
0.570840 0.547824 0.524632 0.640066 0.513367 0.559240
0.568278 0.547047 0.522755 0.639474 0.512654 0.557943
0.567363 0.546854 0.522447 0.638588 0.511734 0.556828
0.570588 0.547460 0.524656 0.639943 0.513067 0.558862
0.564952 0.545563 0.521193 0.637978 0.510878 0.555230
0.570952 0.547643 0.524874 0.639869 0.513106 0.558867
0.565618 0.545934 0.521252 0.638042 0.511553 0.555897
0.570727 0.547827 0.524291 0.640858 0.514093 0.560283
0.567899 0.546664 0.523012 0.636554 0.510521 0.555116
0.568353 0.546687 0.523172 0.638985 0.512072 0.557391
0.569502 0.547169 0.523953 0.640486 0.513046 0.559100
0.566517 0.546547 0.522576 0.637269 0.510048 0.555001
0.569607 0.547588 0.524110 0.640024 0.512848 0.558568
0.566762 0.546277 0.522103 0.638720 0.512145 0.557092
0.569525 0.547154 0.523903 0.639483 0.512040 0.557913
0.567562 0.546990 0.522833 0.638270 0.511487 0.556899
0.569677 0.547304 0.523742 0.640366 0.513517 0.559352
0.567948 0.546739 0.522883 0.638417 0.511597 0.556898
0.567436 0.546542 0.522884 0.638374 0.511376 0.556569
0.568217 0.546591 0.523037 0.639081 0.512012 0.557170
0.567492 0.546456 0.522690 0.638042 0.511226 0.555835
0.569034 0.547269 0.523802 0.639827 0.512603 0.558380
0.565996 0.546132 0.521867 0.637963 0.510825 0.555901
0.569855 0.547416 0.523976 0.639518 0.512529 0.557954
0.566885 0.546013 0.521745 0.637826 0.511208 0.555696
0.570379 0.547406 0.524346 0.640045 0.512937 0.558655
0.564022 0.545245 0.521006 0.635771 0.508733 0.552508
0.570806 0.547863 0.524629 0.641025 0.513578 0.560012
0.563310 0.545014 0.520487 0.635962 0.509194 0.552795
0.572187 0.548217 0.525496 0.641354 0.514280 0.560845
0.560398 0.543284 0.518470 0.634202 0.507250 0.550406
0.573174 0.548122 0.525782 0.641814 0.514484 0.561758
0.560976 0.543456 0.518899 0.634441 0.507671 0.550743
0.572491 0.548241 0.525824 0.641581 0.514359 0.561575
0.563987 0.545396 0.521031 0.635772 0.509092 0.553049
0.569383 0.547248 0.524060 0.639949 0.512773 0.558608
0.568258 0.546994 0.523313 0.639102 0.511902 0.557276
0.565721 0.546118 0.521737 0.637060 0.510161 0.554472
0.571348 0.547967 0.524846 0.641245 0.514360 0.560689
0.563079 0.544719 0.520187 0.635265 0.508957 0.552157
0.572550 0.547885 0.525534 0.641388 0.514375 0.561394
0.562437 0.544428 0.519832 0.635105 0.508713 0.552112
0.571871 0.547947 0.525340 0.640928 0.513743 0.560446
0.564440 0.545591 0.521236 0.636587 0.509628 0.554057
0.568752 0.547000 0.523726 0.639177 0.511875 0.557326
0.568475 0.546972 0.523222 0.638743 0.511871 0.556834
0.565909 0.545946 0.521607 0.637236 0.510744 0.554853
0.570508 0.547523 0.524679 0.639885 0.512970 0.558826
0.563296 0.545043 0.520259 0.635700 0.509182 0.552471
0.571991 0.548225 0.525384 0.641408 0.514301 0.561056
0.563092 0.545021 0.520271 0.635183 0.508511 0.552195
0.571046 0.547833 0.525016 0.640636 0.513420 0.560082
0.564793 0.545534 0.521441 0.636317 0.509486 0.553778
0.569115 0.547064 0.523733 0.639489 0.512398 0.557799
0.567533 0.546823 0.522514 0.638107 0.511344 0.556098
0.566962 0.546568 0.522270 0.637796 0.511000 0.555772
0.569192 0.547140 0.523796 0.639461 0.512394 0.557856
0.564931 0.545687 0.521378 0.636424 0.509612 0.553877
0.570655 0.547631 0.524672 0.640288 0.513109 0.559253
0.563713 0.545399 0.520835 0.635835 0.509164 0.552867
0.571462 0.547828 0.525008 0.640949 0.513883 0.560271
0.562646 0.544663 0.519963 0.635267 0.508723 0.552003
0.571964 0.548090 0.525167 0.641158 0.514216 0.560468
0.562104 0.544323 0.519688 0.635076 0.508528 0.551718
0.571746 0.548041 0.525092 0.640850 0.513917 0.560291
0.563102 0.545075 0.520337 0.635583 0.509078 0.552482
0.571045 0.547731 0.524813 0.640338 0.513346 0.559573
0.565289 0.545780 0.521474 0.636824 0.510023 0.554276
0.569216 0.547193 0.523750 0.639414 0.512445 0.557676
0.567647 0.546851 0.522932 0.638234 0.511454 0.556237
0.566759 0.546520 0.522314 0.637993 0.511139 0.555917
0.569009 0.547170 0.523786 0.639190 0.512132 0.557469
0.564864 0.545793 0.521436 0.636956 0.510115 0.554203
0.570563 0.547670 0.524670 0.640030 0.512950 0.559092
0.563018 0.544976 0.520203 0.635402 0.508865 0.552198
0.571984 0.547992 0.525384 0.641199 0.514047 0.560703
0.560697 0.543597 0.518832 0.633915 0.507060 0.550189
0.572656 0.548180 0.525603 0.641540 0.514392 0.561515
0.560255 0.543272 0.518639 0.633475 0.506769 0.549710
0.571717 0.548158 0.525270 0.641197 0.513951 0.560874
0.562716 0.544897 0.520166 0.634762 0.508267 0.551433
0.569863 0.547504 0.524083 0.639851 0.512951 0.558598
0.566926 0.546494 0.522513 0.637759 0.510903 0.555474
0.566503 0.546414 0.522046 0.637640 0.510685 0.555511
0.569579 0.547227 0.524173 0.639549 0.512510 0.558131
0.563697 0.545220 0.520784 0.636053 0.509169 0.552787
0.571757 0.548012 0.525200 0.641075 0.514070 0.560644
0.561389 0.544087 0.519397 0.634155 0.507595 0.550680
0.571927 0.548143 0.525524 0.641219 0.514158 0.560952
0.562440 0.544767 0.519941 0.634814 0.508238 0.551200
0.571314 0.547973 0.524865 0.640816 0.513767 0.560256
0.563644 0.545374 0.521077 0.635451 0.508781 0.552440
0.568342 0.547073 0.523341 0.639156 0.511791 0.557031
0.567367 0.546688 0.522759 0.638122 0.511161 0.555883
0.566385 0.546243 0.522090 0.637762 0.510894 0.555401
0.569151 0.547272 0.523896 0.639335 0.512148 0.557628
0.563288 0.545305 0.520595 0.635546 0.508738 0.552351
0.571265 0.547841 0.524924 0.640575 0.513517 0.559931
0.562171 0.544491 0.519814 0.635106 0.508381 0.551724
0.571704 0.548139 0.525463 0.640969 0.513772 0.560452
0.561060 0.543821 0.519202 0.634130 0.507394 0.550582
0.571097 0.547855 0.525004 0.640327 0.513090 0.559549
0.562252 0.544684 0.520105 0.635192 0.508428 0.551800
0.569376 0.547585 0.524231 0.639119 0.512056 0.557835
0.565683 0.546241 0.521631 0.637468 0.510520 0.554915
0.567006 0.546471 0.522589 0.637822 0.510767 0.555388
0.567698 0.546825 0.523259 0.638668 0.511535 0.556727
0.564800 0.545851 0.521709 0.636441 0.509304 0.553526
0.570120 0.547651 0.524380 0.640075 0.513002 0.558861
0.562912 0.545067 0.520318 0.635363 0.508504 0.551858
0.570768 0.547790 0.524977 0.640312 0.512993 0.559595
0.561631 0.544291 0.519612 0.634548 0.507627 0.550698
0.571965 0.548156 0.525513 0.641214 0.514109 0.560759
0.560789 0.543779 0.519074 0.633908 0.507176 0.550326
0.570624 0.547832 0.524955 0.640327 0.512745 0.559418
0.562683 0.545126 0.520304 0.635477 0.508687 0.551984
0.569844 0.547565 0.524363 0.639609 0.512520 0.558257
0.565144 0.545947 0.521566 0.636832 0.509727 0.554088
0.566527 0.546409 0.522422 0.637476 0.510343 0.555203
0.568116 0.547108 0.523258 0.638925 0.511817 0.556960
0.564813 0.545883 0.521439 0.636358 0.509415 0.553448
0.569470 0.547545 0.524065 0.640024 0.512672 0.558629
0.562526 0.544905 0.520171 0.634339 0.507929 0.550897
0.570715 0.547868 0.524671 0.640729 0.513299 0.559827
0.561897 0.544531 0.519934 0.635104 0.508098 0.551368
0.570147 0.547772 0.524839 0.639817 0.512382 0.558601
0.561587 0.544195 0.519489 0.635150 0.508415 0.551605
0.569869 0.547420 0.524499 0.639027 0.512124 0.557885
0.562904 0.545332 0.520349 0.635876 0.509198 0.552864
0.569131 0.547671 0.524085 0.640073 0.512457 0.558716
0.564506 0.545792 0.521179 0.634504 0.508385 0.552018
0.566781 0.546243 0.521980 0.638876 0.512094 0.557144
0.567178 0.546650 0.522765 0.637677 0.510657 0.555306
0.565227 0.546175 0.521877 0.636458 0.509449 0.553560
0.569290 0.547241 0.523896 0.640193 0.512719 0.558527
0.562686 0.545145 0.520314 0.634151 0.507703 0.551078
0.569440 0.547297 0.524257 0.639075 0.512070 0.557765
0.563311 0.545270 0.520303 0.637097 0.509847 0.553690
0.569282 0.547562 0.524462 0.638963 0.511699 0.557762
0.561487 0.544037 0.519488 0.634613 0.507966 0.551132
0.570453 0.547623 0.524526 0.640917 0.513517 0.559913
0.561587 0.544670 0.519505 0.633251 0.506938 0.549842
0.570414 0.547966 0.524901 0.640045 0.512693 0.558998
0.561502 0.544314 0.519410 0.635790 0.508634 0.552254
0.568274 0.546953 0.523945 0.638061 0.511148 0.556447
0.563864 0.545554 0.520857 0.636150 0.509426 0.552877
0.569164 0.547487 0.523880 0.640336 0.512966 0.558524
0.564060 0.545532 0.521144 0.634892 0.508346 0.552021
0.567285 0.546414 0.522787 0.637529 0.510490 0.555446
0.566124 0.546576 0.521884 0.637970 0.510891 0.555710
0.567167 0.546886 0.523034 0.637790 0.510440 0.555195
0.565742 0.546233 0.521967 0.637320 0.510262 0.554818
0.566316 0.546198 0.522083 0.638230 0.511325 0.556161
0.565206 0.545893 0.521723 0.635873 0.509239 0.553409
0.566310 0.546629 0.522342 0.637357 0.510202 0.555052
0.566792 0.546700 0.522487 0.638431 0.511126 0.556405
0.565758 0.546249 0.522214 0.636579 0.509565 0.553905
0.565600 0.546000 0.522031 0.636986 0.509896 0.554553
0.566224 0.546592 0.522161 0.638408 0.511127 0.556057
0.565552 0.546200 0.521846 0.636274 0.509603 0.553593
0.565517 0.545729 0.521701 0.636761 0.509645 0.554015
0.565964 0.545991 0.521841 0.637779 0.510523 0.555374
0.566446 0.546346 0.522391 0.636874 0.510084 0.554192
0.566160 0.546341 0.522202 0.637673 0.510267 0.555196
0.566231 0.546471 0.522396 0.638362 0.510939 0.556288
0.564511 0.545711 0.521394 0.635098 0.508656 0.552517
0.567048 0.546568 0.522550 0.637976 0.511001 0.555498
0.565494 0.546144 0.521641 0.637890 0.510705 0.555112
0.567684 0.546931 0.523201 0.637786 0.510876 0.555646
0.563424 0.545440 0.520584 0.635818 0.509153 0.552552
0.570081 0.547517 0.524440 0.640754 0.513240 0.559497
0.558715 0.543045 0.517959 0.631876 0.505464 0.547773
0.573207 0.548343 0.526020 0.641970 0.514257 0.561558
0.552722 0.539854 0.513178 0.629720 0.503437 0.543598
0.574667 0.548162 0.526654 0.641332 0.514079 0.563098
0.555590 0.541391 0.515862 0.629993 0.503800 0.545176
0.569710 0.547573 0.524118 0.640088 0.512803 0.558922
0.570038 0.547654 0.525053 0.639422 0.512256 0.558307
0.554297 0.541155 0.514974 0.629208 0.503238 0.543090
0.572691 0.548250 0.525738 0.642257 0.514778 0.561351
0.559959 0.543494 0.518407 0.633926 0.507216 0.549453
0.564483 0.545805 0.521298 0.636514 0.509589 0.553218
0.573329 0.548481 0.525917 0.643111 0.515583 0.562532
0.559165 0.542893 0.517720 0.632749 0.506592 0.548576
0.568009 0.546604 0.523157 0.637864 0.510958 0.556087
0.568754 0.547082 0.523739 0.639511 0.511777 0.556885
0.561315 0.544379 0.519223 0.634453 0.507492 0.549594
0.571131 0.547992 0.525598 0.641185 0.513086 0.558898
0.561738 0.544548 0.519133 0.634812 0.508271 0.550552
0.562443 0.544463 0.519783 0.634477 0.508466 0.550938
0.569625 0.547568 0.524328 0.639864 0.512565 0.558198
0.564359 0.546027 0.521457 0.637638 0.510217 0.553989
0.567822 0.547035 0.523837 0.638895 0.510886 0.555765
0.567110 0.546355 0.522676 0.637135 0.510428 0.554466
0.561273 0.544011 0.518688 0.634042 0.507793 0.549441
0.566420 0.546299 0.522559 0.637339 0.510252 0.554510
0.565936 0.546431 0.522379 0.638392 0.510641 0.555244
0.565165 0.546286 0.521829 0.638533 0.511002 0.554853
0.569068 0.546939 0.523972 0.639703 0.512049 0.556985
0.562305 0.544791 0.519910 0.634426 0.508232 0.550729
0.565028 0.545634 0.521845 0.636664 0.509674 0.553644
0.567044 0.546640 0.523263 0.638423 0.510508 0.555324
0.564591 0.545797 0.521481 0.637043 0.509455 0.553097
0.568960 0.547386 0.524039 0.639900 0.512153 0.557302
0.564192 0.545637 0.521144 0.636259 0.509694 0.552855
0.565195 0.545724 0.521616 0.637017 0.509986 0.553932
0.566625 0.546761 0.522841 0.638037 0.510591 0.555495
0.563274 0.545268 0.520920 0.635630 0.508533 0.551653
0.567307 0.546793 0.523151 0.638302 0.510665 0.555674
0.564186 0.545644 0.521231 0.636490 0.509223 0.552841
0.565762 0.546191 0.522132 0.637175 0.509976 0.554114
0.566894 0.546635 0.522814 0.638195 0.510727 0.555436
0.564438 0.545890 0.521337 0.636791 0.509812 0.553420
0.567323 0.546734 0.522907 0.638176 0.511051 0.555569
0.564009 0.545544 0.521026 0.636287 0.509384 0.552846
0.565848 0.546278 0.522447 0.637778 0.510157 0.554949
0.564765 0.545866 0.521648 0.636802 0.509385 0.553540
0.564616 0.545741 0.521417 0.636794 0.509561 0.553458
0.566520 0.546520 0.522285 0.637898 0.510659 0.555194
0.564308 0.545758 0.521219 0.636407 0.509455 0.553007
0.566447 0.546544 0.522640 0.637918 0.510621 0.555393
0.564597 0.545751 0.521444 0.636788 0.509585 0.553443
0.565950 0.546238 0.522143 0.637275 0.510246 0.554596
0.565268 0.546100 0.521792 0.637133 0.509951 0.554065
0.565133 0.545873 0.521721 0.636941 0.509851 0.553820
0.565921 0.546238 0.522089 0.637421 0.510303 0.554502
0.565013 0.545923 0.521560 0.636909 0.509927 0.554087
0.566452 0.546678 0.522530 0.637966 0.510580 0.555224
0.564506 0.545705 0.521458 0.636761 0.509623 0.553402
0.566590 0.546576 0.522754 0.637908 0.510618 0.555174
0.564131 0.545581 0.521300 0.636288 0.509353 0.552817
0.566768 0.546624 0.522621 0.638053 0.510736 0.555506
0.564173 0.545767 0.521334 0.636671 0.509552 0.553329
0.566952 0.546723 0.522934 0.638328 0.510810 0.555515
0.563995 0.545660 0.521073 0.636410 0.509356 0.552936
0.566986 0.546835 0.522950 0.638224 0.510690 0.555260
0.563470 0.545527 0.520759 0.636058 0.509049 0.552168
0.567702 0.547027 0.523529 0.638945 0.511218 0.556256
0.562745 0.545201 0.520458 0.635721 0.508714 0.551500
0.568149 0.547117 0.523783 0.639120 0.511420 0.556580
0.562228 0.544707 0.520198 0.635572 0.508432 0.551017
0.568750 0.547264 0.524121 0.639436 0.511748 0.556841
0.561138 0.544138 0.519569 0.634988 0.507885 0.550311
0.569295 0.547295 0.524497 0.639514 0.511978 0.557356
0.561138 0.544215 0.519594 0.635051 0.507832 0.550360
0.569600 0.547380 0.524726 0.640025 0.512137 0.557922
0.560702 0.543933 0.519332 0.634464 0.507518 0.549869
0.568910 0.547276 0.524110 0.639443 0.511985 0.557224
0.562439 0.544947 0.520285 0.635669 0.508583 0.551273
0.567559 0.547009 0.523636 0.638887 0.511014 0.556055
0.564192 0.545760 0.521330 0.636645 0.509510 0.553071
0.566050 0.546241 0.522090 0.637430 0.510222 0.554243
0.565092 0.546065 0.521735 0.637138 0.509748 0.553759
0.564930 0.545967 0.521698 0.637064 0.509680 0.553648
0.566670 0.546597 0.522681 0.638016 0.510681 0.555075
0.563383 0.545403 0.520850 0.636221 0.509063 0.552398
0.567130 0.546919 0.523351 0.638470 0.510718 0.555447
0.561757 0.544392 0.520005 0.635282 0.508180 0.550664
0.569671 0.547354 0.524663 0.639892 0.512356 0.557856
0.559004 0.543241 0.518103 0.633603 0.506644 0.548379
0.571270 0.547944 0.525421 0.640900 0.513081 0.559576
0.557475 0.542482 0.517290 0.632400 0.505692 0.547089
0.571814 0.548020 0.525668 0.641263 0.513492 0.560170
0.560020 0.543584 0.518719 0.634129 0.507093 0.549143
0.567763 0.547099 0.523444 0.638731 0.511123 0.555968
0.565431 0.546024 0.521780 0.637299 0.509997 0.554090
0.563331 0.545209 0.520496 0.636314 0.509183 0.552022
0.570199 0.547767 0.525033 0.640614 0.512593 0.558532
0.557534 0.542739 0.517088 0.631866 0.505329 0.546527
0.570909 0.547733 0.525064 0.640406 0.512855 0.559145
0.562244 0.544990 0.520148 0.635844 0.508912 0.551674
0.568422 0.547361 0.524255 0.639629 0.511606 0.557101
0.565387 0.546034 0.521947 0.636871 0.509569 0.553533
0.561009 0.543829 0.519074 0.634330 0.507893 0.549684
0.569293 0.547394 0.524350 0.639611 0.512219 0.557247
0.559573 0.543607 0.518726 0.634372 0.506802 0.549184
0.570416 0.547761 0.524914 0.640638 0.512703 0.558616
0.562082 0.544633 0.520114 0.635097 0.508622 0.550958
0.565860 0.546288 0.522221 0.637207 0.510253 0.554322
0.566350 0.546457 0.522816 0.637833 0.510287 0.554702
0.562858 0.545193 0.520436 0.636232 0.508828 0.551564
0.570213 0.547765 0.524959 0.640589 0.512879 0.558442
0.559613 0.543285 0.517990 0.633462 0.506981 0.548688
0.569568 0.547090 0.524181 0.639956 0.512052 0.557769
0.561927 0.544492 0.520174 0.634904 0.507952 0.550344
0.567232 0.546924 0.523436 0.638987 0.511051 0.555862
0.565976 0.546130 0.522141 0.637033 0.509930 0.554014
0.562050 0.544614 0.520060 0.635720 0.508603 0.551285
0.569391 0.547589 0.524496 0.640343 0.512285 0.557764
0.561185 0.544193 0.519380 0.634366 0.507681 0.549989
0.570682 0.547421 0.524477 0.641094 0.513348 0.559152
0.560901 0.544070 0.519263 0.633813 0.507235 0.549339
0.566635 0.546538 0.522698 0.638042 0.510268 0.554935
0.565918 0.546393 0.522267 0.637705 0.510013 0.554348
0.563110 0.544903 0.520614 0.636113 0.509071 0.551899
0.569151 0.547328 0.524213 0.639899 0.512258 0.557595
0.560371 0.543749 0.518658 0.633461 0.507065 0.548751
0.569851 0.547161 0.524530 0.640204 0.512488 0.557845
0.560837 0.543892 0.519345 0.634294 0.507398 0.549708
0.567332 0.546921 0.523340 0.638551 0.510858 0.555634
0.565740 0.546267 0.522145 0.637510 0.510191 0.554283
0.562630 0.544945 0.520432 0.635360 0.508505 0.551091
0.568627 0.546966 0.524052 0.639734 0.511864 0.556931
0.560587 0.543738 0.518847 0.634028 0.507443 0.549483
0.570169 0.547617 0.524767 0.640125 0.512630 0.558307
0.560654 0.544042 0.519502 0.634992 0.507591 0.550027
0.567409 0.546869 0.523647 0.638434 0.510816 0.555484
0.564429 0.545656 0.521220 0.636505 0.509644 0.552933
0.563593 0.545334 0.520940 0.635691 0.508958 0.551889
0.568206 0.546965 0.523862 0.639095 0.511404 0.556289
0.560344 0.543622 0.518895 0.634419 0.507472 0.549869
0.569429 0.547400 0.524547 0.639195 0.511971 0.557122
0.561042 0.544142 0.519408 0.635414 0.508076 0.550658
0.568119 0.547082 0.524055 0.639060 0.511125 0.556181
0.563819 0.545580 0.521305 0.635628 0.508968 0.552107
0.564938 0.545759 0.521332 0.636980 0.510005 0.553518
0.567092 0.546675 0.523168 0.638265 0.510733 0.555135
0.562152 0.544542 0.520062 0.635699 0.508371 0.551052
0.568692 0.547157 0.524211 0.639411 0.511680 0.556968
0.560667 0.543876 0.519216 0.634217 0.507516 0.549576
0.568335 0.546984 0.523990 0.639592 0.511702 0.556809
0.562637 0.544913 0.520130 0.634397 0.508060 0.550371
0.567358 0.546791 0.522864 0.638878 0.511419 0.556188
0.564199 0.545576 0.521182 0.636045 0.509157 0.552490
0.564886 0.545922 0.521676 0.636930 0.509691 0.553374
0.565880 0.546225 0.522297 0.637930 0.510439 0.554808
0.563525 0.545352 0.521091 0.635247 0.508529 0.551566
0.566973 0.546746 0.523056 0.638834 0.511353 0.556111
0.562730 0.545038 0.520269 0.634697 0.508279 0.550660
0.567995 0.547052 0.523340 0.639260 0.511695 0.556603
0.563157 0.545221 0.520457 0.636254 0.509200 0.551825
0.568107 0.546943 0.523933 0.638902 0.511137 0.556024
0.560614 0.543935 0.519319 0.634692 0.507440 0.549986
0.567787 0.546974 0.523540 0.637945 0.510932 0.555463
0.561878 0.544343 0.519823 0.635618 0.508327 0.551092
0.568694 0.547371 0.524088 0.639744 0.511926 0.557362
0.562057 0.544760 0.519853 0.634669 0.507957 0.550363
0.567045 0.546442 0.522902 0.638780 0.511129 0.555869
0.562485 0.544836 0.520057 0.634449 0.507843 0.550202
0.567595 0.547158 0.523362 0.639330 0.511391 0.556422
0.563743 0.545669 0.521092 0.636345 0.509369 0.552371
0.565731 0.546129 0.522200 0.637683 0.510372 0.554436
0.564071 0.545581 0.521118 0.636559 0.509298 0.552831
0.566797 0.546550 0.522831 0.637582 0.510267 0.554354
0.564257 0.545635 0.521229 0.636684 0.509693 0.552855
0.565154 0.545902 0.521827 0.636918 0.509662 0.553676
0.563652 0.545429 0.521161 0.636022 0.508938 0.552200
0.566330 0.546512 0.522638 0.638358 0.510901 0.555450
0.563210 0.545171 0.520654 0.635014 0.508763 0.551365
0.567103 0.546499 0.522555 0.638387 0.511114 0.555527
0.562767 0.545017 0.520127 0.635323 0.508511 0.550967
0.568539 0.547101 0.524321 0.639625 0.511520 0.556864
0.559594 0.543425 0.518639 0.633735 0.506729 0.548894
0.570416 0.547693 0.525056 0.640159 0.512576 0.558405
0.557092 0.542670 0.516903 0.632605 0.506114 0.546759
0.572506 0.548093 0.526031 0.641841 0.513902 0.560716
0.556584 0.542297 0.516341 0.630682 0.504546 0.545158
0.571176 0.547960 0.525048 0.641116 0.513473 0.559738
0.563554 0.545456 0.520816 0.635001 0.508674 0.551158
0.564124 0.545800 0.521510 0.637322 0.510006 0.553422
0.569130 0.547558 0.524380 0.640005 0.511949 0.557417
0.557526 0.542425 0.516475 0.630497 0.504629 0.544957
0.573132 0.548089 0.525805 0.643098 0.515734 0.562422
0.560106 0.544006 0.518746 0.633394 0.506517 0.548680
0.568285 0.547277 0.523953 0.638774 0.511102 0.556491
0.568095 0.546782 0.523117 0.639166 0.511792 0.556407
0.560335 0.543622 0.518682 0.633088 0.507010 0.548351
0.569534 0.547421 0.524933 0.640051 0.511755 0.557614
0.557995 0.542895 0.517557 0.632759 0.506007 0.547257
0.569128 0.547195 0.524036 0.639370 0.512038 0.556932
0.564238 0.545418 0.521090 0.636846 0.510124 0.553435
0.564635 0.545772 0.521148 0.635600 0.509176 0.552027
0.569817 0.547373 0.524827 0.639747 0.512141 0.557416
0.559568 0.543218 0.518469 0.633687 0.506809 0.548538
0.568073 0.547027 0.523699 0.638567 0.510943 0.555869
0.563192 0.545084 0.520822 0.636340 0.508873 0.551929
0.564897 0.545838 0.521674 0.637176 0.509658 0.553634
0.566789 0.546659 0.523080 0.638313 0.510871 0.555459
0.561482 0.544042 0.519468 0.635212 0.508327 0.550566
0.569095 0.547203 0.523973 0.639362 0.511903 0.556887
0.562536 0.545120 0.519979 0.634873 0.507896 0.550585
0.566681 0.546551 0.522603 0.638055 0.510495 0.554810
0.565936 0.546165 0.521863 0.637020 0.510047 0.553955
0.562587 0.545013 0.520573 0.635331 0.508377 0.551362
0.566362 0.546466 0.523043 0.638552 0.510552 0.555451
0.560689 0.544039 0.519502 0.634352 0.507668 0.549995
0.568724 0.547076 0.523795 0.639280 0.511879 0.556860
0.562588 0.544933 0.519816 0.634594 0.508051 0.550389
0.566862 0.546656 0.522817 0.638148 0.510543 0.555073
0.564528 0.545664 0.521482 0.636657 0.509392 0.553063
0.563968 0.545542 0.521319 0.635996 0.508986 0.552315
0.565793 0.546165 0.522502 0.637622 0.510069 0.554446
0.561831 0.544559 0.520071 0.634759 0.507811 0.550207
0.567731 0.547030 0.523462 0.638627 0.511139 0.555895
0.561436 0.544628 0.519342 0.634606 0.507779 0.550128
0.567915 0.547105 0.523762 0.639060 0.511164 0.556153
0.562721 0.545186 0.520613 0.635523 0.508512 0.551476
0.566247 0.546391 0.522581 0.637727 0.510332 0.554754
0.563730 0.545389 0.520901 0.636078 0.509001 0.552258
0.564537 0.545666 0.521268 0.636832 0.509463 0.552991
0.566305 0.546381 0.522591 0.637862 0.510414 0.554648
0.562723 0.545251 0.520448 0.635089 0.508359 0.551076
0.566550 0.546520 0.522792 0.637492 0.510232 0.554634
0.562085 0.544756 0.520183 0.635059 0.508263 0.550721
0.567965 0.547037 0.523912 0.639107 0.511081 0.556177
0.561217 0.544019 0.519485 0.634576 0.507616 0.549894
0.568199 0.546946 0.523754 0.639103 0.511461 0.556371
0.561202 0.544180 0.519290 0.634267 0.507485 0.549487
0.568086 0.546889 0.524061 0.639313 0.511292 0.556332
0.561032 0.544116 0.519312 0.633827 0.507076 0.549273
0.567557 0.546825 0.523607 0.638841 0.510973 0.555934
0.562631 0.545071 0.520525 0.635667 0.508628 0.551354
0.566769 0.546625 0.522949 0.638231 0.510546 0.555123
0.563331 0.545246 0.520656 0.635446 0.508712 0.551477
0.565288 0.545927 0.521777 0.637100 0.510065 0.553821
0.564558 0.545674 0.521529 0.636619 0.509300 0.553088
0.564208 0.545520 0.521300 0.636593 0.509077 0.552788
0.565644 0.546032 0.521899 0.637087 0.510095 0.553917
0.563387 0.545162 0.520787 0.635861 0.508913 0.551878
0.565970 0.546442 0.522657 0.637398 0.510077 0.554374
0.562184 0.544541 0.520114 0.635586 0.508321 0.550925
0.567529 0.546713 0.523578 0.638643 0.510953 0.555737
0.559983 0.543683 0.518865 0.634076 0.506894 0.549150
0.569385 0.547347 0.524427 0.639850 0.511953 0.557504
0.557615 0.542763 0.516973 0.631819 0.505694 0.546437
0.571892 0.548013 0.525378 0.641571 0.513706 0.560351
0.558390 0.543291 0.517734 0.632071 0.505650 0.546903
0.570708 0.547759 0.525011 0.641171 0.513087 0.559505
0.560833 0.544139 0.518858 0.633178 0.506888 0.548566
0.566419 0.546582 0.522215 0.638312 0.510939 0.555374
0.566408 0.546583 0.522915 0.637888 0.510159 0.554575
0.560484 0.543777 0.519133 0.634452 0.507605 0.549776
0.571123 0.547667 0.524925 0.641192 0.513331 0.559226
0.559363 0.543656 0.518136 0.632166 0.505900 0.547481
0.570709 0.547407 0.524994 0.641042 0.512876 0.559515
0.560685 0.544127 0.519031 0.633022 0.506581 0.548540
0.566049 0.546280 0.522176 0.637837 0.510322 0.554708
0.565600 0.546249 0.522526 0.637692 0.510218 0.554451
0.560003 0.543635 0.518940 0.633729 0.507088 0.548961
0.570133 0.547644 0.524670 0.640568 0.512646 0.558518
0.558389 0.542976 0.517685 0.632030 0.505625 0.546988
0.570110 0.547210 0.524764 0.640106 0.512160 0.558503
0.562790 0.544970 0.520471 0.635571 0.508381 0.551427
0.564637 0.545852 0.521398 0.635941 0.509041 0.552517
0.567109 0.546772 0.523041 0.638839 0.511431 0.556340
0.558495 0.542941 0.517579 0.632206 0.505994 0.546917
0.571636 0.547890 0.525522 0.641170 0.513110 0.559732
0.558212 0.542588 0.517622 0.632625 0.505947 0.547561
0.567999 0.546801 0.523394 0.637122 0.510410 0.555856
0.565863 0.546791 0.522403 0.638032 0.510128 0.554955
0.562327 0.545162 0.520370 0.634226 0.507506 0.550070
0.568110 0.546788 0.523687 0.639514 0.511622 0.556810
0.558133 0.542577 0.517073 0.632063 0.506050 0.546814
0.571530 0.548085 0.525677 0.641249 0.513298 0.559915
0.562055 0.544629 0.520196 0.635664 0.508283 0.551275
0.565336 0.546071 0.521945 0.636138 0.509342 0.553441
0.568177 0.546869 0.523382 0.638256 0.511146 0.556038
0.561310 0.544066 0.519604 0.634748 0.507503 0.549908
0.570068 0.547421 0.524950 0.640576 0.512227 0.558515
0.557243 0.542385 0.517020 0.631759 0.505320 0.546428
0.567941 0.546873 0.523157 0.638635 0.511319 0.556487
0.565263 0.546234 0.521890 0.636642 0.509638 0.553236
0.564022 0.545913 0.521841 0.636631 0.509013 0.552469
0.567914 0.547170 0.523634 0.638090 0.510812 0.555268
0.559607 0.543330 0.518397 0.632796 0.506394 0.547638
0.567812 0.546987 0.523606 0.639632 0.511548 0.557017
0.563801 0.545556 0.521445 0.636518 0.508845 0.552551
0.564534 0.545636 0.521615 0.636918 0.509696 0.553255
0.567282 0.546217 0.522658 0.636951 0.510423 0.554679
0.559933 0.543533 0.518933 0.633441 0.506707 0.548655
0.567893 0.547041 0.524264 0.639629 0.510860 0.556818
0.563112 0.545404 0.520862 0.635436 0.508289 0.551312
0.566609 0.546418 0.522176 0.638062 0.510803 0.555061
0.564712 0.545733 0.521275 0.635846 0.509398 0.552419
0.563256 0.545191 0.520779 0.635729 0.508651 0.551619
0.566726 0.546584 0.523067 0.638361 0.510318 0.555180
0.561350 0.544223 0.519537 0.634272 0.507413 0.549913
0.566743 0.546578 0.522544 0.638236 0.510790 0.555235
0.563622 0.545317 0.520867 0.635948 0.508839 0.551911
0.565554 0.546226 0.522427 0.637535 0.510024 0.554260
0.563833 0.545358 0.521345 0.636251 0.509096 0.552730
0.562841 0.544801 0.520576 0.635038 0.508267 0.551214
0.566539 0.546709 0.522894 0.638391 0.510753 0.555342
0.563316 0.545121 0.520560 0.635893 0.508591 0.551702
0.566687 0.546622 0.522786 0.638018 0.510428 0.554928
0.562575 0.544953 0.520324 0.634892 0.508213 0.550737
0.566621 0.546615 0.523147 0.638365 0.510415 0.555066
0.563211 0.545418 0.520795 0.635963 0.508632 0.551794
0.565265 0.545928 0.521693 0.636820 0.509723 0.553632
0.564222 0.545546 0.521142 0.636649 0.509358 0.552607
0.564798 0.545822 0.521494 0.636233 0.509237 0.553036
0.564712 0.545731 0.521707 0.636941 0.509570 0.553406
0.564181 0.545585 0.521341 0.635847 0.508978 0.552254
0.565443 0.546077 0.522202 0.637765 0.510155 0.554388
0.563759 0.545425 0.520894 0.635638 0.508885 0.551874
0.565822 0.546279 0.522095 0.637889 0.510313 0.554527
0.562809 0.545070 0.520267 0.634927 0.508090 0.550947
0.566259 0.546541 0.522825 0.638401 0.510695 0.555315
0.562181 0.544910 0.520058 0.634595 0.507985 0.550476
0.567206 0.546810 0.523343 0.638987 0.511237 0.556174
0.560895 0.543985 0.519281 0.633421 0.506872 0.548761
0.569115 0.547274 0.524269 0.640055 0.512087 0.557649
0.559114 0.543468 0.518134 0.632457 0.506198 0.547598
0.570509 0.547725 0.524748 0.640906 0.513005 0.559132
0.558387 0.542997 0.517684 0.632218 0.505897 0.546964
0.570674 0.547924 0.524993 0.640609 0.512845 0.559142
0.559684 0.543659 0.518363 0.633210 0.506608 0.548512
0.568270 0.546978 0.523592 0.639012 0.511424 0.556389
0.564300 0.545496 0.521352 0.636614 0.509345 0.552718
0.563712 0.545353 0.520996 0.635570 0.508713 0.551899
0.567734 0.546924 0.523743 0.639319 0.511482 0.556698
0.560485 0.543666 0.518740 0.632851 0.506456 0.548188
0.570006 0.547593 0.524606 0.640757 0.512626 0.558587
0.559573 0.543526 0.518545 0.632460 0.506132 0.547806
0.569239 0.547336 0.524346 0.640251 0.512058 0.557926
0.561257 0.544082 0.519301 0.633864 0.507142 0.549253
0.565967 0.546162 0.522440 0.637993 0.510506 0.554761
0.564168 0.545699 0.521362 0.636316 0.509178 0.552723
0.563009 0.544829 0.520240 0.635207 0.508468 0.551140
0.567679 0.546779 0.523388 0.639146 0.511414 0.556413
0.560374 0.543592 0.519130 0.633446 0.506631 0.548970
0.569157 0.547381 0.524429 0.640085 0.511882 0.557519
0.560258 0.543653 0.518766 0.633539 0.506840 0.548850
0.568712 0.547160 0.523939 0.639293 0.511573 0.556804
0.561244 0.543989 0.519457 0.635181 0.507838 0.550404
0.566844 0.546563 0.522903 0.637169 0.510114 0.554421
0.564110 0.545373 0.521070 0.637425 0.509994 0.553698
0.564686 0.545851 0.521243 0.635127 0.508631 0.551958
0.565857 0.546204 0.522231 0.638573 0.511110 0.555430
0.563653 0.545312 0.520857 0.635437 0.508595 0.551773
0.567402 0.546887 0.523351 0.638670 0.510882 0.555849
0.561281 0.543899 0.519620 0.635359 0.507961 0.550559
0.567735 0.546849 0.523326 0.637028 0.510509 0.554995
0.561457 0.544054 0.519595 0.635771 0.508025 0.551003
0.567010 0.546786 0.523394 0.637921 0.510340 0.555348
0.562131 0.544630 0.519921 0.634769 0.507984 0.550478
0.566435 0.546579 0.522404 0.638686 0.511139 0.555641
0.563329 0.545213 0.520664 0.634237 0.507496 0.550806
0.565899 0.546210 0.522271 0.638638 0.511239 0.555392
0.564589 0.545798 0.521299 0.636000 0.509035 0.552685
0.564428 0.545699 0.521424 0.636156 0.509182 0.552830
0.564985 0.545931 0.521797 0.637666 0.510287 0.554142
0.564405 0.545587 0.521105 0.635026 0.508498 0.551668
0.565701 0.546045 0.521675 0.637988 0.511013 0.554902
0.563795 0.545539 0.520790 0.635504 0.508699 0.551835
0.565507 0.546261 0.522482 0.637597 0.509839 0.554316
0.563013 0.544905 0.520554 0.636470 0.508993 0.552152
0.567106 0.546888 0.522487 0.636849 0.510215 0.554331
0.562463 0.544255 0.519993 0.636403 0.508817 0.551841
0.568331 0.546968 0.523756 0.638920 0.511298 0.556353
0.560066 0.543465 0.518854 0.632993 0.506397 0.548609
0.569181 0.547424 0.524163 0.640471 0.512495 0.558355
0.558527 0.543250 0.517609 0.631535 0.505064 0.546152
0.571264 0.547962 0.524925 0.641724 0.513921 0.559920
0.557784 0.542682 0.516920 0.631770 0.505512 0.546379
0.570269 0.547746 0.525027 0.640062 0.512155 0.558654
0.561805 0.544534 0.519874 0.636212 0.508750 0.551785
0.567068 0.546801 0.522626 0.637423 0.510523 0.554302
0.564894 0.545723 0.521428 0.636687 0.509370 0.553174
0.562509 0.544341 0.520226 0.635790 0.508219 0.551229
0.569890 0.547390 0.525056 0.640090 0.511873 0.558053
0.557003 0.542498 0.517055 0.632083 0.505166 0.546691
0.569546 0.547098 0.524028 0.638610 0.511888 0.557137
0.562299 0.544658 0.520061 0.634829 0.508220 0.550227
0.568337 0.547225 0.524170 0.639723 0.511245 0.556876
0.562976 0.545091 0.520223 0.634365 0.507679 0.550734
0.560902 0.543576 0.519137 0.634966 0.508012 0.550406
0.566892 0.546780 0.523498 0.639013 0.510772 0.555963
0.562291 0.544599 0.520232 0.634948 0.508112 0.550735
0.569793 0.547237 0.524193 0.640452 0.512954 0.558337
0.558631 0.542936 0.517910 0.631819 0.505645 0.547236
0.566208 0.546434 0.522568 0.637848 0.510408 0.554887
0.565715 0.546425 0.522613 0.637911 0.510479 0.554789
0.563370 0.545151 0.520879 0.634951 0.508001 0.551244
0.566263 0.546214 0.522394 0.638143 0.510979 0.555203
0.561976 0.544370 0.519679 0.634849 0.508208 0.550460
0.568177 0.546962 0.524099 0.639083 0.511043 0.556347
0.561237 0.543976 0.519601 0.635315 0.507656 0.550343
0.568020 0.546858 0.523264 0.638249 0.511191 0.555624
0.562696 0.544889 0.520334 0.635798 0.508477 0.551479
0.565503 0.546051 0.522177 0.637689 0.510089 0.554277
0.564965 0.545781 0.521813 0.636642 0.509636 0.553554
0.563605 0.545225 0.520952 0.636444 0.509186 0.552628
0.566977 0.546576 0.523003 0.637413 0.510359 0.554721
0.562508 0.544658 0.520034 0.635612 0.508498 0.551028
0.567089 0.546807 0.523310 0.638681 0.510945 0.555958
0.561467 0.544204 0.519750 0.633814 0.507017 0.549473
0.567486 0.546729 0.523307 0.639086 0.511331 0.556404
0.561666 0.544537 0.519478 0.633859 0.507413 0.549390
0.566036 0.546332 0.522287 0.638086 0.510468 0.554824
0.562758 0.545057 0.520320 0.635548 0.508378 0.551522
0.565990 0.546168 0.522468 0.637259 0.510145 0.554326
0.564223 0.545548 0.520986 0.636729 0.509337 0.552903
0.564428 0.545923 0.521283 0.635649 0.508824 0.552310
0.564557 0.545825 0.521525 0.636964 0.509451 0.553305
0.565019 0.546045 0.521841 0.637091 0.509871 0.553534
0.564800 0.545883 0.521678 0.636643 0.509595 0.553305
0.563987 0.545471 0.520996 0.636552 0.509270 0.552785
0.565454 0.546114 0.521855 0.636438 0.509578 0.553292
0.563961 0.545497 0.521196 0.636919 0.509262 0.553005
0.565484 0.546071 0.522110 0.637145 0.509739 0.553918
0.562884 0.544968 0.520282 0.635988 0.508736 0.551619
0.566544 0.546612 0.522843 0.638339 0.510630 0.555470
0.561249 0.544113 0.519350 0.633971 0.507096 0.549289
0.568888 0.547175 0.524085 0.639960 0.511988 0.557555
0.558032 0.543166 0.517785 0.631988 0.505489 0.546710
0.571525 0.548043 0.525245 0.641468 0.513367 0.560096
0.556096 0.542276 0.515966 0.630760 0.504365 0.544948
0.572190 0.548104 0.525822 0.641756 0.513699 0.560568
0.558847 0.543139 0.517966 0.632901 0.506193 0.547658
0.567998 0.546846 0.523657 0.639102 0.510940 0.556564
0.565068 0.546251 0.521635 0.637014 0.509579 0.553560
0.561378 0.543996 0.519539 0.634627 0.507810 0.550077
0.571241 0.547671 0.525296 0.640976 0.513055 0.559468
0.556448 0.542483 0.516647 0.630508 0.504298 0.545290
0.570645 0.547235 0.525053 0.640287 0.512575 0.559344
0.562212 0.544690 0.520181 0.635107 0.508176 0.550899
0.564886 0.545938 0.521550 0.636645 0.509385 0.553159
0.567777 0.546692 0.523261 0.638348 0.510831 0.555816
0.556778 0.542532 0.516907 0.631555 0.505080 0.545895
0.570702 0.547444 0.525148 0.640457 0.512387 0.559122
0.558800 0.542847 0.518011 0.632593 0.506117 0.547866
0.568169 0.546625 0.523590 0.638682 0.511192 0.556580
0.564862 0.545929 0.521589 0.636175 0.509285 0.552897
0.562028 0.544335 0.519938 0.635317 0.508147 0.550627
0.569842 0.547565 0.524771 0.640119 0.512122 0.557855
0.556531 0.542542 0.516843 0.630834 0.504351 0.545524
0.570428 0.547292 0.524946 0.640134 0.512435 0.558709
0.562983 0.545024 0.520748 0.635331 0.508488 0.551602
0.563147 0.545146 0.520764 0.635920 0.508569 0.551892
0.568059 0.546729 0.523306 0.638627 0.511218 0.556111
0.559882 0.543614 0.518727 0.634174 0.506675 0.549047
0.569096 0.547418 0.524580 0.639771 0.511434 0.557633
0.559857 0.543349 0.518779 0.632985 0.506038 0.548788
0.566335 0.546124 0.522537 0.637871 0.510423 0.555421
0.565830 0.546333 0.522565 0.636853 0.509696 0.554017
0.562374 0.544632 0.520326 0.635916 0.508152 0.551352
0.562915 0.545201 0.520568 0.636117 0.508479 0.551850
0.564128 0.545696 0.521241 0.636519 0.509003 0.552792
0.565196 0.546095 0.522027 0.636784 0.509514 0.553593
0.566019 0.546265 0.522580 0.637068 0.509819 0.554235
0.566021 0.546398 0.522619 0.637027 0.509902 0.554352
0.565718 0.546170 0.522322 0.636920 0.509768 0.554066
0.564821 0.545839 0.521806 0.636561 0.509377 0.553409
0.563946 0.545479 0.521323 0.636353 0.508895 0.552755
0.563235 0.545299 0.520947 0.636153 0.508807 0.552337
0.563212 0.545185 0.520910 0.636116 0.508683 0.552161
0.563404 0.545345 0.521036 0.636377 0.508826 0.552542
0.564129 0.545636 0.521423 0.636688 0.509144 0.553016
0.564833 0.545777 0.521963 0.636811 0.509563 0.553604
0.565222 0.546049 0.522152 0.636908 0.509639 0.553884
0.565299 0.546174 0.522221 0.636843 0.509632 0.553948
0.565092 0.545897 0.522023 0.636677 0.509540 0.553728
0.564629 0.545774 0.521729 0.636358 0.509419 0.553221
0.564113 0.545566 0.521304 0.636322 0.509128 0.552720
0.563621 0.545343 0.521031 0.636346 0.508894 0.552437
0.563517 0.545358 0.520985 0.636340 0.508850 0.552366
0.563821 0.545504 0.521091 0.636409 0.508982 0.552479
0.564316 0.545693 0.521375 0.636573 0.509187 0.552826
0.564648 0.545941 0.521735 0.636696 0.509444 0.553263
0.564938 0.545996 0.521817 0.636792 0.509471 0.553552
0.564984 0.546037 0.521937 0.636759 0.509604 0.553658
0.564821 0.545916 0.521795 0.636732 0.509494 0.553480
0.564579 0.545863 0.521800 0.636613 0.509363 0.553270
0.564419 0.545709 0.521541 0.636344 0.509192 0.552973
0.564172 0.545627 0.521371 0.636362 0.508991 0.552764
0.564079 0.545545 0.521300 0.636378 0.508938 0.552734
0.564147 0.545651 0.521346 0.636449 0.509028 0.552866
0.564371 0.545751 0.521452 0.636369 0.509201 0.552969
0.564548 0.545722 0.521647 0.636500 0.509327 0.553175
0.564624 0.545781 0.521768 0.636642 0.509429 0.553358
0.564616 0.545798 0.521767 0.636672 0.509482 0.553374
0.564500 0.545810 0.521661 0.636553 0.509398 0.553214
0.564415 0.545825 0.521505 0.636402 0.509282 0.553002
0.564292 0.545676 0.521443 0.636471 0.509205 0.552951
0.564208 0.545659 0.521287 0.636539 0.509144 0.552817
0.564217 0.545654 0.521292 0.636542 0.509144 0.552841
0.564343 0.545679 0.521402 0.636481 0.509212 0.552986
0.564446 0.545798 0.521535 0.636434 0.509291 0.553016
0.564524 0.545794 0.521579 0.636525 0.509355 0.553169
0.564583 0.545794 0.521596 0.636547 0.509348 0.553275
0.564564 0.545810 0.521604 0.636526 0.509354 0.553256
0.564511 0.545771 0.521590 0.636468 0.509343 0.553140
0.564432 0.545785 0.521602 0.636447 0.509331 0.552993
0.564406 0.545762 0.521548 0.636391 0.509251 0.552922
0.564407 0.545819 0.521499 0.636444 0.509226 0.552970
0.564439 0.545826 0.521527 0.636496 0.509241 0.552961
0.564444 0.545770 0.521541 0.636482 0.509269 0.552990
0.564440 0.545811 0.521546 0.636526 0.509340 0.553107
0.564523 0.545807 0.521570 0.636553 0.509358 0.553182
0.564515 0.545811 0.521561 0.636534 0.509365 0.553171
0.564442 0.545790 0.521543 0.636486 0.509374 0.553118
0.564427 0.545793 0.521513 0.636430 0.509294 0.552993
0.564434 0.545822 0.521564 0.636423 0.509279 0.552943
0.564417 0.545816 0.521532 0.636471 0.509245 0.552951
0.564445 0.545811 0.521561 0.636484 0.509270 0.552936
0.564428 0.545795 0.521588 0.636446 0.509285 0.552977
0.564437 0.545819 0.521581 0.636485 0.509353 0.553019
0.564508 0.545785 0.521593 0.636509 0.509346 0.553124
0.564515 0.545808 0.521600 0.636518 0.509330 0.553177
0.564537 0.545805 0.521600 0.636523 0.509355 0.553146
0.564480 0.545799 0.521616 0.636556 0.509353 0.553102
0.564499 0.545847 0.521614 0.636545 0.509337 0.553028
0.564479 0.545842 0.521615 0.636512 0.509297 0.552995
0.564488 0.545844 0.521607 0.636506 0.509291 0.553002
0.564496 0.545849 0.521598 0.636523 0.509306 0.553025
0.564480 0.545801 0.521593 0.636556 0.509337 0.553044
0.564480 0.545787 0.521591 0.636564 0.509362 0.553105
0.564493 0.545798 0.521574 0.636594 0.509365 0.553159
0.564511 0.545803 0.521590 0.636602 0.509377 0.553125
0.564518 0.545816 0.521612 0.636583 0.509377 0.553082
0.564508 0.545804 0.521588 0.636558 0.509390 0.553066
0.564527 0.545823 0.521564 0.636564 0.509397 0.553057
0.564525 0.545841 0.521552 0.636564 0.509384 0.553050
0.564535 0.545805 0.521593 0.636569 0.509384 0.553057
0.564539 0.545809 0.521605 0.636601 0.509378 0.553074
0.564536 0.545808 0.521608 0.636628 0.509405 0.553103
0.564539 0.545794 0.521574 0.636629 0.509418 0.553130
0.564545 0.545797 0.521578 0.636619 0.509424 0.553126
0.564536 0.545801 0.521574 0.636619 0.509412 0.553127
0.564543 0.545811 0.521591 0.636608 0.509390 0.553094
0.564551 0.545807 0.521562 0.636618 0.509390 0.553087
0.564564 0.545821 0.521571 0.636612 0.509387 0.553084
0.564549 0.545821 0.521567 0.636617 0.509365 0.553095
0.564551 0.545839 0.521571 0.636604 0.509352 0.553105
0.564542 0.545834 0.521583 0.636591 0.509365 0.553101
0.564532 0.545837 0.521575 0.636600 0.509402 0.553104
0.564526 0.545828 0.521587 0.636605 0.509399 0.553114
0.564532 0.545820 0.521583 0.636608 0.509389 0.553101
0.564538 0.545834 0.521575 0.636618 0.509368 0.553098
0.564536 0.545843 0.521571 0.636615 0.509374 0.553088
0.564539 0.545852 0.521579 0.636596 0.509387 0.553078
0.564539 0.545848 0.521579 0.636604 0.509390 0.553074
0.564527 0.545853 0.521583 0.636604 0.509387 0.553088
0.564523 0.545860 0.521583 0.636604 0.509386 0.553111
0.564535 0.545860 0.521579 0.636599 0.509377 0.553125
0.564526 0.545856 0.521579 0.636594 0.509380 0.553125
0.564524 0.545856 0.521587 0.636591 0.509380 0.553095
0.564540 0.545861 0.521576 0.636575 0.509377 0.553102
0.564544 0.545853 0.521568 0.636580 0.509377 0.553095
0.564547 0.545862 0.521576 0.636572 0.509374 0.553082
0.564550 0.545870 0.521581 0.636561 0.509374 0.553079
0.564550 0.545865 0.521585 0.636561 0.509374 0.553093
0.564547 0.545870 0.521593 0.636566 0.509387 0.553085
0.564544 0.545875 0.521589 0.636574 0.509387 0.553075
0.564538 0.545884 0.521593 0.636566 0.509384 0.553058
0.564541 0.545884 0.521585 0.636555 0.509384 0.553055
0.564548 0.545880 0.521585 0.636542 0.509365 0.553062
0.564548 0.545875 0.521585 0.636542 0.509365 0.553062
0.564551 0.545875 0.521589 0.636542 0.509374 0.553069
0.564545 0.545862 0.521593 0.636560 0.509374 0.553062
0.564551 0.545867 0.521593 0.636555 0.509378 0.553055
0.564545 0.545854 0.521593 0.636547 0.509374 0.553062
0.564543 0.545863 0.521593 0.636542 0.509356 0.553065
0.564549 0.545855 0.521577 0.636542 0.509349 0.553072
0.564554 0.545850 0.521581 0.636550 0.509343 0.553072
0.564539 0.545859 0.521593 0.636558 0.509343 0.553079
0.564529 0.545847 0.521585 0.636558 0.509321 0.553085
0.564518 0.545847 0.521585 0.636560 0.509321 0.553090
0.564518 0.545847 0.521589 0.636560 0.509315 0.553083
0.564524 0.545843 0.521597 0.636560 0.509315 0.553086
0.564529 0.545843 0.521589 0.636565 0.509334 0.553086
0.564538 0.545843 0.521581 0.636557 0.509337 0.553090
0.564538 0.545838 0.521581 0.636557 0.509331 0.553083
0.564543 0.545834 0.521569 0.636549 0.509331 0.553087
0.564543 0.545829 0.521569 0.636549 0.509337 0.553083
0.564543 0.545829 0.521569 0.636557 0.509337 0.553076
0.564534 0.545838 0.521577 0.636562 0.509334 0.553076
0.564534 0.545847 0.521577 0.636546 0.509331 0.553066
0.564534 0.545842 0.521581 0.636538 0.509327 0.553066
0.564531 0.545821 0.521565 0.636538 0.509343 0.553066
0.564531 0.545825 0.521557 0.636557 0.509337 0.553076
0.564528 0.545825 0.521557 0.636554 0.509340 0.553083
0.564525 0.545825 0.521553 0.636546 0.509340 0.553087
0.564525 0.545821 0.521545 0.636543 0.509346 0.553080
0.564528 0.545813 0.521545 0.636556 0.509352 0.553077
0.564528 0.545817 0.521540 0.636564 0.509355 0.553077
0.564525 0.545821 0.521548 0.636559 0.509352 0.553066
0.564530 0.545821 0.521553 0.636564 0.509343 0.553066
0.564519 0.545821 0.521553 0.636556 0.509343 0.553088
0.564516 0.545830 0.521536 0.636556 0.509343 0.553075
0.564510 0.545830 0.521532 0.636564 0.509340 0.553068
0.564510 0.545835 0.521520 0.636570 0.509337 0.553061
0.564520 0.545839 0.521515 0.636570 0.509343 0.553058
0.564522 0.545835 0.521511 0.636570 0.509343 0.553068
0.564513 0.545835 0.521515 0.636570 0.509349 0.553062
0.564513 0.545835 0.521511 0.636567 0.509340 0.553069
0.564519 0.545835 0.521503 0.636559 0.509343 0.553069
0.564519 0.545835 0.521503 0.636559 0.509349 0.553069
0.564513 0.545844 0.521511 0.636559 0.509340 0.553059
0.564513 0.545826 0.521507 0.636551 0.509331 0.553065
0.564519 0.545830 0.521499 0.636564 0.509340 0.553072
0.564519 0.545822 0.521503 0.636564 0.509346 0.553058
0.564510 0.545827 0.521499 0.636543 0.509340 0.553058
0.564499 0.545819 0.521495 0.636553 0.509337 0.553041
0.564496 0.545814 0.521495 0.636545 0.509331 0.553041
0.564493 0.545819 0.521495 0.636550 0.509327 0.553049
0.564490 0.545819 0.521503 0.636550 0.509327 0.553052
0.564490 0.545822 0.521503 0.636550 0.509321 0.553045
0.564490 0.545822 0.521499 0.636535 0.509337 0.553045
0.564490 0.545822 0.521491 0.636530 0.509337 0.553041
0.564490 0.545818 0.521491 0.636535 0.509343 0.553037
0.564490 0.545822 0.521495 0.636535 0.509343 0.553045
0.564493 0.545814 0.521495 0.636540 0.509337 0.553049
0.564500 0.545810 0.521483 0.636532 0.509327 0.553060
0.564485 0.545815 0.521475 0.636526 0.509324 0.553057
0.564474 0.545819 0.521479 0.636534 0.509327 0.553054
0.564474 0.545824 0.521462 0.636548 0.509331 0.553057
0.564474 0.545819 0.521471 0.636553 0.509343 0.553050
0.564468 0.545824 0.521475 0.636550 0.509318 0.553040
0.564474 0.545824 0.521475 0.636542 0.509318 0.553033
0.564480 0.545824 0.521475 0.636548 0.509331 0.553030
0.564484 0.545828 0.521484 0.636548 0.509315 0.553033
0.564475 0.545816 0.521488 0.636539 0.509318 0.553029
0.564472 0.545791 0.521484 0.636561 0.509328 0.553022
0.564478 0.545782 0.521484 0.636561 0.509334 0.553023
0.564475 0.545785 0.521496 0.636561 0.509321 0.553027
0.564481 0.545785 0.521496 0.636561 0.509315 0.553027
0.564481 0.545776 0.521480 0.636556 0.509321 0.553030
0.564493 0.545785 0.521476 0.636548 0.509318 0.553023
0.564489 0.545781 0.521480 0.636548 0.509312 0.553020
0.564507 0.545776 0.521476 0.636572 0.509315 0.553020
0.564489 0.545768 0.521476 0.636575 0.509321 0.553020
0.564465 0.545768 0.521484 0.636580 0.509315 0.553020
0.564445 0.545773 0.521488 0.636561 0.509306 0.553020
0.564442 0.545760 0.521496 0.636574 0.509312 0.553020
0.564455 0.545764 0.521496 0.636582 0.509312 0.553009
0.564449 0.545764 0.521488 0.636577 0.509318 0.553005
0.564458 0.545764 0.521501 0.636566 0.509318 0.553012
0.564464 0.545756 0.521497 0.636582 0.509328 0.553001
0.564464 0.545756 0.521492 0.636580 0.509334 0.553001
0.564464 0.545764 0.521484 0.636580 0.509331 0.553001
0.564452 0.545756 0.521472 0.636590 0.509315 0.553005
0.564446 0.545756 0.521464 0.636595 0.509315 0.552998
0.564446 0.545748 0.521468 0.636579 0.509315 0.552998
0.564446 0.545748 0.521468 0.636579 0.509315 0.552998
0.564450 0.545748 0.521484 0.636587 0.509315 0.552995
0.564455 0.545748 0.521484 0.636590 0.509315 0.552995
0.564455 0.545760 0.521484 0.636585 0.509322 0.553002
0.564450 0.545757 0.521489 0.636590 0.509325 0.552998
0.564462 0.545770 0.521497 0.636598 0.509322 0.552995
0.564459 0.545765 0.521505 0.636582 0.509315 0.552988
0.564459 0.545765 0.521513 0.636582 0.509322 0.553001
0.564462 0.545770 0.521513 0.636582 0.509322 0.553001
0.564456 0.545760 0.521505 0.636598 0.509325 0.553016
0.564453 0.545760 0.521501 0.636598 0.509331 0.553001
0.564455 0.545777 0.521492 0.636606 0.509331 0.553005
0.564459 0.545777 0.521496 0.636606 0.509331 0.553001
0.564459 0.545790 0.521501 0.636606 0.509331 0.553008
0.564459 0.545782 0.521505 0.636606 0.509334 0.552995
0.564453 0.545782 0.521505 0.636606 0.509325 0.552998
0.564459 0.545794 0.521497 0.636606 0.509328 0.552992
0.564455 0.545799 0.521492 0.636598 0.509334 0.553005
0.564450 0.545799 0.521501 0.636598 0.509331 0.553011
0.564450 0.545791 0.521492 0.636590 0.509331 0.552992
0.564450 0.545766 0.521489 0.636582 0.509334 0.552985
0.564450 0.545745 0.521472 0.636566 0.509334 0.552985
0.564457 0.545750 0.521472 0.636566 0.509328 0.552979
0.564451 0.545754 0.521472 0.636566 0.509313 0.552989
0.564454 0.545767 0.521476 0.636558 0.509313 0.552982
0.564448 0.545767 0.521485 0.636587 0.509316 0.552976
0.564452 0.545762 0.521477 0.636587 0.509316 0.552972
0.564437 0.545779 0.521481 0.636558 0.509313 0.552985
0.564428 0.545771 0.521477 0.636558 0.509313 0.552988
0.564434 0.545771 0.521501 0.636571 0.509309 0.552982
0.564440 0.545758 0.521481 0.636563 0.509306 0.552982
0.564425 0.545763 0.521473 0.636563 0.509297 0.552989
0.564423 0.545767 0.521473 0.636563 0.509297 0.552990
0.564420 0.545776 0.521481 0.636563 0.509306 0.552994
0.564414 0.545763 0.521477 0.636563 0.509303 0.552990
0.564410 0.545754 0.521489 0.636555 0.509310 0.552994
0.564414 0.545754 0.521481 0.636555 0.509316 0.552994
0.564419 0.545750 0.521473 0.636550 0.509316 0.552998
0.564425 0.545754 0.521468 0.636558 0.509316 0.552994
0.564434 0.545749 0.521485 0.636563 0.509316 0.553001
0.564430 0.545741 0.521481 0.636563 0.509316 0.553004
0.564413 0.545745 0.521481 0.636555 0.509313 0.552998
0.564413 0.545737 0.521485 0.636555 0.509322 0.552991
0.564410 0.545742 0.521489 0.636555 0.509310 0.552988
0.564421 0.545745 0.521485 0.636558 0.509310 0.552994
0.564430 0.545754 0.521485 0.636553 0.509322 0.552994
0.564426 0.545771 0.521485 0.636553 0.509328 0.552994
0.564424 0.545771 0.521485 0.636553 0.509328 0.552984
0.564430 0.545771 0.521489 0.636566 0.509319 0.552984
0.564434 0.545763 0.521481 0.636563 0.509310 0.552977
0.564434 0.545763 0.521481 0.636563 0.509297 0.552985
0.564427 0.545763 0.521481 0.636553 0.509307 0.552988
0.564437 0.545763 0.521497 0.636574 0.509307 0.552985
0.564434 0.545763 0.521493 0.636590 0.509313 0.552985
0.564427 0.545767 0.521485 0.636590 0.509316 0.552988
0.564417 0.545754 0.521480 0.636590 0.509322 0.552995
0.564414 0.545754 0.521476 0.636577 0.509310 0.552999
0.564417 0.545771 0.521476 0.636577 0.509310 0.552985
0.564409 0.545776 0.521480 0.636577 0.509307 0.552978
0.564400 0.545772 0.521481 0.636582 0.509307 0.552978
0.564400 0.545767 0.521489 0.636571 0.509307 0.552985
0.564401 0.545758 0.521481 0.636587 0.509310 0.552985
0.564401 0.545763 0.521477 0.636590 0.509313 0.552981
0.564406 0.545754 0.521485 0.636598 0.509316 0.552988
0.564403 0.545763 0.521481 0.636577 0.509316 0.552995
0.564409 0.545763 0.521473 0.636585 0.509313 0.552995
0.564400 0.545763 0.521481 0.636590 0.509313 0.552995
0.564403 0.545763 0.521473 0.636590 0.509316 0.552988
0.564407 0.545764 0.521481 0.636577 0.509307 0.552975
0.564401 0.545773 0.521486 0.636558 0.509301 0.552965
0.564407 0.545777 0.521490 0.636555 0.509297 0.552965
0.564413 0.545776 0.521485 0.636558 0.509297 0.552968
0.564410 0.545772 0.521485 0.636566 0.509297 0.552968
0.564405 0.545782 0.521485 0.636574 0.509297 0.552964
0.564405 0.545782 0.521473 0.636563 0.509282 0.552961
0.564421 0.545786 0.521473 0.636568 0.509294 0.552968
0.564420 0.545777 0.521481 0.636568 0.509297 0.552975
0.564429 0.545781 0.521477 0.636577 0.509307 0.552974
0.564422 0.545789 0.521477 0.636577 0.509300 0.552981
0.564414 0.545781 0.521477 0.636569 0.509288 0.552963
0.564414 0.545781 0.521490 0.636561 0.509288 0.552953
0.564410 0.545781 0.521502 0.636569 0.509282 0.552966
0.564416 0.545776 0.521493 0.636574 0.509282 0.552956
0.564419 0.545776 0.521481 0.636558 0.509279 0.552940
0.564411 0.545790 0.521470 0.636558 0.509282 0.552940
0.564417 0.545790 0.521478 0.636566 0.509275 0.552929
0.564417 0.545785 0.521481 0.636566 0.509279 0.552936
0.564417 0.545785 0.521481 0.636561 0.509275 0.552936
0.564417 0.545790 0.521481 0.636558 0.509279 0.552936
0.564417 0.545795 0.521481 0.636558 0.509275 0.552943
0.564417 0.545798 0.521473 0.636571 0.509279 0.552943
0.564417 0.545798 0.521481 0.636563 0.509275 0.552943
0.564417 0.545790 0.521473 0.636550 0.509269 0.552936
0.564411 0.545790 0.521473 0.636547 0.509272 0.552929
0.564405 0.545790 0.521474 0.636552 0.509263 0.552929
0.564405 0.545782 0.521494 0.636560 0.509260 0.552936
0.564411 0.545782 0.521478 0.636555 0.509263 0.552943
0.564405 0.545773 0.521478 0.636544 0.509266 0.552929
0.564405 0.545773 0.521486 0.636555 0.509260 0.552929
0.564408 0.545790 0.521486 0.636560 0.509257 0.552942
0.564402 0.545785 0.521494 0.636568 0.509260 0.552935
0.564409 0.545786 0.521494 0.636555 0.509250 0.552932
0.564403 0.545778 0.521490 0.636544 0.509250 0.552932
0.564409 0.545778 0.521498 0.636531 0.509250 0.552932
0.564403 0.545778 0.521490 0.636531 0.509244 0.552932
0.564409 0.545770 0.521494 0.636536 0.509244 0.552925
0.564414 0.545770 0.521502 0.636531 0.509244 0.552925
0.564429 0.545770 0.521510 0.636526 0.509244 0.552939
0.564426 0.545770 0.521502 0.636520 0.509247 0.552932
0.564414 0.545770 0.521478 0.636531 0.509244 0.552925
0.564423 0.545770 0.521478 0.636523 0.509244 0.552925
0.564435 0.545770 0.521478 0.636509 0.509244 0.552921
0.564435 0.545770 0.521478 0.636509 0.509244 0.552932
0.564429 0.545770 0.521486 0.636509 0.509241 0.552925
0.564435 0.545770 0.521486 0.636509 0.509241 0.552921
0.564435 0.545770 0.521486 0.636509 0.509241 0.552921
0.564435 0.545770 0.521494 0.636509 0.509235 0.552921
0.564442 0.545761 0.521490 0.636509 0.509232 0.552921
0.564447 0.545761 0.521490 0.636499 0.509241 0.552925
0.564445 0.545757 0.521498 0.636507 0.509244 0.552932
0.564435 0.545757 0.521498 0.636507 0.509247 0.552932
0.564441 0.545765 0.521503 0.636507 0.509241 0.552925
0.564441 0.545748 0.521503 0.636507 0.509244 0.552933
0.564438 0.545748 0.521503 0.636507 0.509235 0.552929
0.564433 0.545739 0.521498 0.636507 0.509225 0.552933
0.564442 0.545744 0.521498 0.636512 0.509238 0.552926
0.564442 0.545739 0.521498 0.636512 0.509238 0.552919
0.564428 0.545744 0.521498 0.636512 0.509235 0.552919
0.564433 0.545752 0.521498 0.636507 0.509229 0.552922
0.564433 0.545752 0.521494 0.636512 0.509229 0.552915
0.564437 0.545757 0.521494 0.636517 0.509219 0.552912
0.564437 0.545753 0.521490 0.636512 0.509216 0.552916
0.564437 0.545761 0.521486 0.636507 0.509226 0.552923
0.564433 0.545757 0.521490 0.636507 0.509219 0.552916
0.564428 0.545757 0.521490 0.636507 0.509216 0.552920
0.564418 0.545757 0.521494 0.636507 0.509229 0.552920
0.564428 0.545744 0.521498 0.636512 0.509226 0.552924
0.564440 0.545744 0.521507 0.636507 0.509223 0.552927
0.564452 0.545744 0.521507 0.636507 0.509232 0.552927
0.564449 0.545744 0.521507 0.636507 0.509216 0.552927
0.564449 0.545758 0.521498 0.636507 0.509219 0.552931
0.564437 0.545766 0.521498 0.636507 0.509207 0.552931
0.564437 0.545749 0.521507 0.636504 0.509216 0.552931
0.564446 0.545740 0.521519 0.636504 0.509238 0.552931
0.564441 0.545740 0.521519 0.636491 0.509241 0.552935
0.564432 0.545748 0.521519 0.636491 0.509235 0.552931
0.564440 0.545753 0.521519 0.636491 0.509251 0.552931
0.564449 0.545758 0.521519 0.636491 0.509244 0.552931
0.564461 0.545758 0.521511 0.636496 0.509248 0.552931
0.564467 0.545740 0.521515 0.636496 0.509244 0.552927
0.564461 0.545744 0.521507 0.636507 0.509254 0.552927
0.564457 0.545735 0.521502 0.636507 0.509251 0.552927
0.564457 0.545748 0.521511 0.636512 0.509257 0.552927
0.564457 0.545753 0.521511 0.636512 0.509263 0.552931
0.564449 0.545753 0.521511 0.636512 0.509260 0.552935
0.564456 0.545758 0.521511 0.636507 0.509254 0.552935
0.564458 0.545753 0.521511 0.636507 0.509254 0.552939
0.564452 0.545753 0.521511 0.636512 0.509257 0.552939
0.564452 0.545753 0.521511 0.636509 0.509266 0.552931
0.564452 0.545753 0.521511 0.636517 0.509254 0.552934
0.564452 0.545753 0.521503 0.636512 0.509257 0.552934
0.564461 0.545748 0.521503 0.636512 0.509263 0.552934
0.564455 0.545748 0.521507 0.636512 0.509263 0.552931
0.564458 0.545757 0.521507 0.636512 0.509257 0.552931
0.564461 0.545770 0.521498 0.636512 0.509257 0.552927
0.564452 0.545765 0.521503 0.636507 0.509260 0.552927
0.564455 0.545761 0.521503 0.636512 0.509260 0.552934
0.564455 0.545761 0.521507 0.636515 0.509257 0.552934
0.564470 0.545761 0.521507 0.636515 0.509257 0.552934
0.564467 0.545761 0.521511 0.636515 0.509257 0.552934
0.564470 0.545770 0.521511 0.636510 0.509254 0.552931
0.564470 0.545774 0.521515 0.636512 0.509254 0.552924
0.564473 0.545770 0.521527 0.636499 0.509251 0.552931
0.564473 0.545770 0.521519 0.636507 0.509254 0.552931
0.564473 0.545770 0.521519 0.636520 0.509251 0.552931
0.564461 0.545770 0.521511 0.636512 0.509248 0.552931
0.564470 0.545774 0.521511 0.636504 0.509248 0.552931
0.564476 0.545774 0.521503 0.636496 0.509251 0.552924
0.564473 0.545774 0.521503 0.636496 0.509251 0.552924
0.564458 0.545766 0.521503 0.636499 0.509245 0.552924
0.564464 0.545761 0.521503 0.636499 0.509248 0.552924
0.564461 0.545761 0.521503 0.636496 0.509251 0.552924
0.564465 0.545761 0.521511 0.636491 0.509251 0.552938
0.564465 0.545753 0.521503 0.636491 0.509257 0.552942
0.564473 0.545753 0.521503 0.636499 0.509251 0.552942
0.564473 0.545753 0.521503 0.636512 0.509245 0.552949
0.564473 0.545749 0.521499 0.636531 0.509238 0.552942
0.564465 0.545741 0.521499 0.636523 0.509251 0.552942
0.564470 0.545741 0.521499 0.636526 0.509251 0.552935
0.564473 0.545745 0.521499 0.636507 0.509254 0.552935
0.564465 0.545741 0.521499 0.636504 0.509248 0.552939
0.564467 0.545733 0.521499 0.636498 0.509245 0.552939
0.564454 0.545737 0.521499 0.636507 0.509251 0.552939
0.564461 0.545737 0.521486 0.636504 0.509248 0.552939
0.564458 0.545742 0.521478 0.636504 0.509254 0.552939
0.564461 0.545746 0.521478 0.636504 0.509248 0.552939
0.564441 0.545738 0.521478 0.636498 0.509248 0.552936
0.564446 0.545733 0.521478 0.636523 0.509242 0.552946
0.564441 0.545742 0.521474 0.636523 0.509239 0.552953
0.564434 0.545733 0.521486 0.636526 0.509229 0.552946
0.564434 0.545730 0.521478 0.636509 0.509239 0.552949
0.564452 0.545730 0.521462 0.636498 0.509242 0.552956
0.564456 0.545734 0.521462 0.636493 0.509248 0.552960
0.564446 0.545734 0.521470 0.636493 0.509245 0.552956
0.564452 0.545739 0.521466 0.636509 0.509245 0.552956
0.564456 0.545739 0.521474 0.636501 0.509242 0.552942
0.564432 0.545748 0.521466 0.636501 0.509251 0.552939
0.564432 0.545752 0.521454 0.636493 0.509242 0.552939
0.564438 0.545735 0.521454 0.636493 0.509245 0.552939
0.564441 0.545735 0.521458 0.636501 0.509239 0.552943
0.564436 0.545739 0.521458 0.636504 0.509239 0.552943
0.564436 0.545748 0.521458 0.636498 0.509242 0.552936
0.564436 0.545748 0.521458 0.636488 0.509242 0.552949
0.564426 0.545748 0.521454 0.636498 0.509242 0.552946
0.564421 0.545753 0.521430 0.636509 0.509242 0.552939
0.564417 0.545740 0.521430 0.636509 0.509242 0.552939
0.564421 0.545736 0.521430 0.636509 0.509239 0.552957
0.564428 0.545740 0.521422 0.636511 0.509242 0.552927
0.564414 0.545736 0.521413 0.636495 0.509245 0.552906
0.564404 0.545741 0.521422 0.636490 0.509245 0.552920
0.564418 0.545741 0.521422 0.636498 0.509245 0.552920
0.564422 0.545736 0.521413 0.636503 0.509239 0.552910
0.564434 0.545732 0.521413 0.636511 0.509242 0.552910
0.564431 0.545748 0.521430 0.636511 0.509248 0.552914
0.564434 0.545758 0.521405 0.636511 0.509252 0.552907
0.564417 0.545758 0.521397 0.636479 0.509233 0.552897
0.564420 0.545750 0.521397 0.636479 0.509233 0.552883
0.564423 0.545750 0.521397 0.636487 0.509245 0.552897
0.564423 0.545755 0.521401 0.636479 0.509236 0.552914
0.564420 0.545751 0.521398 0.636471 0.509233 0.552904
0.564415 0.545759 0.521406 0.636471 0.509236 0.552897
0.564429 0.545759 0.521401 0.636479 0.509233 0.552890
0.564429 0.545759 0.521406 0.636479 0.509233 0.552897
0.564418 0.545759 0.521398 0.636487 0.509233 0.552901
0.564418 0.545759 0.521402 0.636471 0.509233 0.552894
0.564424 0.545759 0.521414 0.636471 0.509233 0.552897
0.564429 0.545763 0.521410 0.636479 0.509230 0.552890
0.564424 0.545758 0.521410 0.636484 0.509230 0.552891
0.564415 0.545758 0.521426 0.636489 0.509227 0.552880
0.564411 0.545754 0.521422 0.636492 0.509233 0.552883
0.564424 0.545758 0.521406 0.636508 0.509233 0.552873
0.564418 0.545758 0.521410 0.636505 0.509220 0.552873
0.564418 0.545758 0.521422 0.636505 0.509227 0.552876
0.564417 0.545767 0.521422 0.636508 0.509227 0.552876
0.564417 0.545766 0.521418 0.636508 0.509227 0.552876
0.564420 0.545766 0.521418 0.636513 0.509220 0.552880
0.564415 0.545758 0.521418 0.636497 0.509217 0.552880
0.564421 0.545767 0.521406 0.636497 0.509223 0.552894
0.564427 0.545767 0.521398 0.636515 0.509223 0.552884
0.564417 0.545754 0.521393 0.636515 0.509223 0.552884
0.564417 0.545770 0.521398 0.636518 0.509223 0.552891
0.564420 0.545771 0.521406 0.636515 0.509205 0.552897
0.564418 0.545776 0.521406 0.636515 0.509214 0.552894
0.564418 0.545767 0.521401 0.636526 0.509224 0.552901
0.564419 0.545771 0.521393 0.636526 0.509221 0.552898
0.564410 0.545775 0.521393 0.636539 0.509214 0.552885
0.564410 0.545770 0.521398 0.636531 0.509211 0.552902
0.564401 0.545783 0.521402 0.636515 0.509214 0.552902
0.564411 0.545776 0.521410 0.636515 0.509224 0.552888
0.564411 0.545780 0.521402 0.636507 0.509236 0.552885
0.564405 0.545785 0.521410 0.636531 0.509236 0.552881
0.564411 0.545780 0.521414 0.636531 0.509230 0.552874
0.564417 0.545792 0.521426 0.636539 0.509230 0.552874
0.564411 0.545779 0.521414 0.636539 0.509230 0.552881
0.564417 0.545775 0.521406 0.636523 0.509233 0.552892
0.564423 0.545771 0.521410 0.636531 0.509236 0.552892
0.564414 0.545779 0.521406 0.636550 0.509233 0.552874
0.564426 0.545800 0.521406 0.636542 0.509236 0.552875
0.564423 0.545800 0.521410 0.636534 0.509239 0.552868
0.564423 0.545788 0.521402 0.636531 0.509243 0.552858
0.564423 0.545779 0.521415 0.636523 0.509239 0.552855
0.564418 0.545771 0.521423 0.636531 0.509239 0.552858
0.564415 0.545771 0.521415 0.636539 0.509233 0.552858
0.564418 0.545771 0.521415 0.636539 0.509233 0.552851
0.564423 0.545779 0.521403 0.636539 0.509239 0.552855
0.564420 0.545787 0.521406 0.636539 0.509242 0.552858
0.564423 0.545767 0.521399 0.636539 0.509252 0.552851
0.564424 0.545767 0.521395 0.636537 0.509246 0.552848
0.564416 0.545776 0.521391 0.636518 0.509243 0.552841
0.564418 0.545767 0.521387 0.636509 0.509249 0.552841
0.564418 0.545771 0.521379 0.636518 0.509255 0.552851
0.564413 0.545763 0.521375 0.636501 0.509255 0.552844
0.564401 0.545771 0.521383 0.636509 0.509252 0.552848
0.564407 0.545771 0.521375 0.636526 0.509245 0.552848
0.564403 0.545776 0.521375 0.636504 0.509239 0.552844
0.564410 0.545767 0.521370 0.636493 0.509252 0.552845
0.564410 0.545772 0.521370 0.636504 0.509258 0.552859
0.564413 0.545780 0.521375 0.636498 0.509255 0.552866
0.564410 0.545767 0.521391 0.636485 0.509258 0.552859
0.564403 0.545755 0.521379 0.636490 0.509252 0.552831
0.564403 0.545755 0.521399 0.636490 0.509252 0.552835
0.564398 0.545746 0.521399 0.636496 0.509261 0.552834
0.564398 0.545755 0.521391 0.636498 0.509255 0.552827
0.564386 0.545764 0.521399 0.636507 0.509258 0.552838
0.564393 0.545760 0.521404 0.636504 0.509252 0.552849
0.564387 0.545756 0.521404 0.636498 0.509255 0.552832
0.564390 0.545748 0.521367 0.636466 0.509258 0.552840
0.564387 0.545748 0.521371 0.636463 0.509252 0.552836
0.564398 0.545756 0.521375 0.636482 0.509245 0.552850
0.564387 0.545756 0.521387 0.636476 0.509249 0.552854
0.564387 0.545753 0.521343 0.636476 0.509252 0.552851
