0.661119 0.735527 0.705501 0.623686 0.658003 0.631668
0.012094 0.011970 0.013832 0.010531 0.010650 0.011554
0.312465 0.367152 0.329751 0.329531 0.329555 0.302366
0.658904 0.734760 0.702485 0.618855 0.655611 0.629033
0.658137 0.734729 0.701741 0.617305 0.654607 0.628286
0.658388 0.734683 0.701989 0.617661 0.654889 0.628510
0.666934 0.737578 0.710376 0.631023 0.663955 0.636450
0.665306 0.737120 0.708920 0.628996 0.662445 0.635542
0.671194 0.738868 0.714000 0.638712 0.668428 0.639964
0.687611 0.747698 0.725241 0.667858 0.684107 0.656022
0.693344 0.752464 0.729958 0.679622 0.687988 0.662652
0.698735 0.757015 0.734471 0.690151 0.692132 0.668850
0.711450 0.767228 0.742329 0.713325 0.700350 0.682580
0.724596 0.776578 0.748771 0.728598 0.709068 0.694123
0.729870 0.778924 0.750661 0.732763 0.712012 0.698496
0.738238 0.783239 0.753406 0.745722 0.714759 0.706707
0.728471 0.777584 0.749264 0.736773 0.710215 0.699155
0.739337 0.784006 0.754278 0.748497 0.714919 0.708806
0.739948 0.785053 0.755396 0.747086 0.715980 0.708971
0.737736 0.784463 0.755109 0.743559 0.715257 0.706284
0.740674 0.785562 0.755935 0.746574 0.716033 0.709049
0.747118 0.787155 0.757485 0.754994 0.717604 0.716053
0.750564 0.786484 0.756574 0.759283 0.717687 0.719198
0.748956 0.785456 0.756028 0.759630 0.716585 0.718468
0.752428 0.784851 0.755471 0.762138 0.716601 0.721068
0.754382 0.776791 0.750417 0.760894 0.712536 0.721765
0.754057 0.782958 0.754185 0.760784 0.716700 0.722220
0.753794 0.777692 0.750741 0.759343 0.713745 0.721641
0.751401 0.770521 0.745487 0.756679 0.709293 0.719532
0.754491 0.780733 0.752592 0.761275 0.715324 0.722650
0.754421 0.780226 0.752217 0.761802 0.714954 0.722672
0.753302 0.774318 0.748420 0.760602 0.710983 0.721333
0.753269 0.774537 0.748725 0.760050 0.711057 0.721096
0.754394 0.780139 0.752421 0.761655 0.714295 0.722122
0.754559 0.780986 0.753181 0.762305 0.714915 0.722323
0.754210 0.776597 0.749975 0.762362 0.712163 0.722104
0.752848 0.772869 0.746771 0.762313 0.709307 0.721214
0.753722 0.775425 0.748740 0.763564 0.710893 0.722157
0.754197 0.778547 0.750880 0.763710 0.713000 0.722567
0.753958 0.776853 0.750043 0.763102 0.712089 0.722193
0.752541 0.772652 0.746903 0.760881 0.709079 0.720449
0.752767 0.773868 0.748327 0.761330 0.709587 0.720633
0.754141 0.779071 0.751968 0.762956 0.712092 0.721792
0.753814 0.776445 0.750295 0.762933 0.710690 0.721440
0.752928 0.773665 0.748054 0.762980 0.708658 0.720956
0.752268 0.772339 0.746842 0.762770 0.707617 0.720632
0.752444 0.772925 0.747096 0.762758 0.708017 0.720700
0.752475 0.773522 0.747415 0.762811 0.708515 0.720781
0.752282 0.772840 0.747110 0.762550 0.708185 0.720664
0.751971 0.772170 0.746556 0.762327 0.707709 0.720412
0.752227 0.772926 0.746855 0.763044 0.708018 0.720739
0.752686 0.773767 0.747509 0.763566 0.708477 0.721361
0.752585 0.773356 0.747199 0.763559 0.708212 0.721311
0.751920 0.771527 0.745948 0.762919 0.707051 0.720560
0.751373 0.770094 0.744816 0.761982 0.706159 0.720125
0.751593 0.770780 0.745528 0.762274 0.706617 0.720289
0.752036 0.772174 0.746556 0.763065 0.707292 0.720705
0.751918 0.771964 0.746466 0.763088 0.706885 0.720632
0.751611 0.771151 0.746114 0.762999 0.706413 0.720381
0.751654 0.771837 0.746513 0.763262 0.706777 0.720583
0.751883 0.772719 0.746991 0.763241 0.707128 0.720778
0.751685 0.771792 0.746537 0.762717 0.706618 0.720497
0.751323 0.770968 0.745892 0.762236 0.706132 0.720307
0.751635 0.772063 0.746655 0.762960 0.706819 0.720690
0.751938 0.772798 0.747329 0.763493 0.707227 0.721102
0.751738 0.772272 0.746977 0.763484 0.706891 0.720898
0.751642 0.772019 0.746731 0.763354 0.706699 0.720860
0.751989 0.772552 0.747097 0.763469 0.707222 0.721154
0.752064 0.772785 0.747124 0.763436 0.707379 0.721190
0.751939 0.772376 0.746775 0.763405 0.707120 0.721024
0.751969 0.772835 0.747248 0.763499 0.707292 0.721125
0.752261 0.773747 0.747853 0.763728 0.707816 0.721277
0.752228 0.773731 0.747892 0.763644 0.707755 0.721248
0.752174 0.773305 0.747512 0.763394 0.707475 0.721183
0.752240 0.773552 0.747698 0.763413 0.707722 0.721292
0.752308 0.773930 0.748049 0.763637 0.707981 0.721331
0.752251 0.773920 0.747920 0.763522 0.707836 0.721276
0.752203 0.773872 0.747922 0.763614 0.707808 0.721341
0.752469 0.774236 0.748295 0.763783 0.708010 0.721409
0.752411 0.774266 0.748268 0.763640 0.708085 0.721450
0.752363 0.773848 0.747843 0.763485 0.707896 0.721334
0.752410 0.774128 0.748098 0.763667 0.708035 0.721444
0.752573 0.774411 0.748430 0.763817 0.708126 0.721478
0.752489 0.774164 0.748212 0.763845 0.707937 0.721487
0.752443 0.774025 0.748072 0.763805 0.707893 0.721495
0.752612 0.774238 0.748205 0.763835 0.708038 0.721513
0.752531 0.774186 0.748113 0.763889 0.708030 0.721498
0.752518 0.774121 0.748049 0.763856 0.707982 0.721521
0.752637 0.774298 0.748252 0.763908 0.708170 0.721664
0.752715 0.774253 0.748209 0.763901 0.708107 0.721714
0.752632 0.774039 0.748086 0.763881 0.708055 0.721702
0.752774 0.774395 0.748328 0.763841 0.708227 0.721789
0.752716 0.774559 0.748464 0.763873 0.708358 0.721757
0.752757 0.774466 0.748364 0.763912 0.708300 0.721758
0.752771 0.774625 0.748468 0.763872 0.708445 0.721823
0.752800 0.774801 0.748577 0.763909 0.708555 0.721830
0.752828 0.774778 0.748634 0.763963 0.708524 0.721790
0.752865 0.774944 0.748851 0.763918 0.708659 0.721745
0.752925 0.774979 0.748914 0.763909 0.708619 0.721731
0.752908 0.774875 0.748768 0.763872 0.708598 0.721746
0.752910 0.775164 0.748964 0.763895 0.708739 0.721816
0.752901 0.775171 0.748947 0.763892 0.708684 0.721818
0.752898 0.775016 0.748839 0.763863 0.708620 0.721801
0.752889 0.775266 0.749029 0.764056 0.708578 0.721807
0.752870 0.775219 0.749070 0.764080 0.708580 0.721872
0.752865 0.775062 0.748980 0.764114 0.708440 0.721834
0.752903 0.775062 0.749018 0.764096 0.708460 0.721873
0.752873 0.775010 0.749024 0.764057 0.708396 0.721836
0.752896 0.775097 0.749041 0.764009 0.708403 0.721856
0.752864 0.775128 0.749056 0.763940 0.708448 0.721935
0.752868 0.775129 0.749057 0.763973 0.708401 0.721924
0.752866 0.775143 0.749024 0.763982 0.708425 0.721916
0.752823 0.775079 0.748975 0.763948 0.708331 0.721878
0.752862 0.775023 0.748959 0.763942 0.708299 0.721861
0.752987 0.775158 0.748988 0.763886 0.708354 0.721841
0.752931 0.775159 0.749032 0.763857 0.708300 0.721783
0.752903 0.775228 0.749086 0.763915 0.708363 0.721772
0.752964 0.775345 0.749199 0.763897 0.708432 0.721778
0.752963 0.775383 0.749238 0.763763 0.708376 0.721721
0.752931 0.775493 0.749346 0.763803 0.708398 0.721722
0.752959 0.775456 0.749312 0.763786 0.708354 0.721705
0.752945 0.775382 0.749266 0.763779 0.708313 0.721663
0.752960 0.775387 0.749299 0.763846 0.708307 0.721659
0.752914 0.775399 0.749319 0.763861 0.708278 0.721637
0.752923 0.775390 0.749381 0.763873 0.708278 0.721649
0.752961 0.775487 0.749463 0.763979 0.708348 0.721681
0.752994 0.775477 0.749432 0.763881 0.708337 0.721677
0.752889 0.775562 0.749516 0.763968 0.708416 0.721704
0.752889 0.775503 0.749434 0.763950 0.708362 0.721686
0.752849 0.775535 0.749418 0.763987 0.708366 0.721710
0.752858 0.775581 0.749438 0.764019 0.708372 0.721726
0.752841 0.775534 0.749416 0.763955 0.708330 0.721689
0.752817 0.775700 0.749545 0.764057 0.708458 0.721745
0.752856 0.775425 0.749336 0.763968 0.708345 0.721761
0.752837 0.775908 0.749769 0.764176 0.708640 0.721799
0.752736 0.775125 0.749171 0.763961 0.708174 0.721650
0.752863 0.776374 0.750114 0.764276 0.708937 0.721889
0.752511 0.774525 0.748617 0.763864 0.707810 0.721409
0.753070 0.777446 0.750993 0.764757 0.709704 0.721837
0.752209 0.773498 0.747879 0.763612 0.707155 0.721065
0.753030 0.778451 0.751617 0.765154 0.710282 0.722184
0.752287 0.773894 0.748240 0.763676 0.707275 0.721081
0.752997 0.777291 0.750824 0.764784 0.709532 0.721841
0.752818 0.776091 0.749927 0.764168 0.708716 0.721952
0.752651 0.774896 0.749027 0.763917 0.707949 0.721361
0.752969 0.777883 0.751301 0.764978 0.710043 0.722012
0.752335 0.773952 0.748321 0.763693 0.707459 0.721076
0.752982 0.777675 0.751185 0.764808 0.709809 0.721849
0.752567 0.775132 0.749319 0.763814 0.708239 0.721562
0.752605 0.775492 0.749571 0.763981 0.708364 0.721622
0.752926 0.777146 0.750777 0.764562 0.709329 0.721661
0.752232 0.773969 0.748310 0.763745 0.707238 0.720939
0.752836 0.778135 0.751562 0.765013 0.710022 0.721879
0.752171 0.774014 0.748340 0.763675 0.707218 0.721011
0.752856 0.776757 0.750528 0.764460 0.709072 0.721775
0.752743 0.776362 0.750126 0.764274 0.708774 0.721766
0.752255 0.774389 0.748720 0.763799 0.707469 0.721039
0.752742 0.778251 0.751732 0.765093 0.709995 0.721935
0.752139 0.774117 0.748426 0.763746 0.707282 0.720928
0.752876 0.777993 0.751628 0.764974 0.709916 0.721804
0.752589 0.775822 0.749801 0.763986 0.708439 0.721550
0.752448 0.775500 0.749586 0.763880 0.708235 0.721450
0.752816 0.777688 0.751262 0.764805 0.709669 0.721774
0.752085 0.774064 0.748445 0.763634 0.707271 0.721107
0.752880 0.778059 0.751579 0.764896 0.709874 0.721722
0.752394 0.775143 0.749385 0.763840 0.707896 0.721348
0.752668 0.776275 0.750167 0.764147 0.708514 0.721510
0.752723 0.776946 0.750728 0.764418 0.709052 0.721671
0.752097 0.774310 0.748644 0.763655 0.707259 0.721005
0.752825 0.778194 0.751716 0.764914 0.709918 0.721779
0.752175 0.774349 0.748754 0.763673 0.707362 0.720944
0.752757 0.777742 0.751222 0.764571 0.709444 0.721730
0.752635 0.776210 0.750074 0.763969 0.708470 0.721515
0.752328 0.775325 0.749397 0.763849 0.707954 0.721352
0.752804 0.778138 0.751636 0.764916 0.709837 0.721689
0.752122 0.774230 0.748678 0.763595 0.707259 0.720922
0.752905 0.778867 0.752272 0.765052 0.710396 0.721730
0.752236 0.775241 0.749384 0.763689 0.707949 0.721209
0.752735 0.776862 0.750619 0.764201 0.708931 0.721674
0.752791 0.777373 0.751134 0.764491 0.709299 0.721688
0.752264 0.774819 0.748992 0.763621 0.707626 0.720970
0.752845 0.779167 0.752290 0.764974 0.710534 0.721791
0.752303 0.774720 0.748999 0.763554 0.707545 0.720965
0.752844 0.778306 0.751610 0.764559 0.709852 0.721547
0.752690 0.776347 0.750279 0.763907 0.708635 0.721407
0.752360 0.775309 0.749389 0.763644 0.707955 0.721186
0.752966 0.778550 0.751977 0.764672 0.710071 0.721550
0.752195 0.774492 0.748826 0.763526 0.707372 0.720968
0.752942 0.778660 0.752010 0.764811 0.710066 0.721457
0.752597 0.775986 0.749938 0.763855 0.708311 0.721346
0.752613 0.776056 0.750107 0.763851 0.708322 0.721160
0.752759 0.778250 0.751562 0.764610 0.709739 0.721541
0.752171 0.774432 0.748855 0.763564 0.707380 0.720855
0.752955 0.778932 0.752337 0.765021 0.710310 0.721603
0.752219 0.775229 0.749399 0.763649 0.707804 0.721081
0.752839 0.776902 0.750720 0.764027 0.708765 0.721389
0.752684 0.777242 0.750924 0.764269 0.709017 0.721548
0.752208 0.774725 0.748954 0.763601 0.707520 0.720895
0.752995 0.779109 0.752557 0.764988 0.710437 0.721606
0.752173 0.774838 0.748974 0.763541 0.707453 0.720989
0.752966 0.778448 0.751830 0.764409 0.709791 0.721317
0.752705 0.776862 0.750663 0.764169 0.708747 0.721530
0.752416 0.775435 0.749453 0.763631 0.707906 0.721100
0.753111 0.779215 0.752608 0.764961 0.710477 0.721660
0.752171 0.774458 0.748731 0.763626 0.707398 0.720990
0.753105 0.779258 0.752580 0.764924 0.710496 0.721582
0.752669 0.776364 0.750234 0.763906 0.708484 0.721384
0.752581 0.776093 0.750080 0.763796 0.708383 0.721389
0.753054 0.778859 0.752194 0.764658 0.710284 0.721659
0.752216 0.774378 0.748710 0.763627 0.707495 0.721032
0.753074 0.779535 0.752746 0.764863 0.710732 0.721722
0.752728 0.776056 0.750153 0.763777 0.708475 0.721250
0.752890 0.776752 0.750702 0.764116 0.708865 0.721478
0.753007 0.778252 0.751785 0.764490 0.709853 0.721611
0.752284 0.774315 0.748666 0.763553 0.707459 0.721045
0.753173 0.779629 0.752803 0.764866 0.710935 0.721720
0.752582 0.775374 0.749758 0.763642 0.708170 0.721226
0.752956 0.777421 0.751046 0.764356 0.709342 0.721600
0.752934 0.777888 0.751372 0.764341 0.709670 0.721550
0.752321 0.774393 0.748825 0.763584 0.707544 0.721036
0.753368 0.780123 0.753076 0.764790 0.711203 0.721747
0.752607 0.775175 0.749446 0.763649 0.708137 0.721225
0.752998 0.777857 0.751384 0.764340 0.709711 0.721530
0.752886 0.778030 0.751418 0.764348 0.709759 0.721630
0.752127 0.774168 0.748590 0.763434 0.707391 0.720871
0.753397 0.780509 0.753419 0.765023 0.711488 0.721750
0.752721 0.775207 0.749547 0.763575 0.708008 0.721166
0.753173 0.777895 0.751425 0.764338 0.709757 0.721597
0.753081 0.778618 0.751872 0.764434 0.710105 0.721799
0.751767 0.773694 0.748079 0.763205 0.706884 0.720668
0.753297 0.780792 0.753596 0.764932 0.711604 0.721693
0.752957 0.776057 0.750232 0.763878 0.708704 0.721365
0.753131 0.777020 0.750873 0.764029 0.709304 0.721447
0.753293 0.779323 0.752360 0.764702 0.710904 0.721715
0.751801 0.773473 0.748092 0.762998 0.706803 0.720336
0.753003 0.780020 0.753015 0.764786 0.711048 0.721793
0.753338 0.777568 0.751376 0.763940 0.709364 0.721261
0.752733 0.775863 0.750066 0.764087 0.708779 0.721601
0.753508 0.779628 0.752704 0.764396 0.710988 0.721576
0.752523 0.775450 0.749587 0.763455 0.707987 0.721006
0.752995 0.777533 0.751494 0.764039 0.709010 0.721140
0.753229 0.779165 0.752487 0.764376 0.710180 0.721346
0.752785 0.775697 0.749949 0.763711 0.708380 0.721388
0.753189 0.778531 0.751841 0.764262 0.709903 0.721569
0.753065 0.777667 0.751538 0.764023 0.709360 0.721197
0.752499 0.776026 0.750146 0.763596 0.708372 0.721025
0.753133 0.779147 0.752432 0.764259 0.710206 0.721447
0.752905 0.776578 0.750650 0.763722 0.708785 0.721270
0.753106 0.777754 0.751490 0.764261 0.709546 0.721481
0.753139 0.778967 0.752292 0.764161 0.709980 0.721260
0.752741 0.776336 0.750439 0.763673 0.708523 0.721186
0.752924 0.778466 0.751690 0.764382 0.709895 0.721727
0.753034 0.777064 0.751017 0.763866 0.709110 0.721196
0.753057 0.777789 0.751428 0.764115 0.709510 0.721380
0.753051 0.778674 0.752175 0.764291 0.709925 0.721425
0.753175 0.777481 0.751375 0.763688 0.709112 0.721086
0.752958 0.778408 0.751918 0.764279 0.709839 0.721466
0.753099 0.777375 0.751109 0.764003 0.709169 0.721358
0.753287 0.778194 0.751870 0.764066 0.709713 0.721266
0.753088 0.778292 0.751845 0.764226 0.709772 0.721458
0.753168 0.777364 0.751207 0.763888 0.709120 0.721226
0.753072 0.778389 0.751965 0.764221 0.709842 0.721358
0.753026 0.777290 0.751093 0.764055 0.709146 0.721406
0.753385 0.778556 0.752154 0.764079 0.709808 0.721187
0.753186 0.778200 0.751826 0.764110 0.709676 0.721303
0.753119 0.777579 0.751414 0.763966 0.709265 0.721287
0.753204 0.778695 0.752305 0.764203 0.709986 0.721298
0.753005 0.777313 0.751143 0.763984 0.709070 0.721367
0.753201 0.778506 0.752059 0.764236 0.709985 0.721349
0.753163 0.777746 0.751545 0.764070 0.709408 0.721370
0.753109 0.777917 0.751652 0.764206 0.709573 0.721478
0.753298 0.778309 0.752103 0.764063 0.709635 0.721182
0.753148 0.777882 0.751680 0.764064 0.709383 0.721304
0.753220 0.778346 0.752145 0.764153 0.709666 0.721254
0.753245 0.777975 0.751738 0.764069 0.709538 0.721347
0.753098 0.777885 0.751722 0.764233 0.709562 0.721386
0.753173 0.778077 0.751844 0.764023 0.709515 0.721160
0.753026 0.777975 0.751782 0.764200 0.709550 0.721441
0.753173 0.777997 0.751750 0.764021 0.709540 0.721251
0.752983 0.778467 0.751984 0.764264 0.709884 0.721536
0.753110 0.777589 0.751344 0.764031 0.709270 0.721286
0.753187 0.779121 0.752608 0.764248 0.710195 0.721532
0.752957 0.776946 0.750914 0.763767 0.708970 0.721289
0.753428 0.779802 0.753090 0.764490 0.710790 0.721610
0.752869 0.776527 0.750679 0.763447 0.708605 0.721155
0.753492 0.780156 0.753309 0.764604 0.711072 0.721628
0.752784 0.776087 0.750493 0.763270 0.708301 0.720936
0.753402 0.780158 0.753342 0.764657 0.711142 0.721658
0.752934 0.776597 0.750752 0.763423 0.708661 0.721000
0.753477 0.779728 0.752953 0.764287 0.710684 0.721723
0.753182 0.777600 0.751458 0.763799 0.709414 0.721217
0.753137 0.778264 0.752002 0.764206 0.709791 0.721471
0.753354 0.778714 0.752393 0.764053 0.709944 0.721290
0.753069 0.777536 0.751448 0.763907 0.709272 0.721265
0.753278 0.779498 0.752791 0.764140 0.710325 0.721491
0.753030 0.777140 0.751279 0.763589 0.708974 0.721148
0.753354 0.779730 0.752930 0.764553 0.710707 0.721643
0.753000 0.776778 0.750981 0.763390 0.708714 0.721040
0.753403 0.780024 0.753103 0.764781 0.711105 0.721641
0.752585 0.775929 0.750281 0.763412 0.708142 0.721154
0.753601 0.780423 0.753503 0.764261 0.711036 0.721470
0.752978 0.777054 0.751111 0.763556 0.708959 0.721094
0.753381 0.779209 0.752699 0.764130 0.710359 0.721487
0.753238 0.778181 0.751810 0.764096 0.709751 0.721443
0.753012 0.777451 0.751298 0.763786 0.709258 0.721281
0.753323 0.779706 0.752873 0.764378 0.710721 0.721682
0.752868 0.776321 0.750547 0.763335 0.708573 0.721087
0.753646 0.780476 0.753670 0.764653 0.711405 0.721670
0.752895 0.776039 0.750446 0.763280 0.708374 0.720901
0.753477 0.780337 0.753391 0.764616 0.711263 0.721619
0.752968 0.777063 0.751232 0.763509 0.708820 0.721067
0.753340 0.779673 0.752824 0.764322 0.710533 0.721589
0.753282 0.778274 0.752138 0.763835 0.709520 0.721117
0.753323 0.778447 0.752124 0.763992 0.709688 0.721266
0.753301 0.779247 0.752547 0.764148 0.710242 0.721472
0.753024 0.777626 0.751644 0.763752 0.709361 0.721192
0.753315 0.779984 0.753057 0.764202 0.710811 0.721533
0.753115 0.777170 0.751371 0.763472 0.708954 0.721124
0.753432 0.780119 0.753301 0.764480 0.710904 0.721601
0.753029 0.776985 0.751223 0.763453 0.708818 0.721130
0.753382 0.780049 0.753157 0.764438 0.710894 0.721752
0.752990 0.777244 0.751366 0.763623 0.709155 0.721182
0.753465 0.779644 0.752824 0.764141 0.710713 0.721646
0.753256 0.777867 0.751857 0.763828 0.709499 0.721238
0.753282 0.779235 0.752646 0.764277 0.710315 0.721519
0.753289 0.778429 0.752187 0.763970 0.709668 0.721337
0.753389 0.778852 0.752445 0.764065 0.710071 0.721553
0.753377 0.778905 0.752516 0.764112 0.710082 0.721488
0.753414 0.778573 0.752420 0.763856 0.709729 0.721268
0.753313 0.779344 0.752638 0.764208 0.710368 0.721601
0.753273 0.778088 0.751966 0.763918 0.709566 0.721278
0.753517 0.779819 0.752887 0.764388 0.710763 0.721801
0.753232 0.777323 0.751497 0.763531 0.709200 0.721214
0.753393 0.780863 0.753934 0.764775 0.711434 0.721692
0.752909 0.776101 0.750635 0.763096 0.708294 0.720884
0.753534 0.781651 0.754739 0.764771 0.712108 0.721807
0.752769 0.775514 0.750058 0.763210 0.708130 0.721087
0.753485 0.781360 0.754425 0.764698 0.712040 0.721875
0.753157 0.777103 0.751236 0.763447 0.709068 0.721221
0.753506 0.779550 0.752975 0.764067 0.710467 0.721665
0.753532 0.779492 0.752969 0.764102 0.710445 0.721572
0.753010 0.777039 0.751083 0.763467 0.708870 0.721103
0.753318 0.781067 0.754064 0.764636 0.711732 0.721592
0.752706 0.775769 0.750159 0.763213 0.708155 0.720951
0.753399 0.781083 0.754204 0.764669 0.711743 0.721667
0.753238 0.777098 0.751351 0.763349 0.709051 0.721082
0.753341 0.778832 0.752394 0.764062 0.710000 0.721602
0.753485 0.779813 0.753154 0.764089 0.710642 0.721495
0.752864 0.776607 0.750823 0.763462 0.708519 0.721115
0.753503 0.781468 0.754575 0.764724 0.711767 0.721549
0.752924 0.776252 0.750503 0.763261 0.708384 0.721083
0.753453 0.780527 0.753624 0.764442 0.711276 0.721686
0.753305 0.778052 0.752043 0.763658 0.709733 0.721330
0.753086 0.777613 0.751609 0.763790 0.709397 0.721390
0.753643 0.780579 0.753797 0.764361 0.711029 0.721441
0.752855 0.776428 0.750711 0.763235 0.708356 0.721114
0.753425 0.780983 0.754193 0.764509 0.711396 0.721539
0.753077 0.777150 0.751353 0.763460 0.709130 0.721102
0.753395 0.779273 0.752530 0.764106 0.710433 0.721683
0.753762 0.779389 0.753085 0.763940 0.710391 0.721272
0.753148 0.777697 0.751650 0.763705 0.709408 0.721284
0.753539 0.780940 0.754218 0.764561 0.711258 0.721371
0.753107 0.777295 0.751631 0.763511 0.709076 0.721014
0.753389 0.780601 0.753612 0.764527 0.711083 0.721640
0.753374 0.778053 0.752185 0.763463 0.709466 0.721066
0.753391 0.779219 0.752560 0.764187 0.710341 0.721676
0.753392 0.779666 0.752918 0.764134 0.710415 0.721554
0.753461 0.778090 0.752344 0.763568 0.709510 0.720949
0.753353 0.780330 0.753554 0.764793 0.710975 0.721709
0.753421 0.777862 0.752194 0.763287 0.709308 0.720749
0.753347 0.780182 0.753316 0.764670 0.711142 0.721892
0.753178 0.777950 0.751794 0.763853 0.709652 0.721539
0.753934 0.779620 0.753583 0.763234 0.710442 0.720900
0.753533 0.779197 0.752915 0.764128 0.710152 0.721453
0.753235 0.778446 0.752317 0.764192 0.709706 0.721343
0.753618 0.780064 0.753689 0.763886 0.710474 0.721135
0.753311 0.778656 0.752386 0.763869 0.709709 0.721224
0.753234 0.779604 0.752873 0.764353 0.710603 0.721769
0.753460 0.778668 0.752596 0.763751 0.709509 0.721002
0.753449 0.779716 0.753101 0.763973 0.710353 0.721579
0.753196 0.778398 0.752156 0.764035 0.709891 0.721545
0.753608 0.779505 0.753093 0.764014 0.710348 0.721527
0.753512 0.779537 0.753220 0.764114 0.710335 0.721414
0.753498 0.779154 0.752834 0.764080 0.710173 0.721396
0.753677 0.779633 0.753309 0.763988 0.710478 0.721200
0.753301 0.778886 0.752554 0.764028 0.709810 0.721351
0.753325 0.780100 0.753322 0.764392 0.710629 0.721555
0.753540 0.778687 0.752523 0.763691 0.709701 0.721021
0.753634 0.779860 0.753211 0.764139 0.710710 0.721532
0.753509 0.778338 0.752417 0.763778 0.709556 0.721055
0.753689 0.781032 0.754363 0.764273 0.711021 0.720998
0.753205 0.778080 0.751936 0.763878 0.709372 0.721164
0.753432 0.781010 0.754352 0.764481 0.711416 0.721420
0.752993 0.777022 0.751406 0.763294 0.708854 0.720875
0.753491 0.781856 0.754946 0.764860 0.712060 0.721677
0.753083 0.776430 0.751103 0.763235 0.708466 0.720904
0.753550 0.781661 0.754918 0.764790 0.711954 0.721543
0.753033 0.776934 0.751342 0.763284 0.708690 0.721030
0.753571 0.780967 0.754325 0.764317 0.711265 0.721368
0.753314 0.778605 0.752458 0.763969 0.709750 0.721278
0.753437 0.779277 0.752871 0.764063 0.710096 0.721314
0.753570 0.780332 0.753737 0.764115 0.710798 0.721187
0.753113 0.777646 0.751669 0.763693 0.709377 0.721225
0.753653 0.781209 0.754546 0.764396 0.711593 0.721347
0.753145 0.776795 0.751246 0.763249 0.708718 0.721039
0.753558 0.781337 0.754576 0.764529 0.711730 0.721524
0.753301 0.777303 0.751737 0.763426 0.709052 0.720995
0.753465 0.780759 0.754081 0.764484 0.711079 0.721539
0.753472 0.779021 0.752904 0.763942 0.709909 0.721149
0.753642 0.779333 0.753013 0.763890 0.710194 0.721234
0.753605 0.780306 0.753608 0.764189 0.710940 0.721436
0.753453 0.778151 0.752396 0.763593 0.709540 0.720964
0.753622 0.781271 0.754496 0.764568 0.711654 0.721454
0.753111 0.777245 0.751458 0.763480 0.708992 0.721164
0.753609 0.781311 0.754571 0.764335 0.711466 0.721343
0.753196 0.777745 0.751969 0.763583 0.709225 0.721124
0.753608 0.780646 0.754137 0.764214 0.710971 0.721326
0.753459 0.778838 0.752732 0.763935 0.709897 0.721228
0.753673 0.779841 0.753202 0.764005 0.710514 0.721339
0.753592 0.779927 0.753304 0.764011 0.710524 0.721410
0.753434 0.778825 0.752683 0.763872 0.709865 0.721205
0.753603 0.780676 0.754085 0.764243 0.711032 0.721396
0.753426 0.778151 0.752302 0.763733 0.709495 0.721154
0.753567 0.781118 0.754413 0.764342 0.711298 0.721278
0.753252 0.777572 0.751817 0.763582 0.709224 0.721095
0.753552 0.781354 0.754589 0.764491 0.711650 0.721406
0.753266 0.777386 0.751560 0.763499 0.709100 0.721039
0.753517 0.781472 0.754687 0.764593 0.711813 0.721574
0.753281 0.777531 0.751639 0.763430 0.709163 0.721017
0.753545 0.781279 0.754480 0.764492 0.711590 0.721416
0.753482 0.778025 0.752211 0.763659 0.709450 0.721171
0.753570 0.780518 0.753859 0.764266 0.710952 0.721396
0.753518 0.778919 0.752695 0.763900 0.709919 0.721167
0.753627 0.779698 0.753286 0.763958 0.710408 0.721261
0.753475 0.779913 0.753314 0.764128 0.710562 0.721439
0.753445 0.778919 0.752760 0.763788 0.709895 0.720993
0.753459 0.780656 0.753943 0.764477 0.711058 0.721402
0.753426 0.778152 0.752324 0.763620 0.709484 0.721072
0.753616 0.781352 0.754563 0.764464 0.711625 0.721394
0.753250 0.777322 0.751655 0.763495 0.708971 0.721067
0.753573 0.781861 0.755072 0.764612 0.711902 0.721447
0.753150 0.776867 0.751291 0.763310 0.708741 0.721049
0.753600 0.781960 0.755243 0.764610 0.712001 0.721487
0.753185 0.777471 0.751686 0.763602 0.709093 0.721255
0.753655 0.781497 0.754788 0.764312 0.711650 0.721202
0.753393 0.778590 0.752398 0.763772 0.709788 0.721212
0.753625 0.779899 0.753525 0.763990 0.710558 0.721226
0.753575 0.780131 0.753422 0.764092 0.710572 0.721420
0.753359 0.778569 0.752613 0.763693 0.709752 0.721038
0.753507 0.780972 0.754353 0.764413 0.711277 0.721280
0.753255 0.777471 0.751738 0.763527 0.709171 0.721137
0.753575 0.781738 0.755004 0.764432 0.711876 0.721384
0.753133 0.777281 0.751660 0.763419 0.708995 0.721101
0.753648 0.781547 0.754810 0.764437 0.711717 0.721195
0.753261 0.777757 0.751824 0.763587 0.709294 0.721188
0.753524 0.781083 0.754608 0.764201 0.711330 0.721243
0.753475 0.779258 0.752975 0.764055 0.710064 0.721231
0.753622 0.779772 0.753396 0.763998 0.710463 0.721221
0.753495 0.780039 0.753432 0.764166 0.710686 0.721388
0.753416 0.778834 0.752709 0.763785 0.709836 0.720988
0.753486 0.781195 0.754497 0.764323 0.711349 0.721277
0.753409 0.777819 0.752042 0.763579 0.709297 0.721173
0.753500 0.781469 0.754670 0.764544 0.711749 0.721422
0.753145 0.777425 0.751778 0.763371 0.709007 0.720975
0.753579 0.781774 0.755060 0.764589 0.711940 0.721553
0.753373 0.777887 0.752164 0.763559 0.709304 0.721053
0.753422 0.781415 0.754699 0.764500 0.711614 0.721359
0.753377 0.778734 0.752752 0.763513 0.709720 0.720970
0.753435 0.780400 0.753564 0.764320 0.710865 0.721469
0.753699 0.779879 0.753547 0.764067 0.710553 0.721202
0.753436 0.779505 0.753204 0.764048 0.710221 0.721270
0.753519 0.780673 0.754135 0.764132 0.710852 0.721130
0.753330 0.778396 0.752355 0.763758 0.709673 0.721072
0.753593 0.781382 0.754675 0.764429 0.711564 0.721239
0.753319 0.777985 0.752267 0.763611 0.709310 0.721104
0.753571 0.781681 0.754938 0.764518 0.711770 0.721245
0.753168 0.777339 0.751721 0.763422 0.708993 0.721062
0.753561 0.781839 0.755125 0.764541 0.711938 0.721531
0.753230 0.777980 0.752284 0.763656 0.709297 0.721111
0.753381 0.781378 0.754589 0.764448 0.711572 0.721287
0.753404 0.778509 0.752594 0.763645 0.709681 0.720987
0.753499 0.780565 0.753883 0.764211 0.710834 0.721291
0.753602 0.780000 0.753619 0.763954 0.710462 0.721206
0.753487 0.779433 0.753024 0.764042 0.710213 0.721242
0.753528 0.780706 0.754043 0.764086 0.710971 0.721167
0.753206 0.778651 0.752414 0.763899 0.709660 0.721141
0.753677 0.781601 0.754924 0.764157 0.711666 0.721129
0.753301 0.778063 0.752084 0.763804 0.709428 0.721157
0.753427 0.781525 0.754812 0.764596 0.711718 0.721325
0.753203 0.778117 0.752342 0.763481 0.709291 0.720774
0.753400 0.781537 0.754749 0.764702 0.711866 0.721651
0.753492 0.778401 0.752743 0.763448 0.709647 0.720944
0.753276 0.781315 0.754356 0.764502 0.711553 0.721526
0.753051 0.778688 0.752477 0.763908 0.709717 0.721235
0.753795 0.780976 0.754407 0.763448 0.711080 0.720907
0.753223 0.779562 0.752853 0.764450 0.710645 0.721823
0.753666 0.779806 0.753479 0.763847 0.710462 0.721050
0.753525 0.780547 0.754049 0.764007 0.710826 0.721094
0.753314 0.778658 0.752507 0.764147 0.709793 0.721228
0.753712 0.781657 0.754934 0.764030 0.711558 0.721156
0.753471 0.778573 0.752840 0.763539 0.709768 0.720992
0.753167 0.780915 0.754005 0.764898 0.711434 0.721653
0.753299 0.778612 0.752822 0.763416 0.709567 0.720900
0.753518 0.781639 0.754923 0.764550 0.711815 0.721450
0.753203 0.778097 0.752124 0.764022 0.709543 0.721350
0.753702 0.782018 0.755207 0.763992 0.711881 0.721140
0.753203 0.778050 0.752299 0.763480 0.709272 0.720906
0.753129 0.781439 0.754433 0.764892 0.711705 0.721670
0.753440 0.778966 0.753270 0.763452 0.710002 0.720842
0.753467 0.781056 0.754328 0.764372 0.711274 0.721285
0.753140 0.778798 0.752490 0.764093 0.709787 0.721224
0.753643 0.781036 0.754537 0.763750 0.711141 0.721003
0.753779 0.779811 0.753627 0.763872 0.710434 0.721231
0.753284 0.780220 0.753286 0.764256 0.710682 0.721474
0.753464 0.779771 0.753513 0.763739 0.710293 0.720845
0.753407 0.780249 0.753639 0.764064 0.710662 0.721253
0.753330 0.779999 0.753328 0.764412 0.710703 0.721678
0.753701 0.780593 0.754163 0.763803 0.710947 0.721142
0.753507 0.780187 0.753603 0.763945 0.710496 0.721230
0.753281 0.779825 0.753146 0.764201 0.710413 0.721478
0.753641 0.780398 0.754023 0.763889 0.710790 0.721075
0.753492 0.780279 0.753833 0.764073 0.710704 0.721288
0.753208 0.780074 0.753265 0.764426 0.710542 0.721505
0.753651 0.780531 0.753941 0.763789 0.710820 0.721006
0.753636 0.780367 0.753894 0.764138 0.710767 0.721181
0.753453 0.780144 0.753577 0.764389 0.710730 0.721543
0.753680 0.780071 0.753748 0.763735 0.710681 0.720893
0.753446 0.780163 0.753571 0.764167 0.710507 0.721324
0.753127 0.779899 0.753250 0.764319 0.710416 0.721438
0.753681 0.780853 0.754377 0.763634 0.711024 0.721000
0.753638 0.779897 0.753436 0.764068 0.710447 0.721211
0.753352 0.780423 0.753588 0.764557 0.710867 0.721501
0.753558 0.779490 0.753326 0.763600 0.710376 0.720893
0.753435 0.781255 0.754447 0.764372 0.711492 0.721337
0.753119 0.778229 0.752216 0.763973 0.709478 0.721172
0.753575 0.782670 0.755779 0.764339 0.712382 0.721269
0.752886 0.776325 0.751080 0.763107 0.708213 0.720604
0.753004 0.784193 0.755962 0.765388 0.713629 0.721577
0.752762 0.774802 0.750235 0.762260 0.707589 0.720416
0.753666 0.783608 0.756424 0.764785 0.713306 0.721540
0.753299 0.778634 0.752500 0.764028 0.709840 0.721385
0.753305 0.778268 0.752801 0.763383 0.709485 0.720956
0.753479 0.784250 0.756674 0.764565 0.713521 0.721101
0.753010 0.776917 0.751227 0.763499 0.708762 0.720904
0.753392 0.782126 0.755166 0.764644 0.712243 0.721506
0.753347 0.780704 0.754186 0.764161 0.711131 0.721228
0.752730 0.776306 0.750664 0.763464 0.708491 0.720941
0.753538 0.782448 0.755438 0.764536 0.712546 0.721601
0.753758 0.779558 0.753470 0.763819 0.710356 0.721193
0.753402 0.779098 0.752969 0.764015 0.709905 0.720802
0.753460 0.781868 0.754892 0.764426 0.711887 0.721081
0.752812 0.777369 0.751970 0.763397 0.708716 0.720329
0.753490 0.781839 0.754705 0.764511 0.711963 0.721342
0.753681 0.781541 0.754872 0.764195 0.711953 0.721302
0.753204 0.778554 0.752640 0.763714 0.709679 0.720929
0.752975 0.780627 0.753674 0.764456 0.710812 0.721128
0.753251 0.779461 0.753346 0.763906 0.709743 0.720597
0.753683 0.779931 0.753667 0.763550 0.710427 0.720837
0.753667 0.782018 0.754921 0.764376 0.712117 0.721157
0.753458 0.779970 0.753672 0.763775 0.710498 0.721016
0.753035 0.780020 0.753397 0.764262 0.710333 0.721132
0.753102 0.780410 0.753575 0.764729 0.710715 0.721205
0.753465 0.778832 0.752949 0.764007 0.709698 0.720855
0.753587 0.781627 0.754871 0.764136 0.711724 0.721056
0.753533 0.780537 0.754105 0.764120 0.710824 0.721073
0.753308 0.779712 0.753532 0.764071 0.709982 0.720788
0.753343 0.780777 0.754085 0.764418 0.710838 0.720999
0.753194 0.778965 0.752803 0.763952 0.709685 0.720845
0.753414 0.780956 0.754242 0.764209 0.711248 0.721139
0.753440 0.780434 0.753864 0.764185 0.710830 0.721133
0.753287 0.779963 0.753496 0.764005 0.710202 0.721074
0.753456 0.781229 0.754675 0.764273 0.711339 0.720974
0.753445 0.779676 0.753440 0.763922 0.710085 0.720980
0.753425 0.780929 0.754240 0.764289 0.710933 0.720960
0.753344 0.780203 0.753643 0.763904 0.710446 0.720797
0.753274 0.779733 0.753334 0.763901 0.710111 0.720877
0.753279 0.780847 0.754049 0.764258 0.711006 0.721154
0.753449 0.779695 0.753320 0.763827 0.710266 0.720940
0.753351 0.780912 0.754189 0.764271 0.711179 0.721171
0.753160 0.780036 0.753585 0.764085 0.710306 0.721017
0.753387 0.780670 0.753993 0.764180 0.710738 0.720993
0.753330 0.780674 0.754007 0.764235 0.710849 0.721099
0.753295 0.779913 0.753353 0.763908 0.710322 0.721053
0.753342 0.780878 0.754180 0.764191 0.711063 0.721148
0.753175 0.779846 0.753370 0.763870 0.710187 0.721033
0.753328 0.780707 0.754057 0.764259 0.710841 0.721111
0.753296 0.780127 0.753571 0.763824 0.710510 0.721040
0.753242 0.780392 0.753728 0.764033 0.710661 0.721024
0.753307 0.780440 0.753842 0.764040 0.710748 0.721016
0.753280 0.780106 0.753522 0.763910 0.710485 0.720938
0.753277 0.780535 0.753852 0.764083 0.710817 0.721234
0.753230 0.779957 0.753373 0.763924 0.710249 0.720967
0.753257 0.780667 0.754038 0.764197 0.710861 0.721064
0.753272 0.779879 0.753488 0.763881 0.710279 0.720952
0.753343 0.780898 0.754322 0.764196 0.711175 0.721148
0.753267 0.779787 0.753327 0.763865 0.710199 0.721040
0.753208 0.780835 0.754123 0.764249 0.711001 0.721167
0.753329 0.779773 0.753418 0.763978 0.710212 0.720962
0.753317 0.781007 0.754235 0.764278 0.711083 0.721165
0.753379 0.779864 0.753430 0.763955 0.710206 0.720877
0.753350 0.781209 0.754391 0.764308 0.711299 0.721038
0.753234 0.779412 0.753196 0.763945 0.709890 0.720895
0.753309 0.781356 0.754580 0.764353 0.711410 0.720970
0.753228 0.779248 0.753148 0.763855 0.709766 0.720882
0.753305 0.781364 0.754732 0.764519 0.711550 0.721008
0.753189 0.778948 0.752957 0.763779 0.709655 0.720651
0.753300 0.781681 0.754949 0.764681 0.711781 0.721211
0.753203 0.778558 0.752823 0.763611 0.709492 0.720644
0.753296 0.781724 0.754964 0.764699 0.711752 0.721261
0.753102 0.778344 0.752650 0.763652 0.709286 0.720685
0.753292 0.781814 0.755116 0.764568 0.711902 0.721204
0.753219 0.778879 0.752917 0.763731 0.709716 0.720835
0.753277 0.781389 0.754657 0.764449 0.711498 0.721035
0.753180 0.779446 0.753268 0.763940 0.709842 0.720824
0.753236 0.780846 0.754183 0.764231 0.711034 0.721118
0.753399 0.780171 0.753606 0.763944 0.710556 0.720919
0.753286 0.780492 0.753817 0.764097 0.710679 0.720999
0.753247 0.780515 0.753906 0.764136 0.710693 0.720979
0.753299 0.779859 0.753449 0.763895 0.710242 0.720887
0.753253 0.781091 0.754340 0.764343 0.711232 0.721121
0.753298 0.779737 0.753439 0.763947 0.710023 0.720775
0.753303 0.781487 0.754814 0.764536 0.711637 0.721058
0.753193 0.778376 0.752640 0.763642 0.709430 0.720694
0.753227 0.782415 0.755350 0.764748 0.712324 0.721215
0.753117 0.777621 0.752029 0.763461 0.708863 0.720721
0.753327 0.783023 0.755841 0.764789 0.712774 0.721398
0.753003 0.777183 0.751716 0.763251 0.708668 0.720645
0.753386 0.782120 0.755253 0.764736 0.712176 0.721214
0.753305 0.779496 0.753218 0.763873 0.710005 0.720841
0.753329 0.780334 0.753720 0.764081 0.710645 0.721048
0.753308 0.781101 0.754365 0.764510 0.711339 0.721135
0.753050 0.778129 0.752444 0.763682 0.709138 0.720668
0.753454 0.783206 0.755966 0.764555 0.712755 0.721151
0.753285 0.777871 0.752286 0.763473 0.709113 0.720824
0.753118 0.781364 0.754504 0.764479 0.711533 0.721212
0.752981 0.778930 0.752915 0.763800 0.709518 0.720757
0.753395 0.780418 0.753871 0.763914 0.710569 0.720915
0.753444 0.781853 0.755057 0.764462 0.712021 0.721252
0.753208 0.778652 0.752735 0.763614 0.709575 0.720705
0.753083 0.782216 0.755157 0.764775 0.711928 0.721204
0.753163 0.778140 0.752306 0.763694 0.709206 0.720658
0.753316 0.781416 0.754786 0.764319 0.711709 0.721128
0.753412 0.780297 0.753788 0.763957 0.710656 0.721073
0.753267 0.779938 0.753588 0.763914 0.710222 0.720779
0.753217 0.781256 0.754423 0.764545 0.711361 0.720991
0.753054 0.778170 0.752390 0.763610 0.709196 0.720745
0.753462 0.782390 0.755196 0.764550 0.712347 0.721348
0.753328 0.778510 0.752616 0.763884 0.709403 0.720798
0.753400 0.781524 0.754981 0.764355 0.711568 0.720935
0.753107 0.779497 0.753273 0.764038 0.709935 0.720813
0.753432 0.780137 0.753656 0.763749 0.710448 0.720842
0.753223 0.781421 0.754684 0.764589 0.711544 0.721179
0.753018 0.778636 0.752600 0.763844 0.709422 0.720673
0.753398 0.781815 0.754988 0.764337 0.711851 0.721226
0.753202 0.777992 0.752041 0.763953 0.709251 0.720897
0.753518 0.781964 0.755218 0.764288 0.711913 0.721036
0.753423 0.779909 0.753534 0.764047 0.710310 0.720936
0.753250 0.780125 0.753538 0.764027 0.710337 0.720889
0.753335 0.781051 0.754481 0.764440 0.711311 0.721056
0.753184 0.778769 0.752725 0.763834 0.709552 0.720868
0.753568 0.782219 0.755290 0.764397 0.712180 0.721147
0.753292 0.778325 0.752580 0.763874 0.709456 0.720663
0.753400 0.781879 0.755128 0.764543 0.711838 0.721134
0.753328 0.779650 0.753400 0.763949 0.710079 0.720898
0.753255 0.780216 0.753660 0.764014 0.710543 0.720978
0.753384 0.781354 0.754724 0.764290 0.711454 0.720956
0.753264 0.778927 0.752975 0.764038 0.709653 0.720795
0.753440 0.782010 0.755126 0.764485 0.712052 0.721255
0.753191 0.778185 0.752431 0.763579 0.709318 0.720694
0.753216 0.781855 0.755093 0.764804 0.711820 0.721172
0.753355 0.779566 0.753530 0.763880 0.709998 0.720720
0.753421 0.780851 0.754190 0.764223 0.711098 0.721074
0.753393 0.781072 0.754507 0.764137 0.711254 0.721026
0.753279 0.779218 0.753154 0.763821 0.709753 0.720766
0.753288 0.781925 0.755051 0.764645 0.711942 0.721353
0.753321 0.778635 0.752916 0.763495 0.709658 0.720545
0.753167 0.781685 0.754786 0.764827 0.711730 0.721312
0.753224 0.779195 0.753229 0.763836 0.709654 0.720606
0.753455 0.781121 0.754579 0.764009 0.711146 0.720964
0.753396 0.780634 0.753918 0.764252 0.710949 0.721162
0.753336 0.779663 0.753457 0.763871 0.710210 0.720805
0.753346 0.781412 0.754715 0.764635 0.711576 0.721132
0.753173 0.778887 0.752906 0.763812 0.709559 0.720717
0.753324 0.781877 0.755099 0.764487 0.711845 0.721088
0.753219 0.779040 0.753040 0.764077 0.709676 0.720763
0.753667 0.781604 0.754898 0.764008 0.711678 0.720914
0.753210 0.779590 0.753098 0.764040 0.710137 0.721113
0.753408 0.780869 0.754337 0.764092 0.711133 0.721131
0.753330 0.780606 0.754049 0.764192 0.710857 0.721052
0.753206 0.780145 0.753578 0.764169 0.710380 0.720992
0.753519 0.781240 0.754688 0.764006 0.711135 0.720824
0.753069 0.779621 0.753216 0.764133 0.710102 0.721021
0.753552 0.781570 0.754851 0.764089 0.711641 0.720974
0.753295 0.779396 0.753023 0.764040 0.710040 0.721065
0.753295 0.781184 0.754375 0.764499 0.711404 0.721080
0.753285 0.779223 0.753262 0.763829 0.709751 0.720674
0.753237 0.781829 0.755019 0.764642 0.711772 0.721148
0.753442 0.779521 0.753399 0.763532 0.709991 0.720659
0.753286 0.781372 0.754636 0.764654 0.711539 0.721260
0.753102 0.778943 0.752822 0.763826 0.709592 0.720891
0.753463 0.781634 0.754859 0.764226 0.711671 0.721008
0.753186 0.779540 0.753257 0.764208 0.710085 0.720932
0.753582 0.781587 0.754880 0.764075 0.711562 0.720779
0.753120 0.779477 0.753060 0.764078 0.709940 0.721003
0.753242 0.781060 0.754351 0.764313 0.711217 0.721040
0.753276 0.780254 0.753704 0.764177 0.710499 0.720970
0.753383 0.780949 0.754207 0.764312 0.710955 0.721079
0.753462 0.779911 0.753631 0.763746 0.710378 0.720674
0.753328 0.780871 0.754214 0.764355 0.711200 0.721093
0.753349 0.780423 0.753903 0.764042 0.710704 0.721049
0.753379 0.781030 0.754491 0.764271 0.711161 0.720986
0.753160 0.779940 0.753455 0.764143 0.710271 0.721074
0.753472 0.781287 0.754666 0.763964 0.711388 0.720896
0.753394 0.779730 0.753228 0.764034 0.710311 0.721078
0.753505 0.781489 0.754672 0.764328 0.711613 0.721096
0.753148 0.778946 0.753068 0.763973 0.709515 0.720700
0.753317 0.782167 0.755301 0.764547 0.712015 0.721172
0.753308 0.778151 0.752539 0.763542 0.709260 0.720713
0.753185 0.783166 0.755721 0.764895 0.712963 0.721318
0.752913 0.776729 0.751366 0.763246 0.708312 0.720518
0.753586 0.783606 0.756193 0.764412 0.713117 0.721157
0.753157 0.777770 0.752030 0.763711 0.709158 0.720982
0.753532 0.781180 0.754608 0.763844 0.711409 0.720896
0.753067 0.780721 0.754098 0.764500 0.710991 0.721119
0.753143 0.778857 0.752823 0.763863 0.709449 0.720712
0.753846 0.783392 0.756070 0.764079 0.712957 0.720888
0.752854 0.776510 0.750909 0.763650 0.708562 0.721068
0.753569 0.782452 0.755372 0.764461 0.712196 0.721174
0.753245 0.779128 0.753119 0.763661 0.709811 0.720744
0.753433 0.779358 0.753030 0.764095 0.710102 0.721107
0.753609 0.782157 0.755300 0.764214 0.712209 0.720992
0.753128 0.778431 0.752764 0.763671 0.709108 0.720512
0.753392 0.782945 0.755736 0.764788 0.712696 0.721272
0.753446 0.778903 0.752921 0.763800 0.709832 0.720801
0.753326 0.780754 0.754024 0.764368 0.711156 0.721218
0.753598 0.780869 0.754236 0.763770 0.711150 0.720846
0.753281 0.778371 0.752798 0.763481 0.709415 0.720620
0.753386 0.782259 0.755329 0.764618 0.712149 0.721132
0.753314 0.779340 0.753229 0.763705 0.709833 0.720637
0.753344 0.781130 0.754511 0.764595 0.711293 0.721016
0.753318 0.780489 0.753849 0.764258 0.710787 0.720973
0.753238 0.779763 0.753496 0.764021 0.710113 0.720932
0.753429 0.781592 0.754865 0.764727 0.711815 0.721302
0.753373 0.778886 0.752864 0.763729 0.709745 0.720662
0.753566 0.781723 0.754779 0.764222 0.711558 0.720940
0.753443 0.779987 0.753522 0.764057 0.710389 0.720939
0.753532 0.780260 0.753730 0.763858 0.710795 0.721090
0.753402 0.781359 0.754761 0.764273 0.711431 0.721075
0.753089 0.779768 0.753527 0.764253 0.710005 0.720802
0.753248 0.781835 0.755093 0.764416 0.711822 0.721144
0.753328 0.778988 0.752938 0.763809 0.709859 0.720876
0.753679 0.781680 0.754832 0.764154 0.711724 0.721004
0.753402 0.779866 0.753487 0.764017 0.710348 0.720963
0.753419 0.780732 0.754280 0.764285 0.711027 0.721127
0.753521 0.781029 0.754433 0.764157 0.711106 0.720906
0.753312 0.780210 0.753872 0.764136 0.710361 0.720880
0.753418 0.781605 0.754976 0.764335 0.711516 0.720902
0.753263 0.779457 0.753245 0.763724 0.710024 0.720846
0.753443 0.781902 0.754950 0.764428 0.711913 0.721224
0.753238 0.779388 0.753287 0.763970 0.709813 0.720773
0.753321 0.781410 0.754708 0.764325 0.711360 0.721060
0.753327 0.780040 0.753645 0.763966 0.710398 0.720972
0.753467 0.781075 0.754459 0.764329 0.711215 0.721112
0.753408 0.780767 0.754151 0.764337 0.711012 0.721097
0.753295 0.779946 0.753568 0.763998 0.710369 0.720881
0.753424 0.781526 0.754735 0.764154 0.711437 0.720934
0.753381 0.779964 0.753636 0.763747 0.710241 0.720748
0.753376 0.781529 0.754858 0.764365 0.711623 0.721048
0.753249 0.779277 0.753252 0.763913 0.709698 0.720735
0.753474 0.781754 0.755071 0.764551 0.711845 0.721143
0.753351 0.779243 0.753220 0.763929 0.709896 0.720867
0.753556 0.781909 0.755069 0.764474 0.711851 0.721054
0.753218 0.779129 0.753259 0.764010 0.709686 0.720749
0.753649 0.782009 0.755242 0.764370 0.711920 0.721056
0.753255 0.779434 0.753360 0.763981 0.709914 0.720825
0.753332 0.781406 0.754689 0.764413 0.711425 0.721038
0.753332 0.779868 0.753520 0.764026 0.710251 0.720908
0.753503 0.781295 0.754639 0.764225 0.711430 0.721013
0.753366 0.780433 0.753853 0.764113 0.710803 0.721004
0.753440 0.780740 0.754151 0.764205 0.710911 0.721025
0.753470 0.780857 0.754275 0.764393 0.711036 0.721073
0.753469 0.780281 0.753800 0.763978 0.710749 0.720949
0.753468 0.781132 0.754520 0.764272 0.711279 0.720967
0.753299 0.780165 0.753783 0.763920 0.710425 0.720868
0.753418 0.781458 0.754781 0.764697 0.711565 0.721147
0.753316 0.779415 0.753437 0.763925 0.710051 0.720788
0.753359 0.782148 0.755289 0.764699 0.712034 0.721194
0.753274 0.778668 0.752768 0.763817 0.709462 0.720701
0.753510 0.783231 0.755838 0.764545 0.712878 0.721162
0.753197 0.777379 0.751678 0.763626 0.708862 0.720911
0.753492 0.782991 0.755837 0.764333 0.712675 0.721099
0.753000 0.777839 0.752008 0.763747 0.709030 0.720796
0.753780 0.782235 0.755307 0.764147 0.712174 0.720961
0.753240 0.780086 0.753361 0.764185 0.710527 0.721196
0.753322 0.779995 0.753704 0.763949 0.710257 0.720789
0.753296 0.781855 0.755036 0.764580 0.711906 0.721188
0.753303 0.777820 0.752100 0.763836 0.709112 0.720792
0.753712 0.782778 0.755655 0.764191 0.712477 0.721068
0.753088 0.777806 0.751986 0.763766 0.708912 0.720780
0.753706 0.782263 0.755398 0.764168 0.712108 0.720914
0.753338 0.780076 0.753541 0.764149 0.710488 0.721060
0.753231 0.780225 0.753882 0.764174 0.710515 0.720964
0.753413 0.782169 0.755280 0.764461 0.712040 0.721107
0.753181 0.778255 0.752377 0.763807 0.709264 0.720749
0.753565 0.782872 0.755886 0.764415 0.712665 0.721209
0.753281 0.778073 0.752538 0.763685 0.709249 0.720796
0.753485 0.781363 0.754714 0.764438 0.711482 0.721125
0.753545 0.780780 0.754254 0.763914 0.711063 0.720949
0.753143 0.779615 0.753220 0.764109 0.710123 0.721151
0.753610 0.782854 0.755709 0.764452 0.712653 0.721049
0.753216 0.777455 0.751943 0.763486 0.708722 0.720682
0.753483 0.782748 0.755756 0.764762 0.712665 0.721412
0.753596 0.779307 0.753449 0.763237 0.710198 0.721001
0.753128 0.780250 0.753581 0.764185 0.710378 0.721153
0.753558 0.781794 0.754993 0.763903 0.711497 0.720715
0.753262 0.779102 0.753004 0.764103 0.709642 0.720930
0.753581 0.782941 0.755693 0.764555 0.712829 0.721258
0.753036 0.777397 0.751890 0.763429 0.708771 0.720742
0.753312 0.781468 0.754696 0.764701 0.711511 0.721200
0.753511 0.780460 0.754068 0.763676 0.710854 0.721043
0.753498 0.779246 0.753224 0.763555 0.710243 0.720935
0.753539 0.781834 0.755076 0.764619 0.711779 0.721172
0.753093 0.778135 0.752371 0.763743 0.708931 0.720727
0.753442 0.783205 0.755967 0.764642 0.712819 0.721341
0.753484 0.779468 0.753248 0.764010 0.710287 0.721266
0.753374 0.780574 0.753950 0.763848 0.710842 0.720933
0.753217 0.780998 0.754386 0.764259 0.710834 0.720778
0.753387 0.779556 0.753401 0.763507 0.709966 0.720498
0.753618 0.782455 0.755614 0.764312 0.712328 0.720968
0.753019 0.779258 0.752968 0.764164 0.709736 0.720947
0.753327 0.780990 0.754437 0.764417 0.711031 0.721010
0.753335 0.780597 0.754197 0.764345 0.711065 0.721121
0.753737 0.779669 0.753577 0.763421 0.710362 0.720869
0.753508 0.782223 0.755419 0.764397 0.712003 0.721024
0.752997 0.779108 0.753088 0.764061 0.709276 0.720649
0.753447 0.781425 0.754759 0.764207 0.711361 0.720991
0.753357 0.779962 0.753308 0.764039 0.710526 0.721175
0.753560 0.780818 0.754250 0.763851 0.711126 0.720935
0.753488 0.781267 0.754575 0.764298 0.711222 0.720941
0.753258 0.779806 0.753589 0.764142 0.710014 0.720857
0.753613 0.781879 0.755141 0.764420 0.711828 0.721193
0.753362 0.779889 0.753348 0.764069 0.710396 0.721066
0.753436 0.781091 0.754541 0.764332 0.711420 0.721144
0.753302 0.780276 0.753861 0.764144 0.710621 0.720999
0.753412 0.780925 0.754358 0.764264 0.711039 0.721026
0.753616 0.781387 0.754818 0.764212 0.711368 0.721006
0.753197 0.779879 0.753466 0.764144 0.710256 0.720943
0.753551 0.781243 0.754617 0.764495 0.711433 0.721202
0.753389 0.779945 0.753553 0.763968 0.710293 0.720910
0.753588 0.781580 0.754900 0.764258 0.711568 0.720967
0.753192 0.779850 0.753600 0.764095 0.710067 0.720769
0.753433 0.781341 0.754582 0.764385 0.711195 0.720971
0.753430 0.780468 0.753902 0.763987 0.710802 0.721008
0.753444 0.780901 0.754269 0.764399 0.711140 0.721046
0.753433 0.780716 0.754160 0.763887 0.710890 0.721046
0.753373 0.780681 0.754099 0.764254 0.710846 0.721045
0.753500 0.780999 0.754406 0.763983 0.711028 0.720907
0.753234 0.780271 0.753804 0.764261 0.710589 0.721064
0.753522 0.781132 0.754529 0.764100 0.711270 0.721014
0.753264 0.780218 0.753615 0.764223 0.710482 0.721021
0.753587 0.781553 0.754820 0.764184 0.711473 0.721069
0.753135 0.779923 0.753548 0.764191 0.710286 0.721046
0.753553 0.781711 0.754958 0.764227 0.711656 0.721079
0.753124 0.779560 0.753282 0.764135 0.709999 0.720991
0.753765 0.782134 0.755444 0.764267 0.712023 0.721012
0.753240 0.778798 0.752842 0.763990 0.709535 0.720916
0.753592 0.782715 0.755687 0.764320 0.712513 0.721120
0.753193 0.778159 0.752170 0.763847 0.709219 0.720911
0.753519 0.782857 0.755803 0.764440 0.712663 0.721139
0.753227 0.778101 0.752274 0.763639 0.709174 0.720895
0.753543 0.782430 0.755429 0.764456 0.712250 0.721295
0.753446 0.779296 0.753200 0.763916 0.709991 0.721022
0.753505 0.780857 0.754340 0.764355 0.711115 0.721083
0.753546 0.781149 0.754566 0.764077 0.711210 0.721005
0.753149 0.779375 0.753234 0.764134 0.709792 0.721015
0.753850 0.782293 0.755463 0.764194 0.712108 0.720963
0.753223 0.778420 0.752405 0.764046 0.709300 0.720896
0.753672 0.782551 0.755671 0.764209 0.712294 0.721092
0.753225 0.778696 0.752731 0.764077 0.709401 0.720916
0.753763 0.781941 0.755250 0.764391 0.711940 0.721075
0.753300 0.780093 0.753719 0.764283 0.710577 0.721050
0.753444 0.781028 0.754364 0.764229 0.711121 0.721046
0.753597 0.781366 0.754637 0.764266 0.711490 0.721058
0.753307 0.779440 0.753254 0.764201 0.709966 0.721076
0.753601 0.782093 0.755462 0.764352 0.711915 0.721183
0.753252 0.778813 0.752852 0.763999 0.709449 0.720805
0.753603 0.782185 0.755372 0.764459 0.712110 0.721235
0.753389 0.779080 0.753037 0.763885 0.709751 0.720863
0.753409 0.781685 0.754947 0.764784 0.711769 0.721301
0.753600 0.779969 0.753813 0.763610 0.710412 0.720838
0.753254 0.780770 0.753961 0.764671 0.711019 0.721305
0.753681 0.780927 0.754306 0.763511 0.711019 0.720816
0.753096 0.780084 0.753474 0.764467 0.710620 0.721203
0.753578 0.781188 0.754623 0.764111 0.711322 0.721157
0.753375 0.779653 0.753392 0.764025 0.710061 0.720975
0.753393 0.781590 0.754936 0.764872 0.711712 0.721270
0.753616 0.779561 0.753483 0.763166 0.710245 0.720652
0.753286 0.781489 0.754727 0.764936 0.711523 0.721300
0.753367 0.779754 0.753603 0.763772 0.710146 0.720918
0.753625 0.781659 0.754984 0.764383 0.711752 0.721193
0.753166 0.780016 0.753417 0.764352 0.710447 0.721247
0.753672 0.781358 0.754826 0.763663 0.711286 0.720923
0.753161 0.780148 0.753542 0.764521 0.710585 0.721282
0.753547 0.780888 0.754259 0.763949 0.710969 0.721073
0.753503 0.780927 0.754295 0.764082 0.711043 0.721074
0.753259 0.780559 0.753917 0.764451 0.710788 0.721166
0.753701 0.780963 0.754421 0.763591 0.711146 0.720894
0.753346 0.780263 0.753568 0.764426 0.710856 0.721353
0.753632 0.781262 0.754514 0.764061 0.711267 0.721035
0.753265 0.780349 0.753983 0.764199 0.710499 0.721029
0.753375 0.781141 0.754471 0.764740 0.711385 0.721308
0.753637 0.780055 0.753538 0.763346 0.710502 0.720787
0.753338 0.781130 0.754497 0.764938 0.711418 0.721400
0.753431 0.779207 0.753203 0.763844 0.709905 0.720879
0.753651 0.782248 0.755570 0.764304 0.712137 0.721212
0.753131 0.778741 0.752525 0.764147 0.709492 0.721047
0.753737 0.783086 0.755963 0.764253 0.712655 0.720907
0.753141 0.777739 0.751743 0.763942 0.709176 0.720968
0.753544 0.783063 0.755815 0.764500 0.712859 0.721196
0.753299 0.778215 0.752621 0.763569 0.709179 0.720898
0.753089 0.781414 0.754491 0.764878 0.711483 0.721370
0.753549 0.779897 0.753569 0.763591 0.710523 0.720763
0.753575 0.780658 0.754173 0.764206 0.711025 0.721164
0.753596 0.781357 0.754794 0.764774 0.711423 0.721195
0.753222 0.778234 0.752640 0.763669 0.709071 0.720604
0.753409 0.783350 0.756026 0.764940 0.712767 0.721373
0.753677 0.778682 0.753024 0.763433 0.709952 0.720922
0.753611 0.781582 0.754821 0.764291 0.711614 0.720849
0.753188 0.779166 0.753087 0.764073 0.709540 0.720829
0.753728 0.781588 0.754815 0.763926 0.711571 0.721123
0.753353 0.781644 0.754904 0.764815 0.711933 0.721392
0.753091 0.779592 0.753421 0.764220 0.709865 0.720964
0.753596 0.781530 0.754950 0.764404 0.711651 0.721105
0.753469 0.778562 0.752507 0.764140 0.709604 0.721095
0.753743 0.782790 0.755834 0.764290 0.712553 0.721149
0.753391 0.780111 0.753738 0.764182 0.710578 0.721099
0.753207 0.780326 0.753880 0.764259 0.710596 0.721161
0.753659 0.781388 0.754844 0.764064 0.711255 0.720989
0.753287 0.779975 0.753568 0.764205 0.710536 0.721119
0.753618 0.781628 0.754868 0.764481 0.711799 0.721285
0.753363 0.779244 0.753398 0.763968 0.709779 0.720836
0.753450 0.781683 0.755083 0.764891 0.711693 0.721279
0.753510 0.779401 0.753277 0.763632 0.710212 0.720896
0.753441 0.781317 0.754681 0.764550 0.711463 0.721230
0.753332 0.780333 0.753895 0.764301 0.710660 0.721050
0.753440 0.780548 0.754150 0.764025 0.710881 0.721050
0.753472 0.781032 0.754387 0.764545 0.711204 0.721181
0.753543 0.779854 0.753681 0.763632 0.710374 0.720824
0.753635 0.781456 0.754775 0.764745 0.711718 0.721267
0.753320 0.779693 0.753588 0.764250 0.710323 0.721232
0.753757 0.781913 0.755375 0.764302 0.711902 0.721150
0.753230 0.779365 0.753213 0.764122 0.709957 0.721039
0.753802 0.781973 0.755157 0.764224 0.711971 0.721005
0.753299 0.780135 0.753665 0.764311 0.710538 0.721112
0.753530 0.781444 0.754711 0.764418 0.711469 0.721237
0.753453 0.780133 0.753892 0.763942 0.710646 0.721036
0.753522 0.780967 0.754247 0.764476 0.711042 0.721212
0.753530 0.780961 0.754311 0.763794 0.711057 0.720966
0.753432 0.780811 0.754215 0.764392 0.710921 0.721159
0.753414 0.780669 0.754100 0.764243 0.710923 0.721041
0.753415 0.780681 0.754201 0.764106 0.710986 0.721113
0.753480 0.781000 0.754397 0.764499 0.711232 0.721292
0.753600 0.780556 0.754128 0.763860 0.710915 0.721015
0.753393 0.780888 0.754302 0.764611 0.711010 0.721201
0.753399 0.780333 0.753950 0.764079 0.710701 0.721035
0.753498 0.781349 0.754611 0.764684 0.711531 0.721262
0.753222 0.779861 0.753474 0.764099 0.710265 0.721124
0.753748 0.781959 0.755269 0.764427 0.711966 0.721158
0.753301 0.778903 0.752892 0.764098 0.709609 0.721058
0.753432 0.783055 0.755955 0.764410 0.712606 0.721065
0.753183 0.777571 0.751773 0.763738 0.708925 0.720915
0.753480 0.783816 0.756246 0.764627 0.713192 0.721265
0.753032 0.776942 0.751615 0.763553 0.708598 0.720777
0.753538 0.782609 0.755683 0.764656 0.712596 0.721296
0.753351 0.779297 0.753347 0.764071 0.709916 0.721132
0.753376 0.780686 0.753975 0.764186 0.710848 0.721163
0.753544 0.781683 0.755051 0.764522 0.711888 0.721278
0.753263 0.777651 0.752170 0.763630 0.708969 0.720805
0.753538 0.783710 0.756355 0.764402 0.713101 0.721192
0.753311 0.777715 0.752396 0.763636 0.709217 0.721018
0.753500 0.781509 0.754832 0.764455 0.711600 0.721122
0.753400 0.780653 0.754056 0.764054 0.710867 0.721026
0.753476 0.779450 0.753341 0.763776 0.710094 0.720993
0.753419 0.783473 0.756033 0.764660 0.712900 0.721123
0.753235 0.777797 0.752216 0.763630 0.708999 0.720670
0.753617 0.782514 0.755703 0.764535 0.712569 0.721342
0.753654 0.779273 0.753396 0.764050 0.710145 0.721311
0.753577 0.780772 0.754230 0.763971 0.711079 0.721071
0.753558 0.781550 0.754890 0.764669 0.711691 0.721250
0.753343 0.778534 0.752728 0.763791 0.709388 0.720665
0.753495 0.783671 0.756253 0.764502 0.712814 0.721082
0.753426 0.778079 0.752622 0.763747 0.709344 0.720946
0.753584 0.781275 0.754841 0.764354 0.711531 0.721252
0.753527 0.781202 0.754658 0.764513 0.711408 0.721202
0.753589 0.779365 0.753314 0.763939 0.710289 0.721114
0.753433 0.782209 0.755309 0.764857 0.712133 0.721307
0.753237 0.778774 0.752886 0.763837 0.709309 0.720800
0.753682 0.782294 0.755647 0.764490 0.712088 0.721395
0.753516 0.780001 0.753805 0.764327 0.710563 0.721397
0.753479 0.780312 0.754099 0.763810 0.710577 0.721002
0.753366 0.781310 0.754688 0.764699 0.711332 0.721222
0.753385 0.781330 0.754567 0.764571 0.711257 0.721225
0.753443 0.781008 0.754338 0.764343 0.711057 0.721198
0.753418 0.780586 0.754178 0.764002 0.710818 0.721099
0.753465 0.780201 0.753973 0.763823 0.710587 0.721049
0.753404 0.780155 0.753905 0.763744 0.710568 0.721032
0.753454 0.780320 0.753989 0.763900 0.710734 0.721058
0.753412 0.780625 0.754226 0.764052 0.710913 0.721095
0.753402 0.780978 0.754443 0.764339 0.711037 0.721143
0.753404 0.781207 0.754605 0.764489 0.711254 0.721248
0.753467 0.781228 0.754646 0.764519 0.711249 0.721207
0.753385 0.781120 0.754513 0.764536 0.711128 0.721214
0.753374 0.780901 0.754332 0.764405 0.710980 0.721139
0.753391 0.780574 0.754269 0.764168 0.710925 0.721083
0.753353 0.780440 0.754092 0.764031 0.710765 0.721019
0.753354 0.780441 0.754074 0.763948 0.710748 0.721063
0.753390 0.780465 0.754174 0.764011 0.710876 0.721098
0.753474 0.780757 0.754367 0.764056 0.711128 0.721157
0.753496 0.780978 0.754501 0.764315 0.711224 0.721191
0.753441 0.781080 0.754567 0.764504 0.711262 0.721244
0.753448 0.781153 0.754590 0.764536 0.711267 0.721248
0.753468 0.781083 0.754509 0.764463 0.711212 0.721176
0.753492 0.780938 0.754392 0.764365 0.711113 0.721139
0.753403 0.780774 0.754287 0.764195 0.711000 0.721107
0.753353 0.780579 0.754101 0.764103 0.710828 0.721086
0.753325 0.780539 0.754117 0.764035 0.710853 0.721084
0.753312 0.780562 0.754118 0.764083 0.710882 0.721074
0.753364 0.780726 0.754317 0.764156 0.710980 0.721115
0.753467 0.780869 0.754391 0.764143 0.711068 0.721133
0.753477 0.780969 0.754446 0.764306 0.711056 0.721134
0.753468 0.780968 0.754454 0.764351 0.711051 0.721151
0.753459 0.780973 0.754426 0.764365 0.711048 0.721198
0.753470 0.780914 0.754361 0.764199 0.711051 0.721129
0.753443 0.780749 0.754326 0.764159 0.711007 0.721124
0.753406 0.780679 0.754304 0.764173 0.711010 0.721150
0.753391 0.780686 0.754284 0.764183 0.711025 0.721149
0.753385 0.780739 0.754301 0.764159 0.711035 0.721103
0.753430 0.780887 0.754331 0.764148 0.711061 0.721082
0.753464 0.780907 0.754395 0.764282 0.711092 0.721182
0.753474 0.780946 0.754378 0.764372 0.711104 0.721171
0.753476 0.780942 0.754382 0.764370 0.711109 0.721179
0.753474 0.780901 0.754385 0.764270 0.711109 0.721208
0.753454 0.780888 0.754366 0.764172 0.711081 0.721116
0.753425 0.780788 0.754317 0.764163 0.711026 0.721131
0.753397 0.780732 0.754265 0.764132 0.710995 0.721148
0.753395 0.780739 0.754269 0.764118 0.711002 0.721132
0.753412 0.780763 0.754299 0.764114 0.711021 0.721103
0.753420 0.780831 0.754359 0.764152 0.711058 0.721062
0.753441 0.780882 0.754373 0.764146 0.711053 0.721061
0.753458 0.780924 0.754359 0.764183 0.711047 0.721111
0.753461 0.780917 0.754363 0.764205 0.711041 0.721092
0.753429 0.780859 0.754338 0.764174 0.711032 0.721069
0.753408 0.780820 0.754294 0.764185 0.711036 0.721098
0.753421 0.780795 0.754293 0.764166 0.711034 0.721127
0.753419 0.780794 0.754280 0.764160 0.711037 0.721119
0.753404 0.780809 0.754295 0.764158 0.711062 0.721106
0.753426 0.780854 0.754329 0.764151 0.711057 0.721068
0.753462 0.780913 0.754385 0.764169 0.711067 0.721076
0.753455 0.780925 0.754377 0.764201 0.711064 0.721113
0.753463 0.780921 0.754391 0.764210 0.711079 0.721096
0.753443 0.780889 0.754378 0.764167 0.711079 0.721091
0.753418 0.780848 0.754343 0.764173 0.711084 0.721087
0.753430 0.780805 0.754335 0.764155 0.711048 0.721126
0.753423 0.780800 0.754322 0.764144 0.711030 0.721140
0.753442 0.780806 0.754322 0.764149 0.711040 0.721123
0.753422 0.780817 0.754334 0.764195 0.711051 0.721106
0.753450 0.780872 0.754361 0.764192 0.711065 0.721089
0.753461 0.780893 0.754376 0.764184 0.711051 0.721079
0.753467 0.780903 0.754378 0.764186 0.711048 0.721082
0.753464 0.780887 0.754355 0.764186 0.711052 0.721090
0.753435 0.780832 0.754340 0.764195 0.711056 0.721088
0.753422 0.780815 0.754319 0.764199 0.711052 0.721105
0.753418 0.780812 0.754297 0.764208 0.711037 0.721130
0.753429 0.780816 0.754304 0.764212 0.711047 0.721114
0.753436 0.780828 0.754330 0.764205 0.711056 0.721102
0.753443 0.780826 0.754326 0.764194 0.711076 0.721103
0.753459 0.780847 0.754316 0.764199 0.711083 0.721106
0.753464 0.780858 0.754314 0.764199 0.711078 0.721103
0.753460 0.780831 0.754335 0.764204 0.711073 0.721112
0.753451 0.780830 0.754337 0.764220 0.711066 0.721117
0.753447 0.780825 0.754326 0.764231 0.711066 0.721117
0.753437 0.780808 0.754297 0.764223 0.711061 0.721124
0.753440 0.780807 0.754291 0.764213 0.711064 0.721120
0.753434 0.780807 0.754292 0.764213 0.711064 0.721125
0.753445 0.780820 0.754309 0.764210 0.711052 0.721121
0.753456 0.780815 0.754295 0.764220 0.711057 0.721117
0.753469 0.780832 0.754304 0.764223 0.711063 0.721119
0.753460 0.780832 0.754305 0.764228 0.711051 0.721131
0.753460 0.780848 0.754309 0.764219 0.711046 0.721133
0.753454 0.780844 0.754311 0.764202 0.711042 0.721129
0.753444 0.780839 0.754303 0.764206 0.711057 0.721122
0.753437 0.780831 0.754310 0.764211 0.711054 0.721130
0.753440 0.780828 0.754311 0.764210 0.711043 0.721124
0.753446 0.780840 0.754303 0.764220 0.711041 0.721125
0.753447 0.780848 0.754304 0.764221 0.711048 0.721123
0.753451 0.780856 0.754312 0.764215 0.711058 0.721121
0.753451 0.780856 0.754312 0.764219 0.711057 0.721117
0.753442 0.780860 0.754311 0.764219 0.711053 0.721123
0.753438 0.780859 0.754311 0.764219 0.711048 0.721131
0.753443 0.780859 0.754307 0.764213 0.711042 0.721137
0.753437 0.780855 0.754307 0.764208 0.711046 0.721137
0.753442 0.780860 0.754315 0.764209 0.711051 0.721126
0.753455 0.780864 0.754318 0.764202 0.711052 0.721135
0.753462 0.780860 0.754320 0.764207 0.711056 0.721131
0.753465 0.780868 0.754329 0.764203 0.711057 0.721131
0.753469 0.780872 0.754333 0.764200 0.711062 0.721132
0.753469 0.780868 0.754337 0.764200 0.711057 0.721138
0.753465 0.780872 0.754340 0.764205 0.711063 0.721130
0.753462 0.780876 0.754336 0.764209 0.711058 0.721122
0.753460 0.780884 0.754340 0.764205 0.711059 0.721117
0.753463 0.780889 0.754337 0.764202 0.711064 0.721118
0.753469 0.780885 0.754337 0.764193 0.711056 0.721122
0.753469 0.780881 0.754337 0.764193 0.711056 0.721122
0.753473 0.780881 0.754341 0.764193 0.711062 0.721125
0.753470 0.780873 0.754345 0.764208 0.711062 0.721122
0.753473 0.780877 0.754345 0.764202 0.711061 0.721118
0.753470 0.780870 0.754345 0.764198 0.711062 0.721122
0.753471 0.780878 0.754345 0.764193 0.711050 0.721120
0.753474 0.780875 0.754334 0.764193 0.711047 0.721123
0.753476 0.780871 0.754338 0.764197 0.711044 0.721123
0.753468 0.780874 0.754345 0.764201 0.711044 0.721127
0.753467 0.780872 0.754342 0.764201 0.711033 0.721130
0.753466 0.780872 0.754342 0.764208 0.711033 0.721139
0.753466 0.780872 0.754341 0.764208 0.711030 0.721136
0.753469 0.780873 0.754344 0.764208 0.711030 0.721135
0.753471 0.780873 0.754341 0.764213 0.711038 0.721135
0.753473 0.780873 0.754338 0.764209 0.711042 0.721139
0.753473 0.780869 0.754338 0.764209 0.711039 0.721136
0.753475 0.780865 0.754331 0.764205 0.711039 0.721141
0.753475 0.780861 0.754331 0.764205 0.711042 0.721136
0.753475 0.780861 0.754331 0.764209 0.711042 0.721133
0.753469 0.780869 0.754334 0.764214 0.711038 0.721133
0.753469 0.780872 0.754334 0.764206 0.711034 0.721126
0.753469 0.780868 0.754338 0.764202 0.711035 0.721126
0.753466 0.780858 0.754332 0.764202 0.711040 0.721126
0.753466 0.780857 0.754328 0.764209 0.711032 0.721133
0.753463 0.780857 0.754328 0.764210 0.711036 0.721136
0.753464 0.780857 0.754330 0.764206 0.711036 0.721141
0.753464 0.780858 0.754326 0.764207 0.711039 0.721137
0.753463 0.780855 0.754326 0.764217 0.711041 0.721139
0.753463 0.780859 0.754322 0.764221 0.711040 0.721139
0.753460 0.780858 0.754325 0.764215 0.711036 0.721131
0.753462 0.780858 0.754330 0.764221 0.711030 0.721131
0.753457 0.780858 0.754330 0.764217 0.711030 0.721151
0.753458 0.780866 0.754323 0.764217 0.711035 0.721145
0.753455 0.780866 0.754319 0.764221 0.711031 0.721142
0.753455 0.780870 0.754312 0.764226 0.711032 0.721139
0.753461 0.780874 0.754302 0.764226 0.711035 0.721140
0.753460 0.780870 0.754298 0.764226 0.711035 0.721148
0.753455 0.780870 0.754302 0.764226 0.711042 0.721145
0.753455 0.780870 0.754303 0.764219 0.711036 0.721153
0.753457 0.780870 0.754295 0.764215 0.711035 0.721153
0.753457 0.780870 0.754295 0.764215 0.711042 0.721153
0.753455 0.780878 0.754303 0.764215 0.711041 0.721146
0.753455 0.780867 0.754299 0.764211 0.711034 0.721149
0.753457 0.780866 0.754291 0.764221 0.711036 0.721152
0.753457 0.780863 0.754295 0.764221 0.711039 0.721140
0.753455 0.780872 0.754291 0.764207 0.711036 0.721140
0.753450 0.780868 0.754292 0.764218 0.711037 0.721135
0.753451 0.780864 0.754292 0.764214 0.711034 0.721135
0.753448 0.780868 0.754292 0.764219 0.711035 0.721144
0.753445 0.780868 0.754300 0.764219 0.711035 0.721148
0.753445 0.780868 0.754300 0.764219 0.711028 0.721140
0.753445 0.780868 0.754296 0.764203 0.711037 0.721140
0.753445 0.780868 0.754288 0.764198 0.711037 0.721135
0.753445 0.780863 0.754288 0.764203 0.711040 0.721131
0.753445 0.780868 0.754292 0.764203 0.711040 0.721140
0.753448 0.780864 0.754292 0.764209 0.711037 0.721144
0.753455 0.780865 0.754290 0.764205 0.711035 0.721157
0.753450 0.780869 0.754287 0.764207 0.711036 0.721158
0.753445 0.780873 0.754291 0.764211 0.711035 0.721159
0.753445 0.780877 0.754279 0.764220 0.711034 0.721158
0.753445 0.780873 0.754288 0.764226 0.711044 0.721155
0.753443 0.780877 0.754292 0.764227 0.711034 0.721153
0.753445 0.780877 0.754292 0.764223 0.711034 0.721150
0.753448 0.780877 0.754292 0.764220 0.711039 0.721146
0.753455 0.780881 0.754300 0.764220 0.711030 0.721144
0.753450 0.780874 0.754304 0.764216 0.711034 0.721140
0.753450 0.780865 0.754305 0.764230 0.711045 0.721137
0.753453 0.780857 0.754305 0.764230 0.711048 0.721143
0.753450 0.780856 0.754313 0.764230 0.711038 0.721147
0.753456 0.780851 0.754313 0.764230 0.711030 0.721147
0.753456 0.780848 0.754306 0.764224 0.711038 0.721151
0.753461 0.780856 0.754302 0.764220 0.711034 0.721148
0.753458 0.780852 0.754301 0.764220 0.711031 0.721144
0.753465 0.780848 0.754297 0.764232 0.711030 0.721144
0.753454 0.780845 0.754297 0.764231 0.711033 0.721144
0.753444 0.780845 0.754300 0.764236 0.711030 0.721144
0.753433 0.780849 0.754304 0.764230 0.711029 0.721144
0.753434 0.780842 0.754308 0.764239 0.711036 0.721144
0.753443 0.780846 0.754308 0.764243 0.711036 0.721136
0.753440 0.780846 0.754304 0.764238 0.711039 0.721132
0.753446 0.780846 0.754317 0.764235 0.711043 0.721135
0.753449 0.780842 0.754318 0.764243 0.711050 0.721128
0.753449 0.780842 0.754314 0.764236 0.711052 0.721128
0.753449 0.780846 0.754311 0.764236 0.711053 0.721128
0.753444 0.780842 0.754308 0.764247 0.711049 0.721132
0.753441 0.780842 0.754305 0.764252 0.711049 0.721129
0.753441 0.780839 0.754304 0.764244 0.711049 0.721129
0.753441 0.780839 0.754304 0.764244 0.711049 0.721129
0.753445 0.780839 0.754311 0.764248 0.711049 0.721125
0.753447 0.780839 0.754311 0.764247 0.711049 0.721125
0.753447 0.780846 0.754311 0.764241 0.711052 0.721133
0.753449 0.780847 0.754315 0.764247 0.711055 0.721129
0.753454 0.780854 0.754318 0.764251 0.711057 0.721125
0.753454 0.780850 0.754321 0.764243 0.711049 0.721122
0.753454 0.780850 0.754324 0.764243 0.711052 0.721128
0.753454 0.780854 0.754324 0.764243 0.711052 0.721128
0.753451 0.780846 0.754321 0.764251 0.711055 0.721139
0.753448 0.780846 0.754317 0.764251 0.711058 0.721128
0.753447 0.780853 0.754309 0.764255 0.711053 0.721132
0.753450 0.780853 0.754313 0.764255 0.711049 0.721128
0.753450 0.780860 0.754317 0.764255 0.711053 0.721131
0.753450 0.780857 0.754321 0.764255 0.711057 0.721125
0.753448 0.780857 0.754321 0.764255 0.711055 0.721129
0.753450 0.780864 0.754318 0.764255 0.711059 0.721126
0.753447 0.780868 0.754314 0.764251 0.711066 0.721132
0.753445 0.780868 0.754317 0.764251 0.711063 0.721130
0.753445 0.780865 0.754314 0.764247 0.711063 0.721126
0.753449 0.780855 0.754315 0.764243 0.711071 0.721123
0.753449 0.780850 0.754308 0.764235 0.711071 0.721128
0.753455 0.780854 0.754308 0.764235 0.711069 0.721125
0.753453 0.780858 0.754308 0.764235 0.711060 0.721133
0.753456 0.780860 0.754307 0.764231 0.711060 0.721129
0.753454 0.780860 0.754316 0.764248 0.711063 0.721126
0.753457 0.780856 0.754313 0.764248 0.711063 0.721122
0.753449 0.780867 0.754317 0.764231 0.711060 0.721128
0.753443 0.780864 0.754318 0.764231 0.711060 0.721127
0.753445 0.780864 0.754327 0.764240 0.711056 0.721124
0.753452 0.780857 0.754317 0.764236 0.711052 0.721124
0.753444 0.780861 0.754314 0.764236 0.711051 0.721133
0.753444 0.780865 0.754314 0.764236 0.711051 0.721138
0.753445 0.780868 0.754317 0.764236 0.711057 0.721142
0.753439 0.780861 0.754318 0.764236 0.711053 0.721138
0.753435 0.780858 0.754325 0.764232 0.711061 0.721142
0.753439 0.780858 0.754322 0.764232 0.711063 0.721142
0.753441 0.780854 0.754314 0.764227 0.711063 0.721147
0.753444 0.780853 0.754310 0.764231 0.711063 0.721142
0.753445 0.780849 0.754316 0.764236 0.711063 0.721145
0.753442 0.780846 0.754317 0.764236 0.711063 0.721150
0.753435 0.780850 0.754317 0.764232 0.711064 0.721147
0.753435 0.780847 0.754321 0.764232 0.711071 0.721143
0.753431 0.780851 0.754325 0.764232 0.711066 0.721145
0.753436 0.780850 0.754316 0.764231 0.711066 0.721148
0.753438 0.780853 0.754316 0.764226 0.711071 0.721148
0.753435 0.780864 0.754316 0.764226 0.711073 0.721148
0.753435 0.780864 0.754316 0.764226 0.711073 0.721140
0.753442 0.780864 0.754320 0.764235 0.711072 0.721140
0.753445 0.780861 0.754317 0.764236 0.711066 0.721137
0.753445 0.780861 0.754317 0.764236 0.711060 0.721146
0.753439 0.780861 0.754317 0.764226 0.711067 0.721150
0.753449 0.780861 0.754328 0.764239 0.711067 0.721146
0.753445 0.780861 0.754324 0.764247 0.711069 0.721146
0.753439 0.780865 0.754321 0.764247 0.711073 0.721150
0.753429 0.780853 0.754312 0.764247 0.711075 0.721153
0.753426 0.780853 0.754307 0.764238 0.711070 0.721158
0.753429 0.780864 0.754307 0.764238 0.711070 0.721151
0.753427 0.780868 0.754312 0.764238 0.711071 0.721148
0.753421 0.780869 0.754317 0.764243 0.711071 0.721148
0.753421 0.780865 0.754325 0.764240 0.711071 0.721151
0.753426 0.780857 0.754322 0.764248 0.711070 0.721151
0.753426 0.780861 0.754323 0.764247 0.711074 0.721147
0.753428 0.780858 0.754326 0.764251 0.711078 0.721150
0.753425 0.780861 0.754327 0.764238 0.711078 0.721153
0.753427 0.780861 0.754324 0.764241 0.711074 0.721153
0.753421 0.780861 0.754327 0.764247 0.711074 0.721153
0.753425 0.780861 0.754319 0.764247 0.711078 0.721150
0.753432 0.780866 0.754322 0.764238 0.711076 0.721144
0.753430 0.780874 0.754331 0.764231 0.711073 0.721142
0.753432 0.780878 0.754336 0.764232 0.711070 0.721142
0.753435 0.780873 0.754326 0.764231 0.711070 0.721141
0.753435 0.780869 0.754326 0.764235 0.711070 0.721141
0.753433 0.780882 0.754326 0.764239 0.711070 0.721137
0.753437 0.780882 0.754324 0.764236 0.711066 0.721138
0.753449 0.780886 0.754324 0.764241 0.711071 0.721141
0.753445 0.780878 0.754327 0.764241 0.711070 0.721144
0.753447 0.780877 0.754323 0.764238 0.711071 0.721139
0.753440 0.780880 0.754323 0.764238 0.711069 0.721142
0.753439 0.780877 0.754323 0.764234 0.711063 0.721131
0.753439 0.780877 0.754330 0.764230 0.711063 0.721124
0.753435 0.780877 0.754332 0.764234 0.711056 0.721130
0.753438 0.780873 0.754329 0.764239 0.711056 0.721128
0.753441 0.780873 0.754327 0.764231 0.711057 0.721123
0.753439 0.780885 0.754325 0.764231 0.711061 0.721123
0.753442 0.780885 0.754328 0.764235 0.711058 0.721116
0.753442 0.780881 0.754327 0.764235 0.711057 0.721119
0.753442 0.780881 0.754327 0.764230 0.711053 0.721119
0.753442 0.780885 0.754327 0.764231 0.711057 0.721119
0.753442 0.780889 0.754327 0.764231 0.711058 0.721122
0.753442 0.780888 0.754324 0.764240 0.711057 0.721122
0.753442 0.780888 0.754327 0.764236 0.711053 0.721122
0.753442 0.780885 0.754324 0.764227 0.711051 0.721119
0.753439 0.780885 0.754324 0.764228 0.711055 0.721116
0.753437 0.780885 0.754329 0.764233 0.711048 0.721116
0.753437 0.780882 0.754340 0.764237 0.711049 0.721119
0.753439 0.780882 0.754333 0.764232 0.711053 0.721122
0.753437 0.780879 0.754333 0.764229 0.711057 0.721116
0.753437 0.780879 0.754337 0.764232 0.711049 0.721116
0.753436 0.780885 0.754331 0.764237 0.711046 0.721116
0.753434 0.780881 0.754334 0.764241 0.711049 0.721113
0.753440 0.780886 0.754340 0.764232 0.711048 0.721115
0.753438 0.780883 0.754336 0.764229 0.711048 0.721115
0.753440 0.780883 0.754339 0.764220 0.711048 0.721115
0.753438 0.780883 0.754336 0.764220 0.711045 0.721115
0.753440 0.780880 0.754340 0.764225 0.711045 0.721111
0.753443 0.780880 0.754343 0.764220 0.711045 0.721111
0.753451 0.780880 0.754346 0.764215 0.711045 0.721118
0.753448 0.780880 0.754343 0.764210 0.711049 0.721115
0.753443 0.780880 0.754333 0.764220 0.711045 0.721111
0.753449 0.780880 0.754333 0.764216 0.711045 0.721111
0.753453 0.780880 0.754333 0.764207 0.711045 0.721107
0.753453 0.780880 0.754333 0.764207 0.711045 0.721115
0.753451 0.780880 0.754337 0.764207 0.711041 0.721111
0.753453 0.780880 0.754337 0.764207 0.711041 0.721107
0.753453 0.780880 0.754337 0.764207 0.711041 0.721107
0.753453 0.780880 0.754340 0.764207 0.711039 0.721107
0.753460 0.780877 0.754341 0.764207 0.711035 0.721107
0.753463 0.780877 0.754341 0.764196 0.711041 0.721111
0.753463 0.780873 0.754344 0.764200 0.711045 0.721115
0.753453 0.780873 0.754344 0.764200 0.711044 0.721115
0.753456 0.780876 0.754348 0.764200 0.711041 0.721111
0.753456 0.780870 0.754348 0.764200 0.711045 0.721120
0.753457 0.780865 0.754348 0.764200 0.711039 0.721116
0.753454 0.780862 0.754344 0.764200 0.711037 0.721120
0.753464 0.780866 0.754344 0.764206 0.711047 0.721117
0.753464 0.780862 0.754344 0.764206 0.711043 0.721114
0.753456 0.780866 0.754344 0.764206 0.711039 0.721114
0.753458 0.780869 0.754344 0.764200 0.711036 0.721113
0.753458 0.780869 0.754340 0.764206 0.711036 0.721110
0.753462 0.780873 0.754340 0.764211 0.711039 0.721111
0.753462 0.780874 0.754341 0.764206 0.711036 0.721115
0.753462 0.780877 0.754337 0.764200 0.711042 0.721118
0.753458 0.780873 0.754336 0.764200 0.711035 0.721115
0.753456 0.780873 0.754336 0.764200 0.711036 0.721119
0.753450 0.780873 0.754340 0.764200 0.711046 0.721119
0.753456 0.780866 0.754344 0.764206 0.711047 0.721124
0.753465 0.780866 0.754347 0.764200 0.711043 0.721128
0.753474 0.780866 0.754347 0.764200 0.711049 0.721128
0.753471 0.780866 0.754347 0.764200 0.711041 0.721128
0.753471 0.780878 0.754344 0.764200 0.711039 0.721132
0.753462 0.780881 0.754344 0.764200 0.711029 0.721132
0.753462 0.780874 0.754347 0.764202 0.711041 0.721132
0.753472 0.780866 0.754354 0.764202 0.711052 0.721132
0.753469 0.780866 0.754354 0.764192 0.711056 0.721136
0.753463 0.780870 0.754354 0.764192 0.711053 0.721132
0.753465 0.780874 0.754354 0.764192 0.711057 0.721132
0.753471 0.780878 0.754354 0.764192 0.711050 0.721132
0.753480 0.780878 0.754351 0.764198 0.711058 0.721132
0.753482 0.780866 0.754355 0.764198 0.711055 0.721128
0.753476 0.780866 0.754347 0.764200 0.711061 0.721128
0.753472 0.780858 0.754343 0.764200 0.711057 0.721128
0.753472 0.780870 0.754351 0.764206 0.711065 0.721128
0.753472 0.780874 0.754351 0.764206 0.711067 0.721132
0.753471 0.780874 0.754351 0.764206 0.711068 0.721136
0.753477 0.780878 0.754351 0.764200 0.711066 0.721136
0.753476 0.780874 0.754351 0.764200 0.711066 0.721141
0.753474 0.780874 0.754351 0.764206 0.711065 0.721141
0.753474 0.780874 0.754351 0.764207 0.711071 0.721132
0.753474 0.780874 0.754351 0.764211 0.711061 0.721131
0.753474 0.780874 0.754348 0.764206 0.711065 0.721131
0.753476 0.780870 0.754348 0.764206 0.711072 0.721131
0.753473 0.780870 0.754352 0.764206 0.711067 0.721132
0.753476 0.780873 0.754347 0.764206 0.711065 0.721132
0.753480 0.780880 0.754344 0.764206 0.711065 0.721128
0.753474 0.780876 0.754348 0.764200 0.711068 0.721128
0.753473 0.780877 0.754348 0.764206 0.711064 0.721131
0.753473 0.780877 0.754347 0.764204 0.711060 0.721131
0.753481 0.780877 0.754347 0.764204 0.711060 0.721131
0.753482 0.780877 0.754351 0.764204 0.711065 0.721131
0.753486 0.780880 0.754351 0.764199 0.711066 0.721132
0.753486 0.780884 0.754350 0.764206 0.711066 0.721129
0.753485 0.780880 0.754357 0.764196 0.711062 0.721132
0.753485 0.780880 0.754354 0.764200 0.711066 0.721132
0.753485 0.780880 0.754354 0.764210 0.711062 0.721132
0.753480 0.780880 0.754351 0.764206 0.711063 0.721132
0.753486 0.780884 0.754351 0.764202 0.711063 0.721132
0.753488 0.780884 0.754348 0.764198 0.711067 0.721129
0.753485 0.780884 0.754348 0.764198 0.711067 0.721129
0.753476 0.780881 0.754348 0.764196 0.711059 0.721129
0.753479 0.780877 0.754348 0.764196 0.711063 0.721129
0.753476 0.780877 0.754348 0.764198 0.711067 0.721129
0.753483 0.780877 0.754351 0.764192 0.711067 0.721135
0.753483 0.780874 0.754348 0.764192 0.711074 0.721140
0.753485 0.780874 0.754348 0.764196 0.711067 0.721140
0.753485 0.780874 0.754348 0.764206 0.711064 0.721143
0.753485 0.780874 0.754349 0.764220 0.711062 0.721140
0.753483 0.780871 0.754349 0.764216 0.711071 0.721140
0.753486 0.780871 0.754349 0.764215 0.711071 0.721136
0.753485 0.780870 0.754349 0.764200 0.711070 0.721136
0.753483 0.780871 0.754349 0.764202 0.711068 0.721141
0.753482 0.780868 0.754349 0.764204 0.711069 0.721141
0.753469 0.780872 0.754349 0.764208 0.711071 0.721141
0.753476 0.780872 0.754342 0.764209 0.711068 0.721141
0.753476 0.780876 0.754339 0.764209 0.711075 0.721141
0.753480 0.780880 0.754339 0.764209 0.711073 0.721141
0.753469 0.780877 0.754339 0.764204 0.711073 0.721142
0.753472 0.780873 0.754339 0.764216 0.711065 0.721144
0.753469 0.780876 0.754334 0.764216 0.711066 0.721152
0.753462 0.780873 0.754337 0.764215 0.711055 0.721144
0.753462 0.780874 0.754333 0.764207 0.711066 0.721148
0.753474 0.780874 0.754332 0.764204 0.711070 0.721151
0.753477 0.780878 0.754332 0.764199 0.711077 0.721155
0.753472 0.780878 0.754335 0.764199 0.711074 0.721151
0.753474 0.780882 0.754331 0.764207 0.711074 0.721151
0.753477 0.780882 0.754334 0.764203 0.711070 0.721140
0.753467 0.780890 0.754331 0.764203 0.711081 0.721141
0.753467 0.780894 0.754324 0.764199 0.711075 0.721141
0.753470 0.780883 0.754324 0.764199 0.711074 0.721141
0.753473 0.780883 0.754328 0.764203 0.711076 0.721145
0.753471 0.780887 0.754328 0.764209 0.711076 0.721145
0.753471 0.780895 0.754328 0.764204 0.711079 0.721142
0.753471 0.780895 0.754328 0.764194 0.711075 0.721143
0.753465 0.780895 0.754329 0.764204 0.711079 0.721149
0.753462 0.780899 0.754320 0.764214 0.711079 0.721146
0.753459 0.780892 0.754320 0.764214 0.711079 0.721146
0.753462 0.780888 0.754320 0.764214 0.711076 0.721157
0.753473 0.780892 0.754317 0.764221 0.711079 0.721145
0.753469 0.780893 0.754313 0.764213 0.711083 0.721136
0.753459 0.780897 0.754317 0.764208 0.711083 0.721142
0.753463 0.780897 0.754317 0.764212 0.711083 0.721142
0.753471 0.780893 0.754313 0.764217 0.711080 0.721140
0.753476 0.780889 0.754313 0.764221 0.711084 0.721140
0.753472 0.780895 0.754320 0.764221 0.711087 0.721145
0.753476 0.780903 0.754310 0.764221 0.711090 0.721142
0.753472 0.780908 0.754307 0.764205 0.711083 0.721140
0.753476 0.780905 0.754307 0.764205 0.711083 0.721134
0.753475 0.780905 0.754307 0.764209 0.711088 0.721140
0.753475 0.780909 0.754311 0.764205 0.711082 0.721150
0.753476 0.780910 0.754312 0.764201 0.711083 0.721148
0.753473 0.780913 0.754316 0.764201 0.711086 0.721145
0.753481 0.780913 0.754311 0.764205 0.711083 0.721137
0.753481 0.780913 0.754316 0.764205 0.711083 0.721145
0.753476 0.780913 0.754312 0.764209 0.711083 0.721150
0.753476 0.780913 0.754317 0.764201 0.711083 0.721146
0.753479 0.780913 0.754319 0.764201 0.711083 0.721140
0.753481 0.780912 0.754314 0.764205 0.711079 0.721137
0.753479 0.780908 0.754314 0.764210 0.711079 0.721142
0.753473 0.780908 0.754326 0.764215 0.711080 0.721135
0.753470 0.780904 0.754322 0.764214 0.711083 0.721134
0.753479 0.780908 0.754316 0.764222 0.711083 0.721132
0.753476 0.780908 0.754320 0.764223 0.711077 0.721132
0.753476 0.780908 0.754327 0.764223 0.711080 0.721131
0.753472 0.780911 0.754327 0.764222 0.711080 0.721131
0.753472 0.780906 0.754323 0.764222 0.711080 0.721131
0.753476 0.780906 0.754323 0.764227 0.711077 0.721135
0.753473 0.780903 0.754328 0.764219 0.711078 0.721135
0.753480 0.780911 0.754321 0.764219 0.711081 0.721146
0.753482 0.780911 0.754312 0.764234 0.711081 0.721139
0.753472 0.780904 0.754308 0.764234 0.711081 0.721139
0.753472 0.780910 0.754312 0.764233 0.711081 0.721142
0.753476 0.780915 0.754316 0.764234 0.711073 0.721145
0.753476 0.780919 0.754316 0.764234 0.711079 0.721146
0.753476 0.780911 0.754311 0.764237 0.711086 0.721150
0.753480 0.780915 0.754308 0.764237 0.711087 0.721151
0.753475 0.780914 0.754308 0.764246 0.711084 0.721145
0.753475 0.780910 0.754312 0.764242 0.711081 0.721155
0.753473 0.780917 0.754317 0.764234 0.711084 0.721155
0.753483 0.780919 0.754325 0.764234 0.711095 0.721149
0.753483 0.780923 0.754322 0.764230 0.711105 0.721150
0.753480 0.780927 0.754325 0.764242 0.711105 0.721146
0.753483 0.780923 0.754324 0.764242 0.711098 0.721137
0.753485 0.780925 0.754331 0.764246 0.711093 0.721137
0.753483 0.780918 0.754324 0.764246 0.711098 0.721146
0.753485 0.780914 0.754321 0.764238 0.711102 0.721153
0.753492 0.780915 0.754325 0.764242 0.711105 0.721153
0.753486 0.780918 0.754321 0.764249 0.711102 0.721137
0.753491 0.780923 0.754321 0.764245 0.711096 0.721143
0.753492 0.780923 0.754325 0.764241 0.711099 0.721140
0.753492 0.780921 0.754322 0.764242 0.711103 0.721138
0.753492 0.780918 0.754334 0.764238 0.711104 0.721139
0.753489 0.780915 0.754337 0.764242 0.711104 0.721138
0.753490 0.780915 0.754334 0.764246 0.711102 0.721138
0.753489 0.780915 0.754334 0.764246 0.711102 0.721135
0.753492 0.780918 0.754327 0.764246 0.711099 0.721139
0.753489 0.780916 0.754326 0.764246 0.711098 0.721138
0.753492 0.780911 0.754328 0.764246 0.711105 0.721135
0.753496 0.780916 0.754329 0.764247 0.711112 0.721136
0.753494 0.780919 0.754330 0.764240 0.711108 0.721133
0.753494 0.780916 0.754326 0.764236 0.711106 0.721133
0.753494 0.780915 0.754323 0.764240 0.711108 0.721135
0.753491 0.780912 0.754324 0.764232 0.711108 0.721132
0.753486 0.780915 0.754327 0.764236 0.711105 0.721136
0.753489 0.780915 0.754324 0.764244 0.711097 0.721136
0.753485 0.780919 0.754324 0.764231 0.711095 0.721132
0.753492 0.780916 0.754320 0.764228 0.711105 0.721137
0.753492 0.780920 0.754320 0.764239 0.711107 0.721149
0.753495 0.780923 0.754324 0.764234 0.711104 0.721152
0.753492 0.780916 0.754330 0.764224 0.711107 0.721149
0.753485 0.780914 0.754323 0.764230 0.711105 0.721131
0.753485 0.780914 0.754333 0.764230 0.711105 0.721135
0.753483 0.780905 0.754333 0.764227 0.711106 0.721130
0.753483 0.780914 0.754330 0.764234 0.711104 0.721127
0.753478 0.780922 0.754338 0.764238 0.711112 0.721134
0.753484 0.780918 0.754342 0.764239 0.711105 0.721141
0.753482 0.780918 0.754342 0.764234 0.711108 0.721136
0.753485 0.780915 0.754331 0.764218 0.711112 0.721150
0.753482 0.780915 0.754330 0.764219 0.711109 0.721146
0.753487 0.780918 0.754329 0.764226 0.711097 0.721152
0.753482 0.780918 0.754336 0.764228 0.711101 0.721156
0.753486 0.780924 0.754322 0.764228 0.711105 0.721158
