1.723803
2.451289
10.992438
1.994702
1.878684
1.898157
1.599964
1.606141
1.513953
1.488663
1.484402
1.413547
1.414608
1.375959
1.333383
1.350746
1.332147
1.354177
1.339065
1.309422
1.323017
1.319238
1.304683
1.300074
1.303844
1.297775
1.294020
1.296043
1.291689
1.292838
1.290118
1.289899
1.288262
1.286898
1.287495
1.287301
1.282947
1.284334
1.283729
1.283615
1.281299
1.281302
1.281141
1.280521
1.279014
1.279416
1.279264
1.278256
1.278075
1.278030
1.277588
1.277084
1.277158
1.277111
1.276588
1.276526
1.276546
1.276330
1.275949
1.276092
1.276013
1.275754
1.275676
1.275761
1.275468
1.275392
1.275431
1.275286
1.275157
1.275196
1.275075
1.274962
1.274986
1.274905
1.274816
1.274815
1.274747
1.274658
1.274659
1.274575
1.274527
1.274518
1.274439
1.274421
1.274379
1.274321
1.274306
1.274248
1.274222
1.274189
1.274147
1.274132
1.274082
1.274066
1.274021
1.273999
1.273962
1.273939
1.273903
1.273878
1.273840
1.273811
1.273776
1.273756
1.273722
1.273700
1.273665
1.273639
1.273609
1.273579
1.273553
1.273520
1.273493
1.273464
1.273435
1.273412
1.273385
1.273359
1.273340
1.273316
1.273289
1.273265
1.273244
1.273220
1.273195
1.273172
1.273151
1.273130
1.273110
1.273088
1.273067
1.273045
1.273026
1.273005
1.272991
1.272984
1.273005
1.273114
1.273332
1.273744
1.273695
1.273903
1.273619
1.273086
1.272861
1.273118
1.273360
1.273424
1.273371
1.272889
1.272793
1.273072
1.273261
1.273506
1.273286
1.272842
1.272733
1.273034
1.273371
1.273341
1.273104
1.272694
1.272669
1.272978
1.273158
1.273131
1.272767
1.272536
1.272670
1.272935
1.273159
1.273030
1.272701
1.272462
1.272600
1.272928
1.273136
1.273204
1.272764
1.272437
1.272547
1.272878
1.273241
1.273141
1.272672
1.272403
1.272568
1.272922
1.273025
1.272843
1.272498
1.272558
1.272810
1.273013
1.273003
1.272659
1.272460
1.272504
1.272773
1.273062
1.273032
1.272696
1.272288
1.272491
1.273066
1.273246
1.272896
1.272250
1.272256
1.272761
1.273040
1.272961
1.272388
1.272120
1.272479
1.272884
1.273112
1.272658
1.272097
1.272309
1.272870
1.273384
1.272988
1.272146
1.272276
1.272971
1.273587
1.273153
1.272117
1.272479
1.273452
1.273665
1.272786
1.272205
1.273002
1.273813
1.273469
1.272779
1.273143
1.273446
1.272689
1.272166
1.272466
1.272790
1.272189
1.272062
1.272525
1.272419
1.272192
1.272202
1.272190
1.272131
1.272225
1.272304
1.271964
1.271972
1.272193
1.272035
1.271854
1.271884
1.271937
1.271885
1.271853
1.271887
1.271891
1.271786
1.271777
1.271855
1.271845
1.271768
1.271735
1.271764
1.271795
1.271750
1.271693
1.271675
1.271689
1.271731
1.271742
1.271760
1.271724
1.271728
1.271766
1.271855
1.271999
1.272171
1.272400
1.272599
1.272567
1.272294
1.272005
1.271801
1.271704
1.271708
1.271737
1.271783
1.271968
1.272265
1.272703
1.272712
1.272363
1.272413
1.272133
1.271896
1.271777
1.271852
1.272044
1.272372
1.272623
1.272649
1.272479
1.272223
1.271902
1.271695
1.271624
1.271678
1.271823
1.271953
1.272065
1.272120
1.272125
1.272040
1.271920
1.271775
1.271653
1.271565
1.271506
1.271487
1.271484
1.271498
1.271535
1.271619
1.271759
1.272042
1.272387
1.272846
1.273273
1.273331
1.272892
1.272112
1.271533
1.271539
1.271987
1.272634
1.273024
1.272730
1.272062
1.271572
1.271717
1.272236
1.272768
1.272746
1.272097
1.271605
1.271595
1.272030
1.272395
1.272326
1.271977
1.271644
1.271612
1.271713
1.271949
1.272055
1.271970
1.271904
1.271584
1.271439
1.271863
1.272463
1.273254
1.272052
1.271964
1.272600
1.272085
1.271836
1.271896
1.271629
1.271913
1.271749
1.271599
1.271720
1.271650
1.271520
1.271603
1.271669
1.271504
1.271582
1.271643
1.271633
1.271597
1.271778
1.271874
1.272032
1.272369
1.272848
1.273073
1.272779
1.272349
1.271846
1.271443
1.271309
1.271522
1.271795
1.272116
1.272364
1.272379
1.272156
1.271650
1.271322
1.271290
1.271452
1.271718
1.271945
1.272092
1.272011
1.271767
1.271492
1.271297
1.271222
1.271229
1.271307
1.271428
1.271565
1.271697
1.271842
1.272002
1.272138
1.272161
1.272098
1.271898
1.271649
1.271395
1.271227
1.271169
1.271208
1.271308
1.271443
1.271631
1.271864
1.272153
1.272410
1.272590
1.272553
1.272276
1.271824
1.271394
1.271189
1.271187
1.271348
1.271621
1.271933
1.272200
1.272255
1.272074
1.271773
1.271480
1.271253
1.271150
1.271186
1.271330
1.271545
1.271773
1.271977
1.272186
1.272215
1.272110
1.271754
1.271478
1.271251
1.271184
1.271174
1.271259
1.271406
1.271624
1.271846
1.272007
1.272134
1.272156
1.272043
1.271675
1.271365
1.271160
1.271093
1.271163
1.271337
1.271513
1.271799
1.271775
1.271818
1.272019
1.272150
1.272235
1.271673
1.271666
1.272418
1.272124
1.271443
1.271492
1.271853
1.271731
1.271595
1.272125
1.272097
1.271798
1.272265
1.272329
1.271956
1.272287
1.272051
1.271397
1.271661
1.271596
1.271343
1.271552
1.271443
1.271108
1.271351
1.271322
1.271127
1.271367
1.271303
1.271041
1.271319
1.271322
1.271049
1.271382
1.271390
1.271076
1.271406
1.271436
1.271061
1.271457
1.271542
1.271370
1.272041
1.272736
1.273825
1.276464
1.279074
1.275202
1.272254
1.272387
1.274747
1.274958
1.272188
1.271625
1.273190
1.273184
1.271858
1.271699
1.272700
1.272738
1.271780
1.271609
1.271888
1.271907
1.271406
1.271346
1.271751
1.271430
1.271204
1.271443
1.271477
1.271379
1.271214
1.271250
1.271341
1.271351
1.271215
1.271063
1.271172
1.271246
1.271218
1.271107
1.271020
1.271040
1.271104
1.271132
1.271059
1.271014
1.270978
1.270974
1.270999
1.271017
1.271005
1.270963
1.270951
1.270921
1.270922
1.270921
1.270930
1.270943
1.270946
1.270949
1.270955
1.270951
1.270950
1.270975
1.270988
1.271011
1.271026
1.271063
1.271117
1.271181
1.271257
1.271376
1.271491
1.271625
1.271634
1.271643
1.271573
1.271435
1.271208
1.271049
1.270921
1.270867
1.270824
1.270835
1.270879
1.270959
1.271095
1.271288
1.271652
1.272200
1.272872
1.273038
1.272928
1.272063
1.271264
1.270941
1.271224
1.271916
1.272609
1.272755
1.271906
1.271155
1.270996
1.271423
1.271952
1.272087
1.271982
1.271407
1.271068
1.271075
1.271410
1.271806
1.272017
1.271976
1.271470
1.271084
1.270999
1.271240
1.271595
1.271842
1.271867
1.271465
1.271069
1.270880
1.271158
1.271510
1.271841
1.271889
1.271465
1.270977
1.270844
1.271025
1.271372
1.271703
1.271936
1.271641
1.271216
1.270886
1.270921
1.271200
1.271679
1.272078
1.271697
1.271165
1.270865
1.270856
1.271049
1.271257
1.271412
1.271384
1.271313
1.271237
1.271032
1.270813
1.270742
1.270815
1.271013
1.271049
1.271059
1.271025
1.271067
1.271262
1.271438
1.271463
1.271255
1.271178
1.271172
1.271223
1.271109
1.271010
1.270831
1.270846
1.270811
1.270854
1.270792
1.270752
1.270746
1.270795
1.270839
1.270877
1.271012
1.271259
1.271681
1.272393
1.273113
1.273803
1.273512
1.272616
1.271632
1.271109
1.271933
1.273288
1.273385
1.272403
1.271350
1.271055
1.271899
1.272441
1.272373
1.271897
1.271211
1.271110
1.271575
1.271895
1.271749
1.271158
1.270902
1.271126
1.271335
1.271448
1.271159
1.270897
1.270776
1.270887
1.271127
1.271197
1.271200
1.271065
1.270866
1.270691
1.270700
1.270822
1.270910
1.271066
1.271137
1.271070
1.270919
1.270749
1.270657
1.270631
1.270682
1.270771
1.270882
1.270953
1.271035
1.271096
1.271155
1.271194
1.271186
1.271119
1.271004
1.270870
1.270748
1.270669
1.270613
1.270580
1.270597
1.270638
1.270663
1.270752
1.270864
1.271080
1.271404
1.271867
1.272368
1.272846
1.272866
1.272366
1.271606
1.270946
1.270948
1.271361
1.272036
1.272512
1.272427
1.271608
1.270840
1.270779
1.271399
1.272092
1.272384
1.272046
1.271108
1.270747
1.271305
1.272007
1.272645
1.272439
1.272090
1.271400
1.271421
1.272326
1.272716
1.272512
1.271704
1.271091
1.271270
1.271856
1.272274
1.272234
1.271799
1.271167
1.271299
1.271518
1.271815
1.271419
1.271104
1.270970
1.271231
1.271323
1.271361
1.271106
1.270911
1.270797
1.270830
1.270986
1.271025
1.270960
1.270837
1.270693
1.270676
1.270723
1.270779
1.270833
1.270866
1.270828
1.270775
1.270693
1.270658
1.270625
1.270623
1.270618
1.270642
1.270654
1.270665
1.270693
1.270734
1.270798
1.270905
1.271041
1.271258
1.271513
1.271878
1.272233
1.272405
1.272249
1.271630
1.270994
1.270626
1.270680
1.271035
1.271536
1.271892
1.271988
1.271670
1.271160
1.270695
1.270547
1.270672
1.270972
1.271317
1.271527
1.271479
1.271303
1.271072
1.271020
1.271074
1.271172
1.270979
1.270801
1.270832
1.271134
1.271434
1.271313
1.270999
1.270855
1.270960
1.271115
1.270983
1.270640
1.270538
1.270742
1.270957
1.270919
1.270649
1.270617
1.270831
1.271108
1.271207
1.271120
1.271436
1.271941
1.272564
1.272623
1.272594
1.272425
1.271634
1.271024
1.270787
1.270955
1.271804
1.272533
1.272478
1.271771
1.271279
1.270887
1.271006
1.271146
1.271450
1.271501
1.271376
1.270829
1.270748
1.270783
1.270941
1.271076
1.271180
1.271177
1.271058
1.270790
1.270583
1.270620
1.270726
1.270788
1.270846
1.270930
1.271012
1.270965
1.270877
1.270704
1.270594
1.270569
1.270571
1.270585
1.270496
1.270459
1.270447
1.270504
1.270539
1.270528
1.270532
1.270546
1.270674
1.270912
1.271327
1.272041
1.272941
1.273504
1.273627
1.272215
1.270938
1.270529
1.271112
1.272155
1.272894
1.272525
1.271079
1.270583
1.271169
1.272113
1.272789
1.272139
1.271137
1.270580
1.271090
1.271993
1.272335
1.271765
1.270860
1.270588
1.271100
1.271502
1.271568
1.271162
1.270674
1.270593
1.270819
1.270666
1.270467
1.270440
1.270554
1.270609
1.270525
1.270411
1.270402
1.270478
1.270521
1.270476
1.270406
1.270393
1.270431
1.270450
1.270419
1.270380
1.270378
1.270403
1.270415
1.270396
1.270371
1.270368
1.270383
1.270389
1.270377
1.270362
1.270361
1.270370
1.270373
1.270365
1.270356
1.270356
1.270361
1.270362
1.270356
1.270352
1.270352
1.270355
1.270354
1.270350
1.270348
1.270348
1.270350
1.270348
1.270346
1.270344
1.270345
1.270345
1.270344
1.270342
1.270342
1.270342
1.270341
1.270340
1.270339
1.270339
1.270339
1.270338
1.270337
1.270337
1.270336
1.270336
1.270335
1.270334
1.270334
1.270334
1.270333
1.270333
1.270332
1.270332
1.270331
1.270331
1.270330
1.270330
1.270329
1.270329
1.270328
1.270328
1.270328
1.270327
1.270327
1.270326
1.270326
1.270325
1.270325
1.270325
1.270324
1.270324
1.270323
1.270323
1.270323
1.270322
1.270322
1.270321
1.270321
1.270321
1.270320
1.270320
1.270319
1.270319
1.270319
1.270318
1.270318
1.270318
1.270317
1.270317
1.270316
1.270316
1.270316
1.270315
1.270315
1.270315
1.270314
1.270314
1.270314
1.270313
1.270313
1.270313
1.270312
1.270312
1.270312
1.270311
1.270311
1.270311
1.270310
1.270310
1.270310
1.270309
1.270309
1.270308
1.270308
1.270308
1.270308
1.270307
1.270307
1.270307
1.270306
1.270306
1.270306
1.270305
1.270305
1.270305
1.270304
1.270304
1.270304
1.270303
1.270303
1.270303
1.270302
1.270302
1.270302
1.270301
1.270301
1.270301
1.270300
1.270300
1.270300
1.270300
1.270299
1.270299
1.270299
1.270298
1.270298
1.270298
1.270297
1.270297
1.270297
1.270296
1.270296
1.270296
1.270296
1.270295
1.270295
1.270295
1.270294
1.270294
1.270294
1.270293
1.270293
1.270293
1.270293
1.270292
1.270292
1.270292
1.270291
1.270291
1.270291
1.270290
1.270290
1.270290
1.270290
1.270289
1.270289
1.270289
1.270288
1.270288
1.270288
1.270288
1.270287
1.270287
1.270287
1.270286
1.270286
1.270286
1.270285
1.270285
1.270285
1.270285
1.270284
1.270284
1.270284
1.270284
1.270283
1.270283
1.270283
1.270282
1.270282
1.270282
1.270282
1.270281
1.270281
1.270281
1.270280
1.270280
1.270280
1.270280
1.270279
1.270279
1.270279
1.270278
1.270278
1.270278
1.270278
1.270278
1.270277
1.270277
1.270277
1.270276
1.270276
1.270276
1.270276
1.270275
1.270275
1.270275
1.270275
1.270274
1.270274
1.270274
1.270274
1.270273
1.270273
1.270273
1.270272
1.270272
1.270272
1.270272
1.270271
1.270271
1.270271
1.270271
1.270270
1.270270
1.270270
1.270270
1.270269
1.270269
1.270269
1.270268
1.270268
1.270268
1.270268
1.270267
1.270267
1.270267
1.270267
1.270266
1.270266
1.270266
1.270266
1.270265
1.270265
1.270265
1.270264
1.270264
1.270264
1.270264
1.270264
1.270263
1.270263
1.270263
1.270262
1.270262
1.270262
1.270262
1.270261
1.270261
1.270261
1.270261
1.270260
1.270260
1.270260
1.270260
1.270259
1.270259
1.270259
1.270259
1.270258
1.270258
1.270258
1.270258
1.270257
1.270257
1.270257
1.270257
1.270256
1.270256
1.270256
1.270256
1.270255
1.270255
1.270255
1.270254
1.270254
1.270254
1.270254
1.270254
1.270253
1.270253
1.270253
1.270252
1.270252
1.270252
1.270252
1.270252
1.270251
1.270251
1.270251
1.270250
1.270250
1.270250
1.270250
1.270249
1.270249
1.270249
1.270249
1.270249
1.270248
1.270248
1.270248
1.270247
1.270247
1.270247
1.270247
1.270247
1.270246
1.270246
1.270246
1.270246
1.270245
1.270245
1.270245
1.270245
1.270244
1.270244
1.270244
1.270244
1.270243
1.270243
1.270243
1.270243
1.270242
1.270242
1.270242
1.270242
1.270241
1.270241
1.270241
1.270241
1.270240
1.270240
1.270240
1.270240
1.270239
1.270239
1.270239
1.270239
1.270238
1.270238
1.270238
1.270238
1.270237
1.270237
1.270237
1.270237
1.270236
1.270236
1.270236
1.270236
1.270235
1.270235
1.270235
1.270235
1.270234
1.270234
1.270234
1.270233
1.270233
1.270233
1.270233
1.270232
1.270232
1.270232
1.270231
1.270231
1.270231
1.270231
1.270231
1.270230
1.270230
1.270230
1.270229
1.270229
1.270229
1.270229
1.270228
1.270228
1.270228
1.270228
1.270227
1.270227
1.270227
1.270226
1.270226
1.270226
1.270226
1.270225
1.270225
1.270225
1.270225
1.270224
1.270224
1.270224
1.270223
1.270223
1.270223
1.270223
1.270222
1.270222
1.270222
1.270222
1.270221
1.270221
1.270221
1.270221
1.270220
1.270220
1.270220
1.270220
1.270219
1.270219
1.270219
1.270218
1.270218
1.270218
1.270218
1.270217
1.270217
1.270217
1.270216
1.270216
1.270216
1.270216
1.270216
1.270215
1.270215
1.270215
1.270214
1.270214
1.270214
1.270213
1.270213
1.270213
1.270213
1.270212
1.270212
1.270212
1.270212
1.270211
1.270211
1.270211
1.270211
1.270211
1.270210
1.270210
1.270210
1.270209
1.270209
