0.000000 0.000000 0.000000 0.000000 0.000000 0.000000
0.491335 0.464976 0.472680 0.574070 0.465692 0.485006
0.341863 0.265271 0.298259 0.382695 0.345393 0.371714
0.568606 0.517913 0.521610 0.642215 0.520996 0.565544
0.499245 0.482328 0.484544 0.579375 0.473269 0.491761
0.471958 0.471711 0.474453 0.551413 0.454412 0.464013
0.517905 0.506259 0.500141 0.591902 0.486208 0.507710
0.553141 0.523441 0.526455 0.626734 0.510408 0.547675
0.573478 0.530763 0.535553 0.643739 0.524638 0.566617
0.589055 0.543044 0.547106 0.653079 0.532217 0.578446
0.608568 0.576195 0.561104 0.661539 0.544474 0.584311
0.557632 0.570922 0.554319 0.614189 0.523645 0.541895
0.660249 0.615369 0.604923 0.692952 0.585814 0.621876
0.707769 0.627378 0.614698 0.716833 0.605247 0.663811
0.693312 0.618034 0.607078 0.712593 0.600347 0.655301
0.708069 0.637692 0.620697 0.716981 0.613185 0.660068
0.754503 0.683774 0.663362 0.738976 0.641441 0.695998
0.768819 0.657278 0.649347 0.744926 0.637919 0.702695
0.759481 0.677516 0.661006 0.744857 0.641341 0.701010
0.750806 0.682554 0.663267 0.737311 0.639845 0.693961
0.766172 0.680537 0.666267 0.748766 0.644344 0.706496
0.798786 0.704292 0.687414 0.756346 0.656771 0.726726
0.807763 0.695857 0.682814 0.758534 0.653834 0.725255
0.761140 0.727937 0.694419 0.744011 0.649840 0.699250
0.797206 0.659900 0.650747 0.749877 0.639135 0.703383
0.806659 0.704667 0.686763 0.755744 0.652149 0.724530
0.724553 0.711876 0.644486 0.711284 0.617320 0.670478
0.811468 0.699618 0.682007 0.754175 0.651541 0.723783
0.795883 0.660854 0.654855 0.748607 0.640440 0.706563
0.779171 0.682159 0.669651 0.747387 0.642966 0.706153
0.768650 0.704790 0.680395 0.743823 0.646434 0.706045
0.783269 0.720036 0.696574 0.748422 0.652803 0.717922
0.816900 0.726536 0.703085 0.756705 0.661499 0.731224
0.826800 0.701732 0.691275 0.763465 0.656577 0.733543
0.816218 0.695398 0.683845 0.762556 0.653253 0.731646
0.814683 0.711894 0.691635 0.760913 0.655761 0.730935
0.808473 0.719607 0.698945 0.759526 0.658702 0.729856
0.806837 0.725169 0.702278 0.757791 0.660865 0.730528
0.821247 0.726833 0.704326 0.758779 0.662801 0.733745
0.832490 0.722326 0.703975 0.759428 0.662363 0.734882
0.821021 0.737024 0.711549 0.759770 0.662672 0.735713
0.797078 0.741150 0.708511 0.755196 0.661191 0.724376
0.799823 0.736884 0.709077 0.755707 0.663406 0.727523
0.810200 0.734126 0.709877 0.758311 0.663925 0.732738
0.814214 0.735479 0.710292 0.754883 0.664033 0.732098
0.808274 0.738980 0.711999 0.751090 0.662139 0.729129
0.810031 0.740196 0.712377 0.752799 0.660548 0.728648
0.818146 0.738800 0.712877 0.757918 0.663652 0.733029
0.818222 0.740887 0.712403 0.759092 0.665845 0.735174
0.808585 0.741451 0.712448 0.756092 0.664947 0.730450
0.811231 0.740669 0.713450 0.754464 0.664000 0.729158
0.823598 0.736719 0.713218 0.756238 0.665126 0.733846
0.818340 0.738245 0.713374 0.755327 0.664714 0.731461
0.809369 0.741959 0.713291 0.754678 0.664335 0.730395
0.823225 0.739627 0.712363 0.758132 0.666049 0.736667
0.826298 0.739420 0.712843 0.757781 0.665154 0.736456
0.813468 0.741788 0.712831 0.753445 0.663543 0.730343
0.816705 0.739599 0.713488 0.754192 0.664133 0.731266
0.826034 0.736243 0.713495 0.757591 0.665166 0.735592
0.819684 0.738101 0.713834 0.757447 0.665793 0.734927
0.818840 0.740148 0.714066 0.757503 0.665734 0.734086
0.829755 0.740820 0.714290 0.759949 0.667484 0.738331
0.821427 0.741180 0.714177 0.757791 0.666351 0.734551
0.825394 0.739857 0.712890 0.759902 0.666212 0.735547
0.829747 0.737677 0.712582 0.760375 0.666197 0.736582
0.819763 0.740143 0.715152 0.757069 0.665529 0.732377
0.825031 0.741372 0.715609 0.758413 0.667235 0.735850
0.825065 0.741630 0.715162 0.760713 0.668504 0.736281
0.817512 0.742669 0.714369 0.759356 0.666554 0.732221
0.829958 0.740598 0.713337 0.761224 0.667490 0.737043
0.818641 0.743525 0.715213 0.755911 0.666182 0.732178
0.830664 0.740635 0.712564 0.761017 0.666990 0.737368
0.818622 0.742161 0.714593 0.757967 0.666207 0.732363
0.827025 0.742164 0.715077 0.760510 0.668143 0.736773
0.825313 0.742239 0.715905 0.758058 0.667170 0.735524
0.818916 0.743096 0.715416 0.756676 0.666234 0.731795
0.830553 0.740763 0.714159 0.760294 0.667206 0.737351
0.818399 0.743531 0.715573 0.756702 0.666176 0.731725
0.828528 0.741145 0.715080 0.759657 0.667508 0.736720
0.824543 0.742104 0.715864 0.758051 0.666845 0.734798
0.820430 0.743018 0.715701 0.757067 0.666578 0.732497
0.828894 0.741250 0.715255 0.760257 0.667573 0.737158
0.816038 0.744651 0.714912 0.755856 0.665717 0.729898
0.832529 0.739194 0.712702 0.761111 0.666563 0.737981
0.808163 0.742484 0.712860 0.753499 0.662790 0.724916
0.833613 0.738377 0.710797 0.761469 0.665038 0.738474
0.809860 0.743417 0.713247 0.754104 0.663254 0.726034
0.827796 0.741235 0.714959 0.759267 0.667112 0.736271
0.828894 0.740022 0.715412 0.759524 0.667275 0.736398
0.810736 0.745378 0.714245 0.754339 0.664929 0.726868
0.832260 0.738288 0.713074 0.761909 0.666673 0.738207
0.819219 0.743304 0.715439 0.756949 0.666211 0.731380
0.820771 0.743024 0.715170 0.756958 0.666257 0.732060
0.831992 0.738652 0.713721 0.760082 0.666578 0.737420
0.814868 0.744107 0.714892 0.754748 0.665034 0.728700
0.830286 0.740440 0.715037 0.759425 0.667157 0.737179
0.822961 0.742987 0.715148 0.756637 0.666320 0.733180
0.819145 0.743707 0.714904 0.755486 0.665575 0.730751
0.832700 0.738935 0.713505 0.759787 0.666413 0.737752
0.816521 0.743798 0.714943 0.755532 0.664867 0.729296
0.832458 0.739258 0.713436 0.760728 0.666580 0.737922
0.821028 0.743499 0.715280 0.756195 0.665391 0.731696
0.823492 0.742242 0.714948 0.756712 0.665934 0.732818
0.830329 0.739824 0.715207 0.759439 0.666651 0.737008
0.818903 0.744310 0.715314 0.756125 0.665344 0.730497
0.832255 0.738999 0.713902 0.759973 0.666470 0.738001
0.818752 0.743581 0.715218 0.755767 0.664766 0.730578
0.830977 0.738931 0.714787 0.759290 0.666742 0.737229
0.822731 0.743547 0.715493 0.756792 0.666123 0.732608
0.823548 0.742797 0.715319 0.756832 0.666286 0.732986
0.828200 0.739388 0.715179 0.758370 0.666506 0.735607
0.819354 0.743426 0.715377 0.755814 0.665535 0.730459
0.833310 0.738800 0.712676 0.761275 0.665796 0.738405
0.811370 0.741170 0.712803 0.752466 0.662668 0.724157
0.834480 0.738483 0.709606 0.761696 0.663933 0.738593
0.803621 0.739882 0.710085 0.750981 0.661720 0.721782
0.830176 0.740517 0.715194 0.759161 0.666566 0.736834
0.832062 0.738314 0.714133 0.759157 0.665631 0.737531
0.808800 0.742431 0.712193 0.751603 0.663479 0.723694
0.832756 0.738127 0.713475 0.760934 0.666113 0.738439
0.829222 0.741163 0.715078 0.759652 0.667449 0.736858
0.814596 0.742681 0.714480 0.755462 0.664596 0.727922
0.832786 0.738571 0.713102 0.760368 0.665760 0.738046
0.821868 0.743258 0.715574 0.756984 0.666283 0.732323
0.819542 0.743684 0.715211 0.756617 0.665586 0.730686
0.832823 0.739072 0.713454 0.759924 0.665448 0.737728
0.818650 0.742233 0.714852 0.754776 0.664319 0.729624
0.826956 0.741340 0.715169 0.757082 0.666107 0.734512
0.831322 0.740115 0.714801 0.759604 0.666198 0.736968
0.818153 0.742614 0.714842 0.754857 0.664221 0.729305
0.832359 0.738701 0.714077 0.759956 0.666262 0.737589
0.821982 0.742872 0.715494 0.756631 0.665523 0.731605
0.823378 0.742931 0.715383 0.756906 0.666043 0.732969
0.831342 0.738873 0.714968 0.759452 0.666564 0.737036
0.819561 0.742576 0.715189 0.754886 0.664350 0.730231
0.830918 0.738740 0.715141 0.759355 0.666535 0.736897
0.823110 0.743219 0.715624 0.756903 0.665689 0.732522
0.822404 0.742746 0.715429 0.756639 0.665656 0.732072
0.830815 0.739048 0.714719 0.759332 0.666337 0.736677
0.819655 0.742406 0.715296 0.755591 0.664355 0.730450
0.831934 0.738548 0.714741 0.759264 0.666773 0.737427
0.820294 0.742005 0.715455 0.755754 0.664727 0.730868
0.829777 0.739291 0.715090 0.758921 0.666198 0.735823
0.822484 0.742626 0.715415 0.756625 0.665434 0.731894
0.826253 0.742062 0.715197 0.758561 0.666083 0.734089
0.826158 0.741671 0.715116 0.758363 0.666012 0.733843
0.822803 0.742131 0.715457 0.756695 0.665518 0.732092
0.829828 0.739336 0.715049 0.759490 0.666484 0.736291
0.819643 0.742249 0.715310 0.754746 0.664527 0.730495
0.833302 0.738603 0.713782 0.760672 0.666885 0.738148
0.812889 0.740909 0.713290 0.752084 0.663237 0.725517
0.834257 0.738354 0.710585 0.761621 0.663805 0.739302
0.803354 0.736143 0.709064 0.750159 0.661549 0.720008
0.832701 0.738570 0.714128 0.760014 0.666407 0.738297
0.830796 0.739060 0.714956 0.759315 0.666522 0.736898
0.810579 0.740996 0.712556 0.751756 0.663324 0.724487
0.833511 0.738296 0.713171 0.761363 0.665915 0.738849
0.826563 0.742860 0.715899 0.759039 0.667319 0.735319
0.817052 0.742761 0.714723 0.754862 0.664941 0.729086
0.833209 0.738863 0.712761 0.760380 0.665293 0.738014
0.820215 0.743159 0.715303 0.756292 0.665612 0.731079
0.821132 0.743320 0.715270 0.756516 0.665893 0.731659
0.832932 0.739042 0.714061 0.759748 0.665417 0.737852
0.817741 0.742087 0.714718 0.753758 0.664023 0.728911
0.825983 0.741200 0.715448 0.756820 0.665969 0.733451
0.831901 0.739710 0.714994 0.759901 0.666339 0.737303
0.817986 0.743543 0.714641 0.754816 0.664461 0.729218
0.831629 0.738911 0.714939 0.759455 0.666341 0.737081
0.824271 0.742077 0.715573 0.756901 0.666040 0.733178
0.820832 0.743524 0.715307 0.755225 0.664832 0.731181
0.832039 0.738650 0.715149 0.759366 0.666334 0.737726
0.821061 0.743326 0.715246 0.754876 0.664676 0.731221
0.824408 0.741518 0.715424 0.756577 0.665621 0.733490
0.829411 0.741466 0.714309 0.759073 0.666841 0.735715
0.820161 0.742924 0.715295 0.755400 0.664752 0.730671
0.830871 0.738838 0.715172 0.759684 0.666616 0.736725
0.822460 0.742098 0.715365 0.755945 0.664861 0.732047
0.823998 0.742376 0.715527 0.756681 0.665789 0.732961
0.829076 0.741557 0.714475 0.758954 0.666595 0.735604
0.820928 0.742237 0.715356 0.755477 0.664704 0.731077
0.831026 0.739611 0.715155 0.759578 0.666835 0.737018
0.820241 0.742135 0.715180 0.755075 0.664654 0.730789
0.830605 0.740839 0.715143 0.759653 0.666953 0.736822
0.821146 0.742432 0.715401 0.755618 0.664444 0.731380
0.829550 0.741133 0.714910 0.759327 0.666309 0.735864
0.822270 0.742134 0.715475 0.756013 0.664410 0.732189
0.828253 0.741848 0.715075 0.759079 0.666062 0.735393
0.823680 0.742026 0.715649 0.756423 0.664715 0.732863
0.828326 0.741879 0.715395 0.759043 0.666309 0.735534
0.823053 0.742127 0.715491 0.756187 0.664800 0.732593
0.829606 0.741471 0.715100 0.759303 0.666484 0.736024
0.820490 0.742451 0.715326 0.755275 0.664618 0.730834
0.832684 0.738772 0.714325 0.760745 0.666342 0.738027
0.814046 0.740569 0.713356 0.752258 0.663259 0.726406
0.834274 0.738395 0.711124 0.761606 0.663469 0.739616
0.801454 0.734957 0.707943 0.749347 0.660911 0.719237
0.834190 0.738985 0.713133 0.761626 0.665725 0.739239
0.829470 0.742604 0.715221 0.758672 0.666162 0.736409
0.810726 0.739881 0.712260 0.751028 0.662873 0.724074
0.833923 0.738549 0.712162 0.760855 0.664294 0.739001
0.819391 0.742254 0.712953 0.758366 0.665256 0.729848
0.829866 0.738718 0.714945 0.758112 0.665545 0.735679
0.828565 0.737446 0.715100 0.756699 0.664968 0.734914
0.818424 0.742532 0.713885 0.755183 0.663978 0.729815
0.831320 0.743158 0.714784 0.760527 0.666277 0.738512
0.821097 0.743095 0.715056 0.753790 0.664203 0.731457
0.822867 0.741389 0.715061 0.753202 0.663430 0.731911
0.831626 0.739746 0.714905 0.759072 0.665033 0.737304
0.818900 0.742900 0.714975 0.754448 0.664467 0.730634
0.831566 0.741601 0.714942 0.759269 0.665612 0.737401
0.824986 0.739392 0.715021 0.754267 0.663635 0.732428
0.822675 0.742180 0.715099 0.753935 0.664026 0.731853
0.831460 0.741961 0.715022 0.759339 0.665641 0.737618
0.821626 0.742561 0.715090 0.754167 0.664066 0.731134
0.826602 0.738663 0.714800 0.755365 0.663682 0.733595
0.826449 0.740068 0.714847 0.755658 0.664053 0.733775
0.822518 0.741718 0.715119 0.755121 0.664449 0.732073
0.831000 0.741162 0.715130 0.760511 0.666048 0.737519
0.823146 0.740571 0.715243 0.754879 0.664510 0.731580
0.829490 0.740818 0.714595 0.757155 0.665034 0.734882
0.828968 0.741968 0.714740 0.758413 0.665857 0.734997
0.826734 0.741796 0.714741 0.757185 0.665387 0.733693
0.830466 0.740690 0.714978 0.758906 0.665040 0.735745
0.822923 0.740980 0.715283 0.755230 0.664784 0.731550
0.831101 0.741703 0.715498 0.759334 0.666046 0.737179
0.825892 0.741431 0.715027 0.756651 0.665064 0.733214
0.830513 0.740805 0.715051 0.758582 0.664857 0.736157
0.825679 0.740886 0.715450 0.755693 0.664501 0.733308
0.828987 0.741899 0.715000 0.758080 0.665076 0.735192
0.829315 0.741907 0.714996 0.758364 0.665121 0.735227
0.827029 0.740917 0.715281 0.756302 0.664548 0.733868
0.830261 0.741437 0.714992 0.758611 0.664982 0.736119
0.823639 0.742254 0.715381 0.755558 0.664752 0.732558
0.831424 0.741216 0.715045 0.759344 0.665299 0.736720
0.821623 0.741851 0.715222 0.754564 0.663998 0.731273
0.832691 0.739280 0.714781 0.758716 0.665211 0.737505
0.818074 0.741906 0.714319 0.753542 0.663903 0.728994
0.834666 0.738989 0.712394 0.761061 0.664336 0.738483
0.814095 0.738974 0.712656 0.751753 0.662924 0.725811
0.834908 0.738803 0.712761 0.760686 0.664200 0.738715
0.819200 0.742787 0.714528 0.754346 0.664319 0.729759
0.827805 0.743162 0.715422 0.757487 0.665126 0.734652
0.831980 0.738650 0.715067 0.759903 0.665621 0.737164
0.815466 0.741240 0.713560 0.753754 0.663603 0.727051
0.833853 0.738273 0.713769 0.761765 0.665528 0.738687
0.819518 0.741535 0.714765 0.754977 0.664408 0.729995
0.827048 0.742398 0.715382 0.756885 0.665029 0.733788
0.832395 0.739691 0.715104 0.758677 0.665215 0.737168
0.817886 0.742129 0.714220 0.753979 0.663656 0.728862
0.833042 0.739420 0.714433 0.760231 0.665409 0.737886
0.822958 0.741898 0.715092 0.755323 0.664285 0.731863
0.826404 0.742262 0.715568 0.756539 0.664869 0.733812
0.831810 0.741404 0.715452 0.759167 0.665877 0.737459
0.820438 0.742157 0.714830 0.754919 0.664037 0.730377
0.831782 0.740767 0.715624 0.759136 0.665281 0.737130
0.823814 0.742439 0.715227 0.755588 0.664173 0.732629
0.824929 0.742663 0.715377 0.756013 0.664672 0.733305
0.830762 0.741838 0.716045 0.758919 0.665820 0.737047
0.821691 0.741953 0.715367 0.754928 0.664093 0.731495
0.830325 0.741314 0.715774 0.759017 0.665425 0.736516
0.825024 0.742432 0.715207 0.756062 0.664783 0.733262
0.826531 0.742436 0.715353 0.757177 0.664980 0.734098
0.829376 0.742295 0.715502 0.758699 0.664892 0.735705
0.823297 0.741754 0.715226 0.755361 0.664498 0.732243
0.830593 0.741621 0.715947 0.758673 0.664989 0.737000
0.822147 0.741910 0.715133 0.755511 0.664405 0.731674
0.830488 0.741820 0.716074 0.759112 0.665120 0.736905
0.824588 0.741473 0.714997 0.756191 0.664687 0.732755
0.829259 0.741928 0.715859 0.758791 0.665053 0.736127
0.826799 0.742287 0.715380 0.757825 0.665211 0.734269
0.826945 0.742182 0.715398 0.758427 0.665227 0.734295
0.828599 0.741841 0.715356 0.759021 0.665032 0.735031
0.825230 0.741358 0.715144 0.756926 0.665267 0.733000
0.830166 0.741913 0.716191 0.758991 0.665081 0.736589
0.822452 0.741554 0.715065 0.755450 0.664496 0.731551
0.831251 0.741275 0.715970 0.759063 0.664625 0.736967
0.820873 0.741578 0.714744 0.754949 0.664195 0.730326
0.833017 0.741170 0.715064 0.760222 0.665752 0.738121
0.818652 0.739999 0.714261 0.754089 0.663734 0.729158
0.833609 0.739105 0.714001 0.761008 0.665327 0.738431
0.816629 0.739591 0.713684 0.752818 0.663553 0.727777
0.833939 0.739151 0.713756 0.761154 0.664926 0.738388
0.818939 0.741236 0.714325 0.754461 0.663882 0.729428
0.830311 0.742002 0.716088 0.758908 0.665801 0.736856
0.827791 0.742574 0.715532 0.758468 0.665282 0.734440
0.821266 0.741499 0.715238 0.755926 0.664584 0.730934
0.832743 0.739454 0.714863 0.760984 0.665670 0.737936
0.818409 0.740790 0.714128 0.754674 0.663900 0.729118
0.833223 0.741375 0.714820 0.759836 0.665461 0.738105
0.822535 0.741660 0.715056 0.755181 0.664402 0.731510
0.827078 0.742482 0.715516 0.757550 0.665268 0.734315
0.830617 0.741826 0.715968 0.759344 0.665601 0.736829
0.820186 0.741276 0.714547 0.755106 0.663984 0.729883
0.833202 0.738833 0.714790 0.760733 0.665602 0.738316
0.818569 0.741554 0.714372 0.754539 0.663918 0.729449
0.831670 0.742405 0.715696 0.759218 0.665237 0.737876
0.825399 0.741937 0.715553 0.756473 0.664746 0.733644
0.822155 0.741516 0.715482 0.755848 0.664296 0.731551
0.832395 0.739782 0.715307 0.761141 0.666347 0.737918
0.817899 0.742008 0.714160 0.754742 0.664080 0.728797
0.833282 0.739718 0.714763 0.760341 0.665752 0.738346
0.821308 0.742119 0.714791 0.755094 0.664120 0.730689
0.828381 0.742910 0.715852 0.758148 0.665329 0.735586
0.829286 0.741917 0.715742 0.758878 0.665252 0.735947
0.821022 0.740200 0.714698 0.755112 0.664020 0.730291
0.832996 0.739111 0.715018 0.761004 0.666216 0.738298
0.817907 0.741307 0.714301 0.754446 0.664007 0.729076
0.833033 0.740671 0.714775 0.760119 0.665560 0.738209
0.822467 0.741867 0.714836 0.755431 0.664226 0.731046
0.825374 0.742319 0.715503 0.757251 0.665510 0.733937
0.831191 0.742348 0.715958 0.760599 0.666420 0.737591
0.819533 0.741222 0.714345 0.755176 0.664110 0.729463
0.832522 0.739567 0.715389 0.760423 0.665961 0.737935
0.820753 0.742368 0.715113 0.756001 0.664574 0.731147
0.829464 0.742661 0.715793 0.759116 0.665259 0.736410
0.827982 0.741637 0.715761 0.757134 0.665142 0.735112
0.822472 0.741034 0.714935 0.756021 0.664189 0.731263
0.831668 0.741573 0.716071 0.760623 0.666463 0.737935
0.820534 0.741844 0.714947 0.756051 0.664540 0.730525
0.831516 0.741304 0.716126 0.758908 0.665169 0.737451
0.823072 0.742019 0.715497 0.756108 0.664964 0.732324
0.826578 0.742515 0.715757 0.757742 0.665690 0.734597
0.829342 0.742379 0.715928 0.759425 0.665191 0.735929
0.822427 0.740489 0.715095 0.756103 0.664412 0.731481
0.831454 0.741264 0.716232 0.760014 0.665791 0.737651
0.820204 0.742478 0.714873 0.756101 0.664971 0.730838
0.831217 0.742198 0.715731 0.759130 0.665202 0.737472
0.823075 0.741813 0.714853 0.755721 0.664551 0.731413
0.827704 0.741922 0.715904 0.758674 0.665595 0.735114
0.827936 0.742610 0.715700 0.759931 0.665745 0.735352
0.823439 0.741705 0.715175 0.756941 0.664898 0.732315
0.831106 0.741116 0.716118 0.759094 0.665139 0.737238
0.820959 0.742223 0.714759 0.755675 0.664425 0.730650
0.831773 0.742359 0.715644 0.759140 0.665001 0.737754
0.821993 0.742016 0.714619 0.755646 0.664267 0.730842
0.829679 0.741423 0.715782 0.759619 0.665232 0.735822
0.825003 0.742010 0.715508 0.758602 0.665577 0.733418
0.827689 0.742503 0.715829 0.759566 0.665795 0.735077
0.827848 0.741309 0.715883 0.758285 0.665572 0.735004
0.824626 0.742005 0.715465 0.756682 0.665494 0.733506
0.828763 0.742343 0.716109 0.759771 0.665645 0.735941
0.823102 0.741738 0.715199 0.756490 0.665084 0.732230
0.830563 0.741629 0.715798 0.759312 0.665371 0.736453
0.821395 0.741613 0.714488 0.756347 0.664811 0.730948
0.831930 0.742216 0.716128 0.759928 0.665482 0.738012
0.820459 0.740711 0.714344 0.754971 0.664480 0.729883
0.833230 0.739536 0.715406 0.759704 0.665213 0.737836
0.814827 0.738043 0.712343 0.754236 0.663297 0.726345
0.834590 0.737968 0.712291 0.761462 0.663447 0.738938
0.800610 0.734465 0.706258 0.747612 0.659047 0.718440
0.834584 0.740014 0.712273 0.761935 0.664650 0.740596
0.823076 0.742997 0.714824 0.755610 0.664848 0.731654
0.815929 0.737539 0.711984 0.750856 0.662253 0.725485
0.834825 0.738002 0.711552 0.760843 0.662468 0.738511
0.811363 0.740155 0.711118 0.755587 0.662967 0.726076
0.821610 0.742741 0.714557 0.757093 0.665199 0.731188
0.833934 0.739162 0.711467 0.759554 0.662183 0.737428
0.817008 0.739539 0.713221 0.752395 0.663221 0.727124
0.824478 0.742301 0.714506 0.757533 0.664566 0.731845
0.835066 0.740717 0.713933 0.760882 0.665416 0.739554
0.821506 0.739060 0.714064 0.753493 0.663792 0.729486
0.822208 0.735810 0.713562 0.753938 0.663485 0.729419
0.833900 0.737790 0.714685 0.760802 0.664570 0.738387
0.825384 0.743768 0.714973 0.758350 0.666543 0.733506
0.825133 0.740987 0.714657 0.757183 0.665895 0.732831
0.832166 0.738619 0.714867 0.758762 0.664972 0.737404
0.825065 0.742328 0.715639 0.755628 0.664731 0.733270
0.821451 0.742795 0.714972 0.756538 0.664932 0.731124
0.829728 0.742847 0.715947 0.760828 0.666711 0.736593
0.827307 0.739873 0.714865 0.758622 0.665904 0.733773
0.823417 0.736705 0.714177 0.756069 0.663951 0.730859
0.831061 0.738969 0.714679 0.759570 0.665510 0.735541
0.825680 0.743122 0.715645 0.758163 0.666273 0.733610
0.821929 0.742156 0.715530 0.756678 0.664878 0.731778
0.830628 0.740796 0.715351 0.757195 0.665826 0.735787
0.825936 0.739042 0.715345 0.756169 0.664624 0.733545
0.823639 0.739215 0.714911 0.756591 0.664920 0.731978
0.829688 0.741152 0.715574 0.760076 0.666486 0.736001
0.823342 0.739559 0.715086 0.757117 0.665129 0.732303
0.825279 0.739848 0.715256 0.756400 0.665011 0.733252
0.830077 0.739757 0.715599 0.757311 0.665910 0.735803
0.823888 0.742130 0.715366 0.756823 0.665296 0.732702
0.826295 0.743179 0.715726 0.757979 0.666315 0.734534
0.828264 0.742023 0.715730 0.758374 0.666111 0.735139
0.823930 0.739853 0.714952 0.756804 0.664843 0.732390
0.829393 0.740761 0.715570 0.759145 0.665824 0.735662
0.826149 0.742104 0.715477 0.757744 0.665984 0.733984
0.825738 0.742259 0.715430 0.757463 0.665751 0.733974
0.829067 0.741906 0.715788 0.757750 0.665767 0.735628
0.825694 0.741270 0.715298 0.756804 0.665423 0.733365
0.827990 0.741750 0.715811 0.758575 0.665817 0.734933
0.827487 0.741350 0.715575 0.758534 0.665731 0.734509
0.826138 0.740463 0.715187 0.757664 0.665417 0.733687
0.828874 0.741123 0.715848 0.757821 0.665666 0.735177
0.825914 0.741395 0.715410 0.757518 0.666057 0.733792
0.827696 0.741888 0.715806 0.757982 0.666177 0.734811
0.827558 0.740874 0.715509 0.757813 0.665724 0.734656
0.826283 0.740615 0.715240 0.757703 0.665682 0.733831
0.828375 0.741647 0.715820 0.759014 0.665773 0.735140
0.825938 0.740946 0.715487 0.757809 0.665896 0.733610
0.828511 0.740795 0.715714 0.758082 0.665673 0.734957
0.826582 0.740841 0.715359 0.757574 0.665739 0.733984
0.827486 0.741331 0.715668 0.758205 0.665898 0.734543
0.827605 0.741134 0.715489 0.758234 0.665842 0.734653
0.826772 0.740615 0.715213 0.757664 0.665748 0.733954
0.828198 0.741004 0.715501 0.758338 0.665521 0.734939
0.825760 0.741340 0.715166 0.757704 0.665981 0.733785
0.828531 0.741374 0.715648 0.758698 0.665741 0.735329
0.825684 0.740802 0.715298 0.757424 0.665668 0.733484
0.829054 0.741442 0.715692 0.759156 0.665551 0.735391
0.824819 0.741531 0.714894 0.757573 0.665973 0.733097
0.829900 0.741752 0.715654 0.759201 0.665815 0.735808
0.823214 0.741261 0.714992 0.756751 0.665616 0.731719
0.831063 0.741968 0.715730 0.759245 0.665899 0.736672
0.820820 0.740941 0.714259 0.756349 0.665145 0.730201
0.833121 0.740329 0.715164 0.759720 0.665526 0.737161
0.818694 0.740962 0.713494 0.755526 0.664309 0.728747
0.834225 0.739709 0.714728 0.760689 0.665209 0.738297
0.817275 0.739775 0.713360 0.754704 0.663891 0.727576
0.833647 0.740145 0.714590 0.760375 0.665225 0.738097
0.819836 0.741262 0.714178 0.756099 0.664874 0.729705
0.829787 0.742162 0.715558 0.759371 0.666268 0.735798
0.827648 0.741388 0.715445 0.758498 0.665969 0.734431
0.822459 0.740376 0.714706 0.756833 0.665616 0.731347
0.833000 0.740486 0.715054 0.760022 0.665678 0.737031
0.818832 0.740874 0.713817 0.755625 0.664220 0.728726
0.833347 0.741217 0.715285 0.760142 0.665796 0.738164
0.821083 0.740704 0.714482 0.756409 0.664867 0.730418
0.829500 0.741624 0.715419 0.758575 0.666129 0.735465
0.828831 0.741236 0.715215 0.758747 0.666137 0.735081
0.822399 0.740538 0.714856 0.756709 0.665539 0.731299
0.832939 0.740560 0.715181 0.760034 0.665625 0.737138
0.819019 0.740847 0.714053 0.756016 0.664709 0.729079
0.832849 0.742021 0.715647 0.760139 0.665869 0.737854
0.821765 0.740717 0.714381 0.756506 0.665186 0.730499
0.828536 0.741318 0.715217 0.758475 0.665643 0.734629
0.829264 0.741798 0.715341 0.758890 0.666204 0.735022
0.822532 0.740641 0.714791 0.756789 0.665498 0.731651
0.832470 0.740747 0.715094 0.759410 0.665621 0.736876
0.819867 0.741150 0.714255 0.756170 0.664636 0.729938
0.832812 0.742277 0.715672 0.760343 0.665798 0.737869
0.821609 0.740545 0.714108 0.756410 0.664327 0.730473
0.830520 0.741078 0.715469 0.758779 0.665945 0.735786
0.826694 0.742480 0.715379 0.758216 0.666357 0.734230
0.826669 0.742046 0.715219 0.757949 0.666174 0.734001
0.829824 0.741589 0.715539 0.758462 0.665907 0.735784
0.823061 0.741603 0.714976 0.757106 0.665600 0.732271
0.831119 0.742138 0.715473 0.760076 0.666306 0.736424
0.821380 0.740930 0.714313 0.756541 0.664498 0.730777
0.832405 0.740945 0.715241 0.759927 0.665740 0.737015
0.820089 0.741067 0.714427 0.756342 0.665011 0.730594
0.833012 0.741027 0.715333 0.760037 0.665758 0.737818
0.819746 0.741215 0.714275 0.756032 0.664361 0.729786
0.832654 0.741435 0.715500 0.760263 0.665866 0.737290
0.820608 0.740954 0.714054 0.756500 0.664457 0.730368
0.831142 0.741925 0.715435 0.759978 0.666041 0.736175
0.826118 0.742311 0.715257 0.757917 0.666063 0.733853
0.827835 0.742199 0.715386 0.758302 0.665991 0.734745
0.828180 0.741907 0.715239 0.758403 0.665884 0.734910
0.825933 0.741531 0.714878 0.757797 0.665724 0.733489
0.831141 0.742188 0.715371 0.759832 0.666143 0.736464
0.821513 0.741167 0.714354 0.756520 0.664362 0.731049
0.833188 0.740679 0.715072 0.760290 0.665518 0.737571
0.817171 0.740778 0.713881 0.755000 0.663820 0.728409
0.834216 0.738755 0.714671 0.760787 0.664583 0.738698
0.814187 0.739070 0.712739 0.752573 0.662108 0.725721
0.834865 0.740384 0.714549 0.761148 0.665263 0.739003
0.820521 0.740473 0.714367 0.756388 0.664371 0.730206
0.825348 0.741331 0.714679 0.757766 0.665667 0.732906
0.834031 0.738995 0.714974 0.761267 0.665525 0.737696
0.814393 0.740172 0.713084 0.753520 0.662823 0.725820
0.834407 0.739534 0.714070 0.760587 0.664850 0.738344
0.821038 0.741141 0.714882 0.755737 0.664813 0.731404
0.826699 0.742860 0.715044 0.757339 0.665184 0.733667
0.833765 0.739073 0.714653 0.760183 0.664145 0.737770
0.813733 0.739324 0.711993 0.753153 0.661900 0.724211
0.833020 0.740846 0.714863 0.760973 0.666029 0.737180
0.831034 0.743276 0.715410 0.758472 0.666071 0.736675
0.820142 0.740714 0.714179 0.755010 0.663008 0.729859
0.833082 0.741254 0.714423 0.758853 0.665329 0.737617
0.822304 0.743247 0.714929 0.756382 0.665258 0.732075
0.824630 0.743151 0.714814 0.757103 0.664830 0.732638
0.832386 0.738699 0.714663 0.760219 0.664675 0.736827
0.818194 0.740423 0.713087 0.756004 0.663346 0.727873
0.833640 0.742212 0.715532 0.761094 0.665975 0.738627
0.825660 0.742475 0.715298 0.757406 0.665625 0.733574
0.823240 0.740681 0.715148 0.756126 0.664788 0.731996
0.833311 0.741764 0.715528 0.759740 0.665410 0.738044
0.819805 0.741962 0.713971 0.756676 0.665871 0.729824
0.829633 0.741415 0.715065 0.758840 0.666080 0.734807
0.831065 0.741459 0.715017 0.759830 0.665715 0.735506
0.821095 0.740979 0.714218 0.756178 0.663782 0.730517
0.832287 0.742579 0.715281 0.760024 0.665766 0.736943
0.822413 0.742164 0.714936 0.756769 0.664301 0.731405
0.827877 0.742509 0.715111 0.758067 0.665825 0.734506
0.832149 0.741749 0.715591 0.760226 0.666309 0.736983
0.819819 0.740962 0.713635 0.756374 0.664016 0.729907
0.832632 0.741992 0.715089 0.760690 0.665973 0.737258
0.822377 0.742020 0.714581 0.756863 0.664501 0.731665
0.828594 0.741677 0.714900 0.758088 0.665299 0.734489
0.831203 0.742336 0.714996 0.759244 0.665472 0.735736
0.820463 0.741539 0.714093 0.756446 0.663793 0.729550
0.832443 0.741834 0.715107 0.760891 0.665988 0.736656
0.823724 0.740681 0.714366 0.756925 0.664286 0.731544
0.829637 0.741429 0.715065 0.758040 0.665269 0.734820
0.829274 0.743198 0.715102 0.758749 0.666136 0.735275
0.824013 0.742047 0.714449 0.757665 0.664990 0.732770
0.831799 0.742173 0.715139 0.759960 0.665805 0.736378
0.825417 0.741256 0.714487 0.757741 0.664684 0.732860
0.831591 0.743108 0.715542 0.759930 0.665991 0.736426
0.824464 0.742399 0.714539 0.757497 0.664778 0.732500
0.829119 0.742758 0.714914 0.758377 0.665597 0.734531
0.829816 0.742389 0.714997 0.758625 0.665738 0.734814
0.825519 0.741927 0.714339 0.757981 0.664912 0.732616
0.831687 0.742765 0.715375 0.760090 0.666127 0.736287
0.822472 0.741503 0.714426 0.756690 0.663895 0.731504
0.832409 0.742510 0.715107 0.759593 0.665382 0.737031
0.821018 0.741352 0.714544 0.756386 0.663617 0.730467
0.832804 0.742079 0.715074 0.760581 0.665702 0.737124
0.820580 0.741488 0.714127 0.756610 0.663633 0.730371
0.832620 0.741420 0.715036 0.760376 0.665635 0.736723
0.822203 0.742557 0.714479 0.756761 0.663753 0.731075
0.830798 0.743500 0.715423 0.759206 0.666036 0.735803
0.827780 0.742130 0.714660 0.758126 0.664265 0.733622
0.828799 0.742550 0.714691 0.758321 0.664651 0.734008
0.830232 0.743570 0.715087 0.758960 0.665795 0.735481
0.824546 0.743393 0.714477 0.757452 0.664247 0.732516
0.831883 0.742671 0.715161 0.759704 0.665559 0.736380
0.821500 0.741682 0.714670 0.756521 0.663254 0.730529
0.833309 0.741828 0.715395 0.760800 0.665408 0.737877
0.818352 0.741417 0.713998 0.755294 0.662842 0.728969
0.834257 0.740242 0.714780 0.760688 0.664773 0.738190
0.816058 0.741424 0.713827 0.754064 0.662375 0.727973
0.833962 0.742551 0.715201 0.760663 0.664979 0.738325
0.822490 0.742592 0.714618 0.756589 0.663059 0.730726
0.828438 0.743113 0.714494 0.758373 0.664476 0.733717
0.832465 0.741524 0.715126 0.760646 0.665577 0.736278
0.817762 0.741842 0.713864 0.754897 0.662769 0.728117
0.834536 0.741310 0.714886 0.760735 0.664963 0.738765
0.819955 0.741921 0.714522 0.755152 0.662284 0.730101
0.831198 0.743748 0.715423 0.758261 0.665540 0.735815
0.831220 0.742648 0.714638 0.759315 0.665423 0.735139
0.818412 0.741246 0.713390 0.755368 0.662745 0.728048
0.834607 0.739721 0.715043 0.761440 0.664937 0.739007
0.816696 0.741983 0.713907 0.753813 0.661824 0.727769
0.831610 0.743896 0.715018 0.758943 0.665639 0.736405
0.831659 0.743323 0.715125 0.759653 0.665823 0.736049
0.817094 0.741150 0.712628 0.754267 0.662082 0.726267
0.834583 0.739539 0.715144 0.761487 0.665152 0.738627
0.818498 0.742287 0.714580 0.755368 0.663432 0.729077
0.831607 0.743519 0.715188 0.757544 0.664825 0.736151
0.832111 0.740759 0.714427 0.757616 0.663980 0.735583
0.816607 0.741799 0.713670 0.754232 0.661730 0.727377
0.833218 0.743392 0.715868 0.762308 0.666150 0.738588
0.828524 0.742309 0.714471 0.758437 0.663561 0.732969
0.824308 0.740188 0.713794 0.755212 0.661361 0.729632
0.834022 0.742167 0.715832 0.761092 0.665239 0.738730
0.817235 0.744006 0.714352 0.755466 0.663592 0.728671
0.829547 0.743648 0.715355 0.758271 0.665265 0.735036
0.832433 0.739370 0.714359 0.759688 0.663439 0.736599
0.815466 0.741972 0.713140 0.754609 0.661888 0.727037
0.832366 0.744602 0.715301 0.762257 0.666647 0.738725
0.826472 0.742794 0.715375 0.756513 0.663761 0.732821
0.825068 0.739389 0.713892 0.754115 0.661338 0.730312
0.834333 0.740279 0.715919 0.759623 0.664160 0.738529
0.818159 0.742948 0.713552 0.756254 0.663709 0.728134
0.827395 0.742395 0.714707 0.758538 0.665467 0.733361
0.832521 0.738631 0.714125 0.759313 0.663036 0.736497
0.817887 0.740188 0.712371 0.754834 0.661600 0.727066
0.832914 0.744179 0.715374 0.761116 0.666097 0.738322
0.826988 0.743503 0.715549 0.757586 0.665941 0.733618
0.822928 0.740577 0.714072 0.755057 0.662053 0.729267
0.834534 0.739890 0.715140 0.760453 0.664656 0.738670
0.821687 0.743610 0.713957 0.757713 0.664777 0.730958
0.822282 0.745001 0.714782 0.757650 0.665383 0.731350
0.832521 0.740645 0.714488 0.759914 0.664513 0.736848
0.819402 0.741598 0.713666 0.755272 0.661383 0.728976
0.829999 0.744019 0.714863 0.759601 0.665649 0.735487
0.831046 0.741642 0.714799 0.758797 0.665064 0.735600
0.818056 0.741118 0.713116 0.754398 0.662248 0.726874
0.833188 0.741966 0.715738 0.761457 0.665699 0.738168
0.829671 0.743734 0.714955 0.759715 0.664570 0.735498
0.821891 0.741283 0.714687 0.755613 0.662184 0.730613
0.833105 0.741854 0.715253 0.761028 0.665407 0.737391
0.822839 0.743403 0.714466 0.758658 0.664438 0.732003
0.828420 0.743285 0.714424 0.759373 0.664518 0.734322
0.832601 0.740202 0.714678 0.759547 0.663216 0.736182
0.816793 0.742146 0.713745 0.755014 0.662032 0.727135
0.831154 0.745309 0.715314 0.761461 0.666475 0.737260
0.830911 0.743610 0.715033 0.758669 0.663554 0.735723
0.821205 0.740733 0.713517 0.753963 0.661007 0.728290
0.833459 0.741056 0.715634 0.760918 0.664826 0.737445
0.820278 0.744370 0.714476 0.758158 0.664893 0.730692
0.828326 0.743677 0.714332 0.758700 0.664423 0.734264
0.832400 0.738924 0.713502 0.758932 0.661329 0.735592
0.816533 0.742123 0.713847 0.754919 0.661676 0.727725
0.830898 0.745233 0.715421 0.762497 0.666638 0.738262
0.830772 0.743508 0.715015 0.758867 0.663948 0.735251
0.822134 0.738717 0.712926 0.752567 0.659930 0.727692
0.834017 0.740443 0.715552 0.760911 0.664227 0.738345
0.818449 0.744054 0.714424 0.757293 0.664589 0.729715
0.823048 0.744378 0.714728 0.757362 0.664658 0.732117
0.832520 0.739368 0.713139 0.758955 0.661118 0.736315
0.817612 0.742562 0.713370 0.754672 0.661197 0.728162
0.829886 0.744883 0.714627 0.761599 0.666484 0.736667
0.831136 0.743964 0.714878 0.759271 0.665740 0.735604
0.822806 0.738711 0.713138 0.752971 0.660531 0.728217
0.833847 0.738715 0.715128 0.759337 0.661637 0.737976
0.823490 0.743428 0.713954 0.758975 0.664624 0.731863
0.821138 0.744164 0.714679 0.757990 0.665518 0.731261
0.832849 0.741560 0.714645 0.760246 0.664502 0.736720
0.825674 0.741769 0.714343 0.756828 0.661843 0.732232
0.829724 0.743735 0.714924 0.760283 0.665173 0.735200
0.830184 0.744616 0.715136 0.759653 0.666141 0.735306
0.823083 0.743016 0.714181 0.755608 0.662533 0.729754
0.831953 0.741670 0.714533 0.758628 0.662048 0.735114
0.830419 0.742880 0.714447 0.759498 0.663299 0.734580
0.823289 0.744666 0.714639 0.757820 0.663977 0.732055
0.829365 0.744666 0.714740 0.760575 0.665853 0.735223
0.828674 0.742005 0.714155 0.758659 0.662817 0.733393
0.829721 0.741091 0.714266 0.758331 0.662210 0.734022
0.830639 0.743267 0.714885 0.759191 0.663593 0.735054
0.823747 0.744352 0.714796 0.757156 0.663473 0.731613
0.829335 0.744267 0.714747 0.759014 0.663843 0.734923
0.830290 0.743331 0.714536 0.759126 0.662988 0.734878
0.827114 0.743528 0.714343 0.758412 0.663167 0.732699
0.829720 0.744231 0.714645 0.760644 0.664946 0.734596
0.828057 0.743710 0.714056 0.760126 0.664168 0.733302
0.829376 0.742536 0.713890 0.759741 0.662900 0.733653
0.830164 0.742991 0.714568 0.758825 0.662834 0.734295
0.824893 0.744517 0.714672 0.757526 0.663631 0.732112
0.829524 0.743990 0.714946 0.759386 0.664267 0.735009
0.827483 0.742920 0.714366 0.757528 0.662342 0.733016
0.828738 0.742889 0.714346 0.758110 0.662208 0.733545
0.829750 0.744859 0.714595 0.760459 0.663769 0.734834
0.827565 0.744338 0.714348 0.759517 0.663398 0.733344
0.830736 0.742951 0.714383 0.759631 0.662307 0.734497
0.826412 0.743448 0.714201 0.757910 0.662622 0.732610
0.829435 0.744331 0.714640 0.759473 0.664034 0.734598
0.826186 0.744251 0.714568 0.757643 0.662814 0.732709
0.829008 0.742994 0.714473 0.757982 0.662077 0.733893
0.828911 0.744356 0.714311 0.758990 0.662973 0.733912
0.829780 0.744386 0.714359 0.760130 0.663174 0.734288
0.828879 0.743534 0.714251 0.758699 0.662888 0.733459
0.830090 0.743852 0.714001 0.759933 0.662705 0.734456
0.828668 0.744401 0.714174 0.759065 0.662693 0.733785
0.829753 0.743893 0.714282 0.758862 0.662305 0.734333
0.825970 0.744134 0.714355 0.757449 0.662215 0.732130
0.831382 0.743684 0.714652 0.760319 0.662394 0.735194
0.822840 0.743871 0.714303 0.757251 0.662355 0.730841
0.832864 0.743103 0.714485 0.760866 0.662800 0.736451
0.817864 0.742854 0.713572 0.756036 0.662089 0.727512
0.833741 0.742072 0.714882 0.761449 0.663942 0.738349
0.818666 0.741897 0.713903 0.755136 0.661718 0.728106
0.833329 0.742832 0.714769 0.760333 0.662217 0.736575
0.824621 0.743545 0.714731 0.757014 0.662542 0.730951
0.827820 0.743932 0.714636 0.757924 0.662795 0.733563
0.832655 0.742686 0.714444 0.761018 0.663107 0.735874
0.817587 0.742276 0.713428 0.755433 0.661627 0.727191
0.833995 0.742841 0.714683 0.759953 0.663495 0.736959
0.822912 0.745206 0.714431 0.756876 0.662539 0.730508
0.830097 0.744993 0.715082 0.760001 0.662916 0.735258
0.833266 0.742106 0.714915 0.760494 0.662304 0.737228
0.817779 0.743728 0.713285 0.755923 0.661965 0.726967
0.832182 0.744212 0.714340 0.761969 0.665558 0.736536
0.828406 0.742400 0.715273 0.756543 0.661854 0.733721
0.824707 0.741209 0.714307 0.755900 0.661452 0.730878
0.832425 0.743924 0.715280 0.761976 0.665247 0.736943
0.823860 0.745231 0.714641 0.757614 0.663516 0.730835
0.831620 0.740883 0.714055 0.758981 0.661640 0.734370
0.824197 0.743688 0.714471 0.756890 0.662354 0.731637
0.829530 0.745695 0.714477 0.760767 0.664148 0.735724
0.830325 0.745440 0.714213 0.760950 0.664029 0.735109
0.829170 0.741579 0.713646 0.760106 0.661429 0.731873
0.828552 0.743352 0.713940 0.759244 0.662504 0.732646
0.829587 0.744968 0.714245 0.760717 0.663685 0.734931
0.827018 0.745061 0.714637 0.758314 0.663109 0.733411
0.831702 0.741902 0.714202 0.759328 0.661726 0.734563
0.825250 0.744261 0.714364 0.757682 0.662221 0.731643
0.829487 0.744795 0.713913 0.762000 0.663805 0.734291
0.829650 0.743384 0.713687 0.759982 0.662411 0.733432
0.831245 0.743419 0.714211 0.759699 0.662055 0.734487
0.829400 0.745177 0.714375 0.760747 0.663479 0.734832
0.825867 0.744084 0.714530 0.757359 0.662396 0.732038
0.830480 0.742751 0.714117 0.758417 0.661840 0.733028
0.829319 0.745388 0.714030 0.759918 0.663113 0.733209
0.831707 0.743939 0.714109 0.760883 0.662349 0.734865
0.824441 0.744221 0.714108 0.757335 0.662548 0.731132
0.832398 0.744840 0.714302 0.761013 0.663260 0.736152
0.824397 0.744860 0.714426 0.756772 0.662001 0.730989
0.832951 0.742391 0.714357 0.760770 0.662230 0.735706
0.818827 0.744934 0.714407 0.756770 0.662606 0.728821
0.833831 0.743659 0.715020 0.761402 0.663674 0.737819
0.823924 0.742896 0.714480 0.755985 0.661238 0.730611
0.832708 0.743752 0.714368 0.761136 0.662814 0.735780
0.824527 0.744416 0.714385 0.758110 0.662821 0.731537
0.829561 0.744196 0.714050 0.759735 0.662292 0.733112
0.831977 0.742825 0.714115 0.759954 0.661770 0.734582
0.822995 0.745591 0.714641 0.757067 0.662028 0.730422
0.833554 0.744360 0.714447 0.761043 0.662291 0.736406
0.819582 0.743259 0.714093 0.755785 0.662088 0.728681
0.833976 0.742779 0.714802 0.761458 0.663049 0.737624
0.827880 0.744175 0.714180 0.760041 0.663114 0.733017
0.827475 0.743672 0.714129 0.759624 0.662971 0.732377
0.832083 0.742208 0.714774 0.759862 0.661753 0.735078
0.825534 0.746040 0.714696 0.757865 0.663062 0.732186
0.832547 0.744152 0.714074 0.761365 0.662301 0.735549
0.825799 0.743490 0.714455 0.756600 0.661915 0.731498
0.830539 0.744298 0.714356 0.761311 0.663141 0.734815
0.827385 0.744906 0.714557 0.756952 0.662090 0.732475
0.830493 0.742879 0.714358 0.758284 0.661896 0.734065
0.827483 0.746047 0.713826 0.761009 0.664123 0.733282
0.831289 0.744562 0.714247 0.761022 0.663099 0.735016
0.826740 0.744296 0.713997 0.756823 0.661366 0.731843
0.831774 0.745046 0.714649 0.760153 0.663067 0.735675
0.823564 0.746255 0.714629 0.757565 0.663090 0.732275
0.830193 0.743633 0.714290 0.759051 0.661905 0.734035
0.827936 0.744405 0.714298 0.758572 0.661976 0.731818
0.832710 0.744235 0.714247 0.761826 0.662685 0.736133
0.827285 0.745467 0.714088 0.760131 0.662768 0.732740
0.832502 0.744903 0.714426 0.760725 0.662446 0.735843
0.824851 0.745072 0.714458 0.756531 0.661885 0.730610
0.833221 0.742762 0.714029 0.760559 0.662201 0.735476
0.822499 0.744234 0.713998 0.757452 0.662595 0.729732
0.833154 0.745001 0.715412 0.761494 0.662533 0.737366
0.824601 0.745505 0.714407 0.756575 0.661695 0.730531
0.833129 0.741301 0.713980 0.760904 0.662256 0.736584
0.817361 0.743146 0.713813 0.754963 0.661724 0.727654
0.834454 0.744195 0.715646 0.760992 0.662274 0.738720
0.817231 0.741987 0.712787 0.754914 0.661438 0.726260
0.831913 0.739953 0.713883 0.762170 0.663894 0.736887
0.821234 0.743550 0.714065 0.755965 0.662751 0.729100
0.832265 0.743192 0.715687 0.759414 0.662067 0.736722
0.825845 0.739231 0.713693 0.753719 0.661091 0.730314
0.832771 0.740940 0.714068 0.759341 0.662096 0.734409
0.831605 0.743599 0.714115 0.761115 0.663198 0.734464
0.827336 0.743746 0.713169 0.760925 0.664143 0.731909
0.833387 0.743579 0.715330 0.760415 0.662496 0.737338
0.826428 0.743681 0.714327 0.755774 0.662100 0.731920
0.827891 0.744135 0.714563 0.755841 0.661234 0.732908
0.827366 0.744394 0.714683 0.756506 0.661794 0.732692
0.828878 0.745091 0.714615 0.759629 0.663625 0.733955
0.832737 0.743004 0.715383 0.761694 0.664137 0.737223
0.823062 0.744775 0.714141 0.756955 0.662766 0.731311
0.831499 0.742991 0.714672 0.759895 0.661832 0.735106
0.825586 0.744526 0.714674 0.756122 0.662107 0.731958
0.829467 0.744962 0.714872 0.759578 0.662557 0.734363
0.832144 0.744934 0.715213 0.760496 0.663332 0.737191
0.826907 0.745578 0.714384 0.760382 0.663212 0.733201
0.831049 0.744327 0.714423 0.760713 0.663242 0.735091
0.826870 0.744438 0.714687 0.756125 0.661882 0.732018
0.831368 0.744280 0.714534 0.759808 0.662364 0.735157
0.828642 0.746612 0.714444 0.760371 0.663873 0.734437
0.830526 0.745590 0.714703 0.760549 0.663519 0.734950
0.830109 0.744808 0.714451 0.760464 0.662783 0.734313
0.825367 0.745292 0.714541 0.757036 0.662583 0.731830
0.831464 0.744167 0.714679 0.760100 0.662840 0.735426
0.824415 0.745082 0.714709 0.758519 0.662825 0.731949
0.833638 0.743672 0.714471 0.761326 0.663057 0.736463
0.822316 0.744766 0.714090 0.756215 0.662114 0.729650
0.834152 0.743353 0.715274 0.761337 0.662608 0.737673
0.817137 0.740238 0.713570 0.754158 0.661362 0.726771
0.835694 0.740038 0.713055 0.760024 0.661042 0.737608
0.812359 0.742657 0.713270 0.755542 0.661807 0.726660
0.830117 0.746555 0.715737 0.761240 0.664680 0.736843
0.831882 0.740238 0.713153 0.758707 0.660242 0.735287
0.811715 0.742065 0.712864 0.753779 0.660565 0.725368
0.832611 0.745275 0.714990 0.762918 0.666188 0.738511
0.830953 0.743263 0.714910 0.757523 0.662710 0.734862
0.823354 0.740181 0.712459 0.753804 0.660647 0.727877
0.834383 0.739142 0.714792 0.761149 0.663135 0.737942
0.813337 0.740982 0.711689 0.756842 0.663052 0.725262
0.827709 0.744360 0.714730 0.757861 0.663827 0.733127
0.831948 0.738790 0.711849 0.757518 0.659097 0.735268
0.812121 0.742401 0.711883 0.754849 0.659568 0.725955
0.831440 0.743995 0.714846 0.764103 0.666731 0.738983
0.828938 0.744154 0.714819 0.759828 0.664020 0.734683
0.817796 0.736012 0.709975 0.750147 0.659002 0.724431
0.834107 0.738680 0.713950 0.758407 0.659301 0.737289
0.823269 0.741306 0.712632 0.760180 0.663164 0.731725
0.819649 0.741004 0.712180 0.759767 0.663400 0.729677
0.833866 0.740995 0.714683 0.760764 0.662343 0.737225
0.828382 0.737761 0.713756 0.757756 0.659894 0.732378
0.828576 0.743126 0.714586 0.760691 0.663248 0.734452
0.830019 0.744718 0.715426 0.763502 0.664560 0.737402
0.822419 0.744340 0.714553 0.756784 0.663604 0.731037
0.827399 0.742121 0.714609 0.755504 0.662305 0.731912
0.832826 0.738996 0.713833 0.757956 0.661036 0.735623
0.822706 0.744824 0.714259 0.757756 0.663557 0.731498
0.824627 0.745639 0.714838 0.760261 0.664941 0.733031
0.831566 0.744858 0.714761 0.761106 0.663010 0.736060
0.825187 0.741456 0.714785 0.756217 0.660758 0.731460
0.831190 0.744153 0.714850 0.760364 0.663310 0.735204
0.830384 0.745605 0.714618 0.761208 0.664622 0.735189
0.824167 0.744447 0.714065 0.757127 0.663809 0.730832
0.832080 0.741994 0.714221 0.760353 0.663351 0.734576
0.830773 0.742799 0.713824 0.760619 0.663291 0.733262
0.829151 0.744605 0.714615 0.761426 0.663608 0.733216
0.831066 0.745599 0.714355 0.761878 0.664724 0.735101
0.828170 0.745140 0.714215 0.760314 0.663360 0.733213
0.830416 0.744958 0.714030 0.760181 0.663457 0.734005
0.830681 0.743868 0.714511 0.760305 0.663517 0.734611
0.825105 0.745119 0.714357 0.757956 0.662977 0.731383
0.829669 0.744514 0.714628 0.761172 0.663511 0.734251
0.829916 0.744786 0.714766 0.760688 0.663342 0.734390
0.828481 0.745235 0.714473 0.760820 0.663423 0.734024
0.830897 0.744595 0.714722 0.761236 0.663344 0.734983
0.826164 0.745373 0.714370 0.759304 0.662765 0.732155
0.831197 0.744758 0.714385 0.761034 0.662994 0.734172
0.829640 0.745265 0.714094 0.760726 0.663075 0.733641
0.828301 0.745580 0.714687 0.760253 0.664009 0.733791
0.829470 0.745115 0.714961 0.760465 0.663452 0.734654
0.826367 0.745035 0.714583 0.758036 0.662565 0.732290
0.830942 0.744334 0.714147 0.760486 0.662507 0.734463
0.828150 0.745716 0.714098 0.761037 0.663565 0.733571
0.831214 0.745826 0.714407 0.761418 0.663430 0.735080
0.829477 0.744524 0.714050 0.760629 0.662804 0.733396
0.828549 0.745175 0.714231 0.761196 0.663013 0.733482
0.830742 0.745332 0.714640 0.761577 0.663520 0.734864
0.827394 0.745037 0.714008 0.760097 0.662834 0.733069
0.831390 0.744018 0.714278 0.760774 0.662578 0.734830
0.823928 0.745514 0.714457 0.758892 0.662609 0.732043
0.832169 0.745540 0.714740 0.761697 0.663368 0.736125
0.824121 0.745181 0.714448 0.757482 0.662496 0.731120
0.832675 0.743226 0.714414 0.761261 0.663186 0.735515
0.822112 0.745950 0.714688 0.758810 0.663183 0.731462
0.831652 0.745165 0.714819 0.761742 0.663454 0.735825
0.827550 0.744377 0.714148 0.759017 0.661959 0.733146
0.831172 0.745192 0.714396 0.761448 0.663086 0.734978
0.829122 0.745631 0.714428 0.761702 0.663762 0.734312
0.829136 0.744762 0.714250 0.760594 0.662733 0.733390
0.830325 0.743994 0.714292 0.760348 0.662084 0.734045
0.828904 0.745651 0.714474 0.760579 0.663432 0.734136
0.831096 0.746165 0.714195 0.761851 0.663526 0.735355
0.827254 0.744382 0.713690 0.759888 0.662522 0.732062
0.831620 0.743699 0.714122 0.761245 0.662290 0.734872
0.823427 0.746358 0.714842 0.758604 0.663090 0.732061
0.833065 0.745163 0.714411 0.761855 0.663240 0.736728
0.822865 0.744551 0.714112 0.757590 0.661747 0.730392
0.833366 0.744507 0.714343 0.761946 0.662212 0.736410
0.820218 0.745658 0.714416 0.756888 0.662860 0.729615
0.833705 0.745178 0.715044 0.762051 0.663357 0.738256
0.823161 0.743247 0.714040 0.755802 0.661361 0.730021
0.830891 0.744309 0.714717 0.759431 0.662055 0.735347
0.822095 0.746587 0.714398 0.760353 0.664411 0.731577
0.830592 0.746222 0.714740 0.760564 0.663559 0.735680
0.832208 0.741541 0.714539 0.758833 0.660704 0.734737
0.817583 0.744403 0.714319 0.757077 0.662573 0.729024
0.834109 0.744740 0.715258 0.762962 0.664764 0.739033
0.824463 0.744094 0.713746 0.758465 0.662213 0.730597
0.831722 0.739208 0.713852 0.761030 0.661438 0.734587
0.823118 0.745579 0.714748 0.759040 0.663883 0.732227
0.828741 0.744652 0.715131 0.760405 0.663603 0.734806
0.825329 0.742530 0.714240 0.757361 0.661065 0.731327
0.832253 0.741098 0.714104 0.760327 0.661481 0.735332
0.826867 0.746148 0.714148 0.762905 0.665444 0.734390
0.826362 0.745863 0.714322 0.760072 0.663831 0.733067
0.829592 0.743837 0.715060 0.756488 0.661153 0.733843
0.827363 0.743746 0.714902 0.756360 0.661075 0.732641
0.832489 0.745854 0.714795 0.761421 0.663760 0.736641
0.827704 0.745524 0.713461 0.761665 0.663520 0.732460
0.831269 0.744849 0.714738 0.761598 0.662143 0.735133
0.829338 0.743365 0.714433 0.758717 0.661567 0.733286
0.828090 0.745100 0.715074 0.759182 0.663233 0.734014
0.830111 0.745778 0.714908 0.761373 0.664274 0.734904
0.827586 0.744559 0.713464 0.759300 0.662339 0.732112
0.832258 0.744326 0.715024 0.760956 0.662153 0.735769
0.822116 0.745292 0.714842 0.759374 0.663083 0.731037
0.832438 0.745991 0.715206 0.762270 0.664314 0.736893
0.830124 0.744167 0.713930 0.759967 0.662005 0.733550
0.829314 0.743979 0.713659 0.760733 0.662227 0.732973
0.831427 0.745645 0.714525 0.761332 0.663418 0.734562
0.824604 0.745935 0.714464 0.758553 0.662866 0.731207
0.833380 0.745210 0.715128 0.760882 0.661932 0.737013
0.823127 0.745678 0.714388 0.758015 0.662386 0.731100
0.832698 0.745714 0.714398 0.762102 0.663834 0.736130
0.823849 0.745206 0.714173 0.758170 0.662175 0.730465
0.833024 0.742299 0.714588 0.760461 0.661925 0.735363
0.825581 0.745573 0.714176 0.760524 0.663380 0.733038
0.831036 0.745312 0.714894 0.761559 0.663556 0.735415
0.828077 0.744203 0.714543 0.759326 0.661736 0.732876
0.829666 0.744333 0.713661 0.761351 0.661882 0.733674
0.830369 0.745917 0.714484 0.761942 0.663535 0.735170
0.827829 0.745702 0.714447 0.760507 0.662965 0.733170
0.831254 0.744186 0.714731 0.760011 0.661465 0.734321
0.824913 0.745988 0.714561 0.758795 0.662528 0.731686
0.833137 0.746203 0.715037 0.762649 0.663674 0.737479
0.822533 0.744951 0.713596 0.757573 0.661968 0.729459
0.834304 0.743029 0.715011 0.761122 0.661504 0.737314
0.817160 0.743005 0.714053 0.755062 0.662692 0.728244
0.835661 0.742840 0.713475 0.760583 0.662014 0.738152
0.808330 0.739396 0.708698 0.752560 0.659757 0.719722
0.831792 0.746148 0.715306 0.762171 0.664019 0.736927
0.831803 0.745897 0.715139 0.761543 0.663478 0.736338
0.815044 0.742234 0.711214 0.756256 0.659354 0.725284
0.833858 0.745000 0.715337 0.760932 0.661954 0.738161
0.827918 0.744485 0.715046 0.757224 0.662330 0.732836
0.825934 0.744231 0.714291 0.758894 0.662873 0.731548
0.833818 0.743969 0.714152 0.763754 0.664049 0.737267
0.822745 0.743924 0.713598 0.758830 0.662724 0.730866
0.830391 0.745099 0.714480 0.761503 0.663701 0.735310
0.827758 0.743928 0.714541 0.759327 0.663445 0.733181
0.826775 0.743393 0.713814 0.759883 0.662558 0.732295
0.834002 0.743111 0.714836 0.762534 0.663577 0.737222
0.825367 0.746793 0.713775 0.762350 0.665471 0.732924
0.829358 0.746051 0.714252 0.761269 0.665168 0.734160
0.830221 0.742753 0.714587 0.757057 0.660531 0.733942
0.822374 0.745373 0.714440 0.755674 0.662405 0.731292
0.832072 0.746759 0.714538 0.762565 0.663912 0.738262
0.826879 0.745267 0.714315 0.757084 0.663217 0.732107
0.831361 0.741231 0.714045 0.759811 0.662633 0.733692
0.830227 0.744412 0.713990 0.761355 0.664380 0.733835
0.827279 0.744672 0.714208 0.759301 0.663665 0.732943
0.829642 0.743959 0.714452 0.758433 0.662230 0.733945
0.827489 0.744607 0.714292 0.759623 0.663013 0.733047
0.831817 0.745119 0.714457 0.764212 0.665117 0.736750
0.828243 0.745428 0.713693 0.761768 0.663790 0.732997
0.827142 0.744262 0.714378 0.759190 0.662370 0.731793
0.828383 0.744374 0.714555 0.760223 0.662648 0.732939
0.829777 0.744972 0.714676 0.761273 0.663525 0.734680
0.831296 0.745515 0.714615 0.761410 0.663544 0.735379
0.830004 0.744220 0.713696 0.761443 0.662941 0.733564
0.829612 0.744189 0.713703 0.761982 0.662928 0.733792
0.829721 0.745645 0.714203 0.762067 0.663383 0.734487
0.828264 0.746441 0.714619 0.760823 0.663702 0.734225
0.827812 0.745875 0.714564 0.760118 0.663224 0.733578
0.828217 0.745623 0.714625 0.761004 0.663785 0.733767
0.830340 0.745537 0.714238 0.762017 0.663456 0.734807
0.828916 0.745496 0.714308 0.760144 0.662596 0.733866
0.830360 0.745316 0.714529 0.761030 0.662749 0.735235
0.827567 0.745143 0.715002 0.760529 0.662978 0.734128
0.830472 0.744645 0.714807 0.761010 0.662671 0.734853
0.828421 0.745398 0.714601 0.760463 0.662633 0.733500
0.831870 0.744927 0.714330 0.761673 0.662504 0.735409
0.825725 0.744929 0.714181 0.760224 0.662905 0.732410
0.832761 0.744597 0.714495 0.761295 0.661808 0.736451
0.820729 0.743983 0.714480 0.758377 0.662340 0.730272
0.835106 0.742526 0.714177 0.763043 0.663222 0.738322
0.814411 0.742995 0.713800 0.755408 0.661802 0.727678
0.834260 0.744910 0.714921 0.761990 0.662048 0.737756
0.814816 0.740658 0.713385 0.751583 0.661049 0.724122
0.834279 0.743978 0.714134 0.759030 0.663733 0.736926
0.826567 0.743346 0.714319 0.757616 0.662834 0.731247
0.825710 0.742379 0.713041 0.757259 0.661810 0.729729
0.833341 0.742972 0.713887 0.759416 0.661690 0.735159
0.819138 0.746463 0.713946 0.757171 0.663664 0.729888
0.833226 0.745254 0.713921 0.760959 0.663437 0.737786
0.827788 0.744801 0.714133 0.758824 0.661561 0.732825
0.823039 0.744737 0.713530 0.756646 0.662529 0.729560
0.833162 0.744992 0.715173 0.762219 0.664419 0.736842
0.825609 0.743542 0.713639 0.760995 0.664080 0.731018
0.831826 0.738913 0.713232 0.759715 0.663077 0.734569
0.828065 0.745575 0.714502 0.760408 0.665155 0.734812
0.827179 0.744539 0.714380 0.760674 0.664590 0.734331
0.828654 0.743335 0.714211 0.760297 0.662011 0.733342
0.829697 0.741601 0.713252 0.760701 0.661530 0.732750
0.829609 0.744893 0.714092 0.763905 0.664609 0.736018
0.830594 0.745187 0.714435 0.764074 0.664687 0.736963
0.830231 0.744753 0.714376 0.759520 0.662394 0.734443
0.828333 0.743088 0.715077 0.756246 0.661237 0.733011
0.827590 0.744905 0.715075 0.758345 0.663096 0.733611
0.827381 0.745801 0.714307 0.761085 0.664217 0.733773
0.829609 0.744957 0.713242 0.761486 0.663158 0.733814
0.831244 0.744819 0.713472 0.763321 0.662923 0.735721
0.827139 0.745856 0.714099 0.761416 0.663708 0.733618
0.829186 0.746868 0.714793 0.761361 0.664038 0.734834
0.828060 0.745667 0.714508 0.759419 0.662750 0.733145
0.829406 0.745318 0.713643 0.759735 0.662430 0.733248
0.830692 0.746323 0.714819 0.761128 0.664060 0.735011
0.828106 0.746038 0.714529 0.760915 0.663420 0.733913
0.830101 0.744811 0.714272 0.760804 0.662323 0.734489
0.829343 0.745479 0.714013 0.761462 0.662678 0.734393
0.830006 0.746656 0.714548 0.762030 0.664042 0.735104
0.828952 0.745812 0.714391 0.761292 0.663726 0.733945
0.828085 0.745510 0.714240 0.759360 0.662453 0.732659
0.827160 0.745946 0.714337 0.759759 0.663554 0.732959
0.830620 0.746740 0.714622 0.761622 0.664042 0.735672
0.827593 0.745282 0.713684 0.760860 0.663092 0.732748
0.831063 0.744338 0.713977 0.761753 0.662208 0.734665
0.824551 0.745863 0.714141 0.760661 0.663601 0.732254
0.832271 0.746195 0.714718 0.762299 0.663819 0.736436
0.824147 0.744076 0.713987 0.757784 0.662042 0.730798
0.832743 0.745118 0.714449 0.761374 0.662342 0.735478
0.821146 0.745175 0.714283 0.758881 0.663499 0.730032
0.832590 0.745881 0.715056 0.762641 0.664026 0.737150
0.827895 0.744481 0.714125 0.760112 0.662011 0.732808
0.829985 0.745039 0.714446 0.761164 0.662596 0.734393
0.830244 0.746716 0.714812 0.762358 0.664286 0.735410
0.826010 0.745699 0.714192 0.759793 0.662434 0.731965
0.833150 0.744354 0.714357 0.760445 0.661340 0.735207
0.820337 0.745615 0.714151 0.759502 0.663452 0.730391
0.832902 0.746741 0.715292 0.763252 0.664452 0.737903
0.826018 0.744545 0.714243 0.758605 0.661177 0.731924
0.830189 0.744892 0.714027 0.761026 0.662049 0.733993
0.831642 0.746300 0.715032 0.760301 0.664008 0.735710
0.825304 0.745285 0.714365 0.758017 0.662846 0.731605
0.832752 0.744856 0.714696 0.760886 0.661201 0.735806
0.822731 0.745595 0.713804 0.759408 0.662665 0.730482
0.833552 0.747244 0.714923 0.763979 0.664240 0.737756
0.824242 0.745864 0.713969 0.759941 0.662167 0.731284
0.831964 0.743073 0.714267 0.760244 0.661750 0.733928
0.831491 0.745069 0.714319 0.760435 0.662037 0.734081
0.830015 0.746075 0.714500 0.760414 0.662414 0.734488
0.828430 0.746416 0.714690 0.760582 0.662847 0.733717
0.826761 0.746704 0.714528 0.760954 0.663096 0.733233
0.826565 0.746849 0.714433 0.761234 0.663175 0.733359
0.827197 0.747057 0.714503 0.761562 0.663313 0.733870
0.828227 0.746889 0.714656 0.761845 0.663330 0.734526
0.829190 0.746736 0.714663 0.761929 0.663162 0.734839
0.830267 0.746419 0.714608 0.762157 0.662869 0.735215
0.830817 0.746353 0.714431 0.762005 0.662589 0.735285
0.830941 0.746185 0.714226 0.761791 0.662187 0.735256
0.830853 0.745915 0.713970 0.761480 0.662116 0.734902
0.830243 0.746033 0.713732 0.761247 0.662071 0.734555
0.829600 0.746302 0.713903 0.761125 0.662100 0.734109
0.829283 0.746495 0.713964 0.761398 0.662666 0.734014
0.829201 0.746668 0.714208 0.761293 0.662827 0.734078
0.829230 0.746591 0.714458 0.761333 0.662878 0.734425
0.829432 0.746784 0.714671 0.761252 0.663136 0.734627
0.829487 0.746944 0.714694 0.761221 0.663272 0.734787
0.829437 0.746877 0.714695 0.761254 0.663224 0.734810
0.829453 0.746914 0.714616 0.761116 0.663198 0.734640
0.829335 0.746608 0.714477 0.761106 0.662938 0.734323
0.829147 0.746489 0.714491 0.760956 0.662892 0.733979
0.829017 0.746477 0.714188 0.760958 0.662692 0.733873
0.829241 0.746417 0.714047 0.761020 0.662696 0.733958
0.829441 0.746505 0.714238 0.761153 0.662816 0.734053
0.829706 0.746467 0.714338 0.761417 0.662995 0.734469
0.829968 0.746457 0.714490 0.761551 0.662781 0.734668
0.830060 0.746389 0.714639 0.761662 0.662759 0.734843
0.830092 0.746780 0.714750 0.761671 0.662989 0.734766
0.829995 0.746848 0.714799 0.761554 0.663068 0.734702
0.829861 0.746800 0.714790 0.761544 0.663023 0.734639
0.829659 0.746710 0.714536 0.761493 0.662919 0.734493
0.829513 0.746714 0.714533 0.761382 0.662840 0.734373
0.829456 0.746592 0.714486 0.761317 0.662880 0.734292
0.829518 0.746468 0.714458 0.761198 0.662879 0.734284
0.829631 0.746525 0.714449 0.761194 0.662796 0.734348
0.829758 0.746517 0.714447 0.761214 0.662768 0.734414
0.829724 0.746479 0.714539 0.761289 0.662800 0.734495
0.829714 0.746438 0.714517 0.761310 0.662884 0.734533
0.829624 0.746526 0.714479 0.761291 0.662907 0.734578
0.829589 0.746542 0.714562 0.761351 0.662922 0.734520
0.829596 0.746603 0.714545 0.761406 0.662920 0.734483
0.829635 0.746574 0.714574 0.761397 0.662936 0.734480
0.829650 0.746537 0.714665 0.761369 0.662918 0.734447
0.829736 0.746495 0.714634 0.761365 0.662945 0.734538
0.829748 0.746426 0.714606 0.761367 0.662847 0.734546
0.829722 0.746428 0.714573 0.761324 0.662849 0.734502
0.829676 0.746355 0.714555 0.761312 0.662835 0.734443
0.829606 0.746407 0.714582 0.761334 0.662855 0.734476
0.829591 0.746509 0.714546 0.761296 0.662929 0.734420
0.829546 0.746460 0.714554 0.761272 0.662911 0.734436
0.829576 0.746505 0.714485 0.761280 0.662932 0.734451
0.829625 0.746597 0.714509 0.761284 0.662939 0.734498
0.829627 0.746608 0.714579 0.761341 0.662953 0.734524
0.829686 0.746600 0.714594 0.761432 0.662954 0.734584
0.829660 0.746581 0.714631 0.761399 0.662924 0.734512
0.829671 0.746487 0.714626 0.761391 0.662949 0.734455
0.829666 0.746502 0.714605 0.761338 0.662966 0.734397
0.829667 0.746494 0.714557 0.761323 0.662895 0.734360
0.829657 0.746493 0.714491 0.761302 0.662854 0.734353
0.829622 0.746514 0.714505 0.761326 0.662863 0.734364
0.829627 0.746538 0.714545 0.761306 0.662890 0.734388
0.829636 0.746541 0.714541 0.761342 0.662871 0.734434
0.829643 0.746549 0.714603 0.761331 0.662898 0.734464
0.829645 0.746552 0.714625 0.761348 0.662921 0.734481
0.829649 0.746568 0.714581 0.761393 0.662912 0.734472
0.829641 0.746578 0.714586 0.761346 0.662889 0.734396
0.829620 0.746588 0.714553 0.761277 0.662877 0.734405
0.829565 0.746588 0.714514 0.761245 0.662897 0.734368
0.829582 0.746564 0.714495 0.761265 0.662854 0.734386
0.829598 0.746569 0.714501 0.761265 0.662870 0.734402
0.829626 0.746596 0.714538 0.761271 0.662866 0.734402
0.829629 0.746593 0.714554 0.761288 0.662862 0.734405
0.829644 0.746604 0.714549 0.761323 0.662864 0.734420
0.829638 0.746596 0.714551 0.761344 0.662880 0.734466
0.829630 0.746583 0.714558 0.761337 0.662894 0.734473
0.829612 0.746562 0.714537 0.761335 0.662869 0.734458
0.829627 0.746575 0.714499 0.761325 0.662839 0.734421
0.829624 0.746601 0.714546 0.761323 0.662850 0.734432
0.829619 0.746564 0.714537 0.761262 0.662848 0.734424
0.829621 0.746577 0.714514 0.761275 0.662825 0.734424
0.829623 0.746608 0.714517 0.761275 0.662784 0.734435
0.829612 0.746616 0.714487 0.761295 0.662789 0.734437
0.829619 0.746564 0.714487 0.761299 0.662834 0.734465
0.829633 0.746580 0.714531 0.761290 0.662830 0.734469
0.829635 0.746601 0.714538 0.761325 0.662834 0.734407
0.829655 0.746559 0.714545 0.761321 0.662805 0.734448
0.829663 0.746549 0.714547 0.761338 0.662784 0.734439
0.829670 0.746577 0.714529 0.761316 0.662778 0.734421
0.829667 0.746556 0.714513 0.761307 0.662771 0.734401
0.829689 0.746556 0.714519 0.761292 0.662791 0.734398
0.829698 0.746554 0.714529 0.761299 0.662778 0.734382
0.829665 0.746544 0.714554 0.761299 0.662762 0.734411
0.829690 0.746544 0.714545 0.761312 0.662757 0.734418
0.829764 0.746551 0.714545 0.761314 0.662748 0.734398
0.829814 0.746520 0.714558 0.761321 0.662718 0.734355
0.829795 0.746538 0.714549 0.761321 0.662716 0.734367
0.829794 0.746546 0.714549 0.761321 0.662723 0.734354
0.829774 0.746518 0.714549 0.761329 0.662741 0.734369
0.829786 0.746541 0.714551 0.761329 0.662745 0.734405
0.829820 0.746591 0.714554 0.761323 0.662752 0.734411
0.829835 0.746575 0.714550 0.761316 0.662757 0.734419
0.829830 0.746575 0.714557 0.761327 0.662732 0.734423
0.829823 0.746567 0.714566 0.761318 0.662723 0.734405
0.829820 0.746559 0.714563 0.761325 0.662739 0.734421
0.829832 0.746567 0.714551 0.761316 0.662732 0.734421
0.829837 0.746583 0.714553 0.761307 0.662720 0.734397
0.829827 0.746577 0.714553 0.761305 0.662716 0.734383
0.829857 0.746544 0.714537 0.761310 0.662729 0.734390
0.829849 0.746559 0.714541 0.761325 0.662752 0.734387
0.829869 0.746556 0.714547 0.761318 0.662747 0.734377
0.829888 0.746606 0.714563 0.761318 0.662756 0.734385
0.829926 0.746614 0.714573 0.761321 0.662731 0.734392
0.829914 0.746640 0.714563 0.761327 0.662734 0.734398
0.829916 0.746642 0.714563 0.761321 0.662738 0.734374
0.829912 0.746614 0.714557 0.761338 0.662707 0.734382
0.829932 0.746627 0.714563 0.761323 0.662711 0.734367
0.829941 0.746635 0.714563 0.761338 0.662716 0.734349
0.829934 0.746630 0.714563 0.761338 0.662711 0.734384
0.829914 0.746645 0.714557 0.761338 0.662711 0.734389
0.829917 0.746645 0.714566 0.761338 0.662725 0.734387
0.829917 0.746656 0.714589 0.761342 0.662725 0.734367
0.829906 0.746671 0.714589 0.761336 0.662713 0.734335
0.829906 0.746661 0.714589 0.761325 0.662704 0.734340
0.829901 0.746645 0.714593 0.761316 0.662725 0.734358
0.829894 0.746661 0.714599 0.761299 0.662715 0.734359
0.829890 0.746661 0.714599 0.761288 0.662722 0.734361
0.829892 0.746661 0.714599 0.761304 0.662720 0.734345
0.829895 0.746645 0.714599 0.761304 0.662720 0.734318
0.829875 0.746655 0.714609 0.761304 0.662727 0.734336
0.829888 0.746666 0.714599 0.761323 0.662722 0.734329
0.829861 0.746655 0.714597 0.761337 0.662713 0.734332
0.829868 0.746648 0.714587 0.761345 0.662722 0.734327
0.829881 0.746648 0.714581 0.761345 0.662733 0.734331
0.829915 0.746650 0.714581 0.761341 0.662740 0.734315
0.829923 0.746645 0.714578 0.761349 0.662743 0.734322
0.829930 0.746645 0.714569 0.761349 0.662738 0.734317
0.829930 0.746648 0.714587 0.761349 0.662733 0.734341
0.829932 0.746648 0.714590 0.761341 0.662720 0.734352
0.829913 0.746640 0.714581 0.761347 0.662722 0.734343
0.829928 0.746635 0.714587 0.761347 0.662706 0.734330
0.829900 0.746666 0.714591 0.761354 0.662706 0.734328
0.829925 0.746645 0.714575 0.761367 0.662690 0.734325
0.829940 0.746663 0.714582 0.761367 0.662699 0.734332
0.829922 0.746663 0.714573 0.761367 0.662715 0.734338
0.829950 0.746648 0.714573 0.761367 0.662704 0.734325
0.829956 0.746663 0.714591 0.761374 0.662708 0.734319
0.829950 0.746663 0.714591 0.761374 0.662713 0.734318
0.829970 0.746648 0.714598 0.761374 0.662713 0.734298
0.829971 0.746648 0.714595 0.761356 0.662692 0.734290
0.829979 0.746658 0.714614 0.761356 0.662690 0.734290
0.829979 0.746658 0.714607 0.761356 0.662692 0.734296
0.830000 0.746658 0.714619 0.761356 0.662697 0.734293
0.830001 0.746658 0.714613 0.761356 0.662699 0.734282
0.830009 0.746648 0.714601 0.761358 0.662699 0.734275
0.830009 0.746637 0.714599 0.761358 0.662681 0.734286
0.829976 0.746637 0.714594 0.761365 0.662677 0.734286
0.829962 0.746640 0.714603 0.761363 0.662681 0.734294
0.829944 0.746629 0.714603 0.761363 0.662681 0.734292
0.829957 0.746629 0.714603 0.761363 0.662679 0.734263
0.829963 0.746614 0.714597 0.761363 0.662674 0.734232
0.829963 0.746614 0.714597 0.761356 0.662654 0.734236
0.829952 0.746598 0.714599 0.761363 0.662649 0.734258
0.829960 0.746598 0.714593 0.761363 0.662649 0.734213
0.829954 0.746596 0.714586 0.761363 0.662654 0.734209
0.829947 0.746629 0.714586 0.761348 0.662634 0.734204
0.829937 0.746603 0.714614 0.761350 0.662627 0.734210
0.829936 0.746551 0.714589 0.761358 0.662634 0.734204
0.829941 0.746564 0.714579 0.761356 0.662634 0.734208
0.829930 0.746569 0.714577 0.761354 0.662652 0.734205
0.829926 0.746598 0.714565 0.761341 0.662656 0.734207
0.829942 0.746588 0.714551 0.761358 0.662642 0.734224
0.829921 0.746575 0.714579 0.761343 0.662629 0.734197
0.829911 0.746554 0.714573 0.761350 0.662624 0.734183
0.829917 0.746538 0.714566 0.761363 0.662618 0.734190
0.829918 0.746562 0.714553 0.761378 0.662638 0.734196
0.829914 0.746582 0.714569 0.761360 0.662643 0.734211
0.829935 0.746582 0.714587 0.761371 0.662640 0.734252
0.829943 0.746554 0.714585 0.761362 0.662634 0.734224
0.829940 0.746559 0.714569 0.761360 0.662624 0.734202
0.829918 0.746541 0.714562 0.761341 0.662620 0.734195
0.829936 0.746546 0.714555 0.761354 0.662620 0.734186
0.829925 0.746554 0.714542 0.761361 0.662620 0.734186
0.829942 0.746546 0.714561 0.761361 0.662638 0.734181
0.829946 0.746556 0.714567 0.761371 0.662643 0.734189
0.829956 0.746556 0.714558 0.761380 0.662631 0.734178
0.829922 0.746556 0.714565 0.761380 0.662627 0.734196
0.829935 0.746564 0.714565 0.761387 0.662606 0.734205
0.829942 0.746549 0.714565 0.761419 0.662595 0.734220
0.829924 0.746562 0.714546 0.761402 0.662584 0.734205
0.829917 0.746564 0.714549 0.761402 0.662581 0.734218
0.829933 0.746533 0.714539 0.761411 0.662574 0.734235
0.829937 0.746556 0.714529 0.761413 0.662579 0.734241
0.829937 0.746554 0.714563 0.761434 0.662590 0.734209
0.829930 0.746577 0.714557 0.761417 0.662581 0.734205
0.829923 0.746546 0.714545 0.761428 0.662597 0.734203
0.829917 0.746533 0.714567 0.761448 0.662608 0.734205
0.829925 0.746522 0.714561 0.761443 0.662608 0.734242
0.829925 0.746554 0.714561 0.761441 0.662606 0.734227
0.829917 0.746595 0.714561 0.761446 0.662588 0.734185
0.829918 0.746592 0.714570 0.761467 0.662601 0.734187
0.829930 0.746569 0.714579 0.761469 0.662604 0.734220
0.829918 0.746559 0.714566 0.761478 0.662599 0.734235
0.829929 0.746548 0.714563 0.761491 0.662604 0.734241
0.829910 0.746556 0.714563 0.761476 0.662588 0.734250
0.829912 0.746569 0.714547 0.761487 0.662585 0.734257
0.829913 0.746540 0.714557 0.761487 0.662572 0.734259
0.829925 0.746553 0.714578 0.761487 0.662574 0.734276
0.829920 0.746519 0.714555 0.761511 0.662561 0.734271
0.829899 0.746535 0.714550 0.761511 0.662549 0.734260
0.829885 0.746519 0.714557 0.761524 0.662545 0.734247
0.829912 0.746524 0.714563 0.761515 0.662556 0.734250
0.829899 0.746521 0.714550 0.761515 0.662563 0.734238
0.829921 0.746521 0.714555 0.761530 0.662576 0.734231
0.829908 0.746519 0.714555 0.761515 0.662581 0.734242
0.829928 0.746537 0.714546 0.761498 0.662547 0.734240
0.829932 0.746532 0.714555 0.761515 0.662554 0.734220
0.829962 0.746534 0.714558 0.761517 0.662554 0.734218
0.829968 0.746542 0.714558 0.761524 0.662538 0.734226
0.829943 0.746526 0.714561 0.761539 0.662529 0.734238
0.829949 0.746490 0.714551 0.761539 0.662542 0.734221
0.829957 0.746406 0.714547 0.761565 0.662554 0.734231
0.829954 0.746401 0.714566 0.761550 0.662551 0.734203
0.829954 0.746383 0.714566 0.761535 0.662540 0.734209
0.829954 0.746383 0.714573 0.761526 0.662540 0.734218
0.829964 0.746398 0.714570 0.761535 0.662545 0.734244
0.829951 0.746383 0.714539 0.761550 0.662538 0.734242
0.829951 0.746429 0.714558 0.761535 0.662547 0.734219
0.829921 0.746427 0.714567 0.761526 0.662538 0.734209
0.829936 0.746422 0.714577 0.761533 0.662540 0.734233
0.829971 0.746416 0.714577 0.761539 0.662513 0.734183
0.830003 0.746419 0.714587 0.761559 0.662504 0.734182
0.830006 0.746445 0.714597 0.761565 0.662508 0.734207
0.830037 0.746471 0.714597 0.761591 0.662506 0.734236
0.830007 0.746461 0.714597 0.761606 0.662495 0.734232
0.830002 0.746445 0.714619 0.761591 0.662493 0.734225
0.829994 0.746471 0.714619 0.761576 0.662490 0.734216
0.829991 0.746474 0.714601 0.761583 0.662492 0.734219
0.829992 0.746484 0.714610 0.761576 0.662488 0.734205
0.829982 0.746479 0.714622 0.761576 0.662490 0.734205
0.829975 0.746489 0.714615 0.761556 0.662497 0.734189
0.829981 0.746474 0.714625 0.761559 0.662508 0.734174
0.829986 0.746471 0.714641 0.761559 0.662497 0.734187
0.829975 0.746461 0.714641 0.761567 0.662517 0.734176
0.829994 0.746445 0.714639 0.761550 0.662513 0.734191
0.829996 0.746424 0.714627 0.761550 0.662522 0.734191
0.829986 0.746458 0.714634 0.761565 0.662511 0.734195
0.829978 0.746445 0.714606 0.761587 0.662524 0.734180
0.829990 0.746445 0.714613 0.761589 0.662524 0.734189
0.829988 0.746461 0.714606 0.761583 0.662536 0.734184
0.829986 0.746466 0.714613 0.761583 0.662547 0.734172
0.829986 0.746471 0.714631 0.761567 0.662551 0.734162
0.829979 0.746482 0.714634 0.761578 0.662538 0.734168
0.830002 0.746471 0.714634 0.761602 0.662533 0.734190
0.829974 0.746469 0.714634 0.761585 0.662529 0.734185
0.829985 0.746479 0.714647 0.761604 0.662526 0.734172
0.829989 0.746458 0.714634 0.761611 0.662527 0.734179
0.830002 0.746479 0.714634 0.761602 0.662517 0.734187
0.829997 0.746482 0.714621 0.761608 0.662524 0.734172
0.829975 0.746456 0.714637 0.761622 0.662529 0.734150
0.829962 0.746466 0.714637 0.761613 0.662526 0.734137
0.829949 0.746461 0.714643 0.761604 0.662533 0.734132
0.829971 0.746466 0.714641 0.761598 0.662531 0.734139
0.829983 0.746474 0.714647 0.761596 0.662515 0.734144
0.829976 0.746474 0.714629 0.761587 0.662501 0.734142
0.829987 0.746461 0.714619 0.761600 0.662497 0.734142
0.829975 0.746461 0.714629 0.761585 0.662497 0.734137
0.829997 0.746474 0.714647 0.761578 0.662515 0.734128
0.829997 0.746492 0.714647 0.761578 0.662502 0.734128
0.829989 0.746539 0.714631 0.761602 0.662495 0.734125
0.829981 0.746539 0.714634 0.761611 0.662515 0.734131
0.830014 0.746518 0.714627 0.761604 0.662499 0.734120
0.830014 0.746518 0.714641 0.761587 0.662504 0.734133
0.830010 0.746560 0.714622 0.761598 0.662501 0.734147
0.830002 0.746573 0.714613 0.761607 0.662499 0.734154
0.830011 0.746592 0.714629 0.761600 0.662499 0.734147
0.830032 0.746576 0.714641 0.761578 0.662490 0.734144
0.830030 0.746560 0.714650 0.761596 0.662502 0.734138
0.830019 0.746548 0.714631 0.761585 0.662501 0.734149
0.830021 0.746576 0.714631 0.761585 0.662501 0.734157
0.830046 0.746563 0.714625 0.761563 0.662495 0.734146
0.830034 0.746584 0.714634 0.761583 0.662502 0.734148
0.830021 0.746563 0.714621 0.761587 0.662490 0.734151
0.830014 0.746558 0.714621 0.761578 0.662499 0.734155
0.830029 0.746576 0.714637 0.761570 0.662506 0.734153
0.830059 0.746579 0.714627 0.761578 0.662488 0.734133
0.830038 0.746584 0.714611 0.761578 0.662513 0.734131
0.830028 0.746579 0.714627 0.761585 0.662517 0.734138
0.830064 0.746568 0.714621 0.761600 0.662517 0.734131
0.830052 0.746592 0.714617 0.761587 0.662513 0.734122
0.830070 0.746529 0.714617 0.761587 0.662520 0.734159
0.830074 0.746535 0.714607 0.761596 0.662522 0.734159
0.830041 0.746543 0.714614 0.761596 0.662547 0.734122
0.830060 0.746529 0.714614 0.761596 0.662544 0.734152
0.830032 0.746581 0.714605 0.761570 0.662542 0.734122
0.830022 0.746558 0.714605 0.761578 0.662535 0.734124
0.830012 0.746545 0.714605 0.761592 0.662524 0.734147
0.830020 0.746542 0.714595 0.761585 0.662531 0.734137
0.830062 0.746584 0.714605 0.761613 0.662565 0.734124
0.830064 0.746560 0.714598 0.761615 0.662572 0.734132
0.830050 0.746558 0.714614 0.761602 0.662574 0.734111
0.830035 0.746540 0.714605 0.761591 0.662553 0.734107
0.830034 0.746560 0.714606 0.761589 0.662551 0.734111
0.830041 0.746607 0.714606 0.761596 0.662565 0.734100
0.830060 0.746610 0.714603 0.761596 0.662578 0.734093
0.830048 0.746602 0.714613 0.761606 0.662578 0.734095
0.830068 0.746581 0.714609 0.761615 0.662572 0.734102
0.830068 0.746584 0.714611 0.761600 0.662558 0.734122
0.830068 0.746584 0.714627 0.761593 0.662569 0.734109
0.830048 0.746561 0.714606 0.761615 0.662578 0.734107
0.830067 0.746592 0.714622 0.761589 0.662576 0.734093
0.830059 0.746602 0.714610 0.761589 0.662581 0.734106
0.830064 0.746641 0.714610 0.761600 0.662569 0.734107
0.830077 0.746625 0.714610 0.761617 0.662562 0.734095
0.830091 0.746607 0.714613 0.761617 0.662565 0.734102
0.830060 0.746618 0.714601 0.761617 0.662583 0.734086
0.830059 0.746630 0.714614 0.761619 0.662572 0.734084
0.830060 0.746646 0.714598 0.761608 0.662562 0.734087
0.830060 0.746643 0.714605 0.761602 0.662549 0.734099
0.830040 0.746677 0.714605 0.761632 0.662567 0.734086
0.830040 0.746659 0.714611 0.761641 0.662576 0.734091
0.830076 0.746602 0.714602 0.761641 0.662562 0.734087
0.830072 0.746596 0.714599 0.761630 0.662569 0.734078
0.830072 0.746594 0.714602 0.761613 0.662574 0.734071
0.830073 0.746580 0.714589 0.761604 0.662547 0.734073
0.830080 0.746588 0.714601 0.761613 0.662549 0.734065
0.830065 0.746580 0.714603 0.761615 0.662547 0.734073
0.830050 0.746578 0.714594 0.761613 0.662553 0.734065
0.830068 0.746557 0.714594 0.761613 0.662553 0.734050
0.830091 0.746583 0.714594 0.761620 0.662556 0.734067
0.830112 0.746578 0.714615 0.761613 0.662549 0.734087
0.830086 0.746588 0.714613 0.761595 0.662547 0.734080
0.830068 0.746562 0.714601 0.761602 0.662542 0.734052
0.830079 0.746554 0.714582 0.761589 0.662562 0.734062
0.830050 0.746554 0.714595 0.761578 0.662574 0.734036
0.830053 0.746570 0.714593 0.761570 0.662569 0.734050
0.830057 0.746570 0.714595 0.761591 0.662562 0.734067
0.830069 0.746583 0.714590 0.761589 0.662553 0.734081
0.830058 0.746557 0.714577 0.761589 0.662547 0.734070
0.830046 0.746565 0.714571 0.761587 0.662556 0.734067
0.830047 0.746539 0.714573 0.761576 0.662571 0.734052
0.830034 0.746564 0.714589 0.761574 0.662576 0.734040
0.830054 0.746567 0.714559 0.761576 0.662565 0.734082
0.830027 0.746580 0.714550 0.761578 0.662562 0.734059
0.830021 0.746580 0.714550 0.761585 0.662562 0.734053
0.830043 0.746536 0.714546 0.761585 0.662562 0.734046
0.830036 0.746536 0.714542 0.761559 0.662558 0.734046
0.830037 0.746536 0.714549 0.761567 0.662553 0.734048
0.830046 0.746525 0.714553 0.761559 0.662556 0.734045
0.830030 0.746523 0.714543 0.761559 0.662546 0.734040
0.830018 0.746533 0.714543 0.761557 0.662567 0.734040
0.830010 0.746530 0.714550 0.761548 0.662558 0.734047
0.830009 0.746559 0.714559 0.761541 0.662560 0.734014
0.830004 0.746585 0.714550 0.761585 0.662546 0.734031
0.830018 0.746559 0.714559 0.761569 0.662560 0.734026
0.829990 0.746549 0.714550 0.761559 0.662583 0.734014
0.829989 0.746570 0.714563 0.761565 0.662569 0.734019
0.829980 0.746562 0.714563 0.761572 0.662560 0.734019
0.829980 0.746585 0.714563 0.761585 0.662562 0.734016
0.830007 0.746549 0.714557 0.761593 0.662558 0.734024
0.829994 0.746559 0.714547 0.761589 0.662551 0.734003
0.829999 0.746531 0.714538 0.761578 0.662514 0.733986
0.829991 0.746533 0.714539 0.761587 0.662519 0.734001
0.830022 0.746551 0.714539 0.761585 0.662514 0.734019
0.830054 0.746559 0.714514 0.761576 0.662514 0.734012
0.830042 0.746580 0.714517 0.761570 0.662510 0.734031
0.830019 0.746559 0.714542 0.761596 0.662519 0.734047
0.830020 0.746541 0.714558 0.761613 0.662528 0.734044
0.830013 0.746541 0.714546 0.761604 0.662517 0.734042
0.830010 0.746562 0.714555 0.761606 0.662501 0.734020
0.830002 0.746572 0.714553 0.761600 0.662492 0.734003
0.830022 0.746551 0.714546 0.761604 0.662496 0.734027
0.830023 0.746544 0.714546 0.761594 0.662499 0.734027
0.830036 0.746544 0.714509 0.761600 0.662501 0.734040
0.830011 0.746536 0.714535 0.761592 0.662489 0.734031
0.830008 0.746546 0.714563 0.761598 0.662485 0.734025
0.829995 0.746546 0.714566 0.761605 0.662485 0.734029
0.830008 0.746577 0.714550 0.761607 0.662492 0.734037
0.830009 0.746585 0.714534 0.761643 0.662503 0.734053
0.830009 0.746603 0.714541 0.761643 0.662487 0.734061
0.829992 0.746593 0.714541 0.761637 0.662492 0.734046
0.830006 0.746572 0.714533 0.761627 0.662478 0.734047
0.830014 0.746574 0.714537 0.761640 0.662478 0.734035
0.830014 0.746556 0.714553 0.761629 0.662471 0.734027
0.830014 0.746548 0.714553 0.761652 0.662478 0.734024
0.830007 0.746567 0.714549 0.761644 0.662478 0.734039
0.830005 0.746577 0.714555 0.761627 0.662473 0.734031
0.830022 0.746553 0.714543 0.761664 0.662496 0.734040
0.830018 0.746556 0.714527 0.761638 0.662491 0.734047
0.830001 0.746548 0.714534 0.761612 0.662491 0.734035
0.829987 0.746559 0.714541 0.761612 0.662489 0.734040
0.829993 0.746559 0.714550 0.761616 0.662494 0.734035
0.829993 0.746556 0.714541 0.761633 0.662487 0.734037
0.829993 0.746511 0.714531 0.761633 0.662480 0.734042
0.829992 0.746501 0.714559 0.761618 0.662482 0.734033
0.829991 0.746517 0.714559 0.761611 0.662503 0.734033
0.830016 0.746506 0.714559 0.761605 0.662516 0.734039
0.830014 0.746485 0.714541 0.761616 0.662509 0.734049
0.830005 0.746524 0.714531 0.761614 0.662518 0.734047
0.829986 0.746517 0.714533 0.761629 0.662527 0.734014
0.830012 0.746527 0.714526 0.761622 0.662525 0.734029
0.830013 0.746561 0.714519 0.761633 0.662534 0.734029
0.830006 0.746561 0.714535 0.761644 0.662532 0.734029
0.829978 0.746584 0.714542 0.761627 0.662534 0.734033
0.829969 0.746576 0.714546 0.761631 0.662534 0.734033
0.829966 0.746566 0.714537 0.761629 0.662539 0.734031
0.829995 0.746592 0.714518 0.761629 0.662557 0.734064
0.829982 0.746602 0.714527 0.761631 0.662532 0.734058
0.829964 0.746579 0.714537 0.761631 0.662525 0.734064
0.830000 0.746626 0.714546 0.761640 0.662530 0.734066
0.830006 0.746644 0.714537 0.761640 0.662534 0.734068
0.830000 0.746639 0.714546 0.761642 0.662541 0.734068
0.829991 0.746636 0.714527 0.761633 0.662520 0.734071
0.829982 0.746636 0.714522 0.761638 0.662516 0.734056
0.829988 0.746595 0.714541 0.761653 0.662527 0.734084
0.830003 0.746618 0.714525 0.761646 0.662548 0.734093
0.830003 0.746608 0.714542 0.761659 0.662548 0.734110
0.829982 0.746618 0.714526 0.761666 0.662543 0.734104
0.829981 0.746634 0.714519 0.761664 0.662527 0.734106
0.829985 0.746660 0.714529 0.761664 0.662529 0.734078
0.830004 0.746623 0.714526 0.761655 0.662522 0.734070
0.830012 0.746600 0.714526 0.761633 0.662523 0.734112
0.829997 0.746597 0.714526 0.761635 0.662536 0.734117
0.830011 0.746587 0.714507 0.761648 0.662502 0.734090
0.830029 0.746568 0.714498 0.761646 0.662506 0.734099
0.830023 0.746641 0.714514 0.761646 0.662531 0.734113
0.830030 0.746618 0.714523 0.761644 0.662527 0.734115
0.830024 0.746592 0.714505 0.761622 0.662527 0.734102
0.830021 0.746613 0.714530 0.761639 0.662543 0.734130
0.830036 0.746633 0.714539 0.761637 0.662541 0.734134
0.830043 0.746579 0.714525 0.761620 0.662495 0.734116
0.830024 0.746555 0.714525 0.761592 0.662504 0.734098
0.830034 0.746610 0.714522 0.761594 0.662520 0.734116
0.830030 0.746612 0.714531 0.761600 0.662529 0.734103
0.830044 0.746633 0.714494 0.761616 0.662520 0.734119
0.830022 0.746581 0.714485 0.761587 0.662497 0.734117
0.830035 0.746633 0.714487 0.761544 0.662520 0.734103
0.830042 0.746589 0.714485 0.761552 0.662518 0.734098
0.830008 0.746631 0.714485 0.761572 0.662527 0.734104
0.830023 0.746607 0.714485 0.761581 0.662513 0.734086
0.830033 0.746568 0.714487 0.761581 0.662527 0.734104
0.830031 0.746612 0.714471 0.761581 0.662552 0.734096
0.830010 0.746623 0.714485 0.761583 0.662572 0.734094
0.829995 0.746602 0.714471 0.761594 0.662538 0.734066
0.830024 0.746597 0.714465 0.761579 0.662547 0.734075
0.830038 0.746612 0.714458 0.761574 0.662545 0.734090
0.830023 0.746618 0.714462 0.761570 0.662552 0.734096
0.830040 0.746602 0.714469 0.761572 0.662551 0.734073
0.830037 0.746573 0.714473 0.761557 0.662513 0.734051
0.830031 0.746573 0.714466 0.761548 0.662517 0.734039
0.830033 0.746586 0.714459 0.761572 0.662524 0.734046
0.830035 0.746568 0.714462 0.761578 0.662524 0.734052
0.830057 0.746565 0.714471 0.761594 0.662538 0.734065
0.830042 0.746547 0.714453 0.761592 0.662517 0.734054
0.830007 0.746557 0.714475 0.761548 0.662508 0.734044
0.830008 0.746557 0.714489 0.761544 0.662508 0.734061
0.830034 0.746539 0.714482 0.761559 0.662535 0.734081
0.830050 0.746557 0.714482 0.761581 0.662547 0.734068
0.830039 0.746537 0.714475 0.761573 0.662533 0.734059
0.830038 0.746544 0.714479 0.761564 0.662522 0.734069
0.830024 0.746570 0.714495 0.761562 0.662531 0.734052
0.830010 0.746591 0.714493 0.761549 0.662529 0.734055
0.830042 0.746591 0.714493 0.761566 0.662531 0.734068
0.830057 0.746581 0.714493 0.761557 0.662531 0.734072
0.830049 0.746628 0.714493 0.761549 0.662542 0.734069
0.830023 0.746638 0.714483 0.761547 0.662542 0.734052
0.830031 0.746661 0.714502 0.761547 0.662549 0.734042
0.830050 0.746656 0.714505 0.761557 0.662572 0.734037
0.830044 0.746653 0.714502 0.761564 0.662572 0.734050
0.830049 0.746645 0.714513 0.761553 0.662542 0.734057
0.830051 0.746606 0.714507 0.761558 0.662549 0.734041
0.830043 0.746622 0.714507 0.761558 0.662533 0.734031
0.830042 0.746632 0.714526 0.761560 0.662547 0.734039
0.830048 0.746698 0.714505 0.761564 0.662565 0.734077
0.830042 0.746698 0.714495 0.761559 0.662556 0.734083
0.830028 0.746627 0.714497 0.761549 0.662551 0.734055
0.830040 0.746640 0.714503 0.761553 0.662535 0.734035
0.830047 0.746661 0.714513 0.761542 0.662531 0.734057
0.830076 0.746669 0.714515 0.761553 0.662531 0.734061
0.830065 0.746685 0.714522 0.761562 0.662524 0.734069
0.830070 0.746606 0.714529 0.761542 0.662522 0.734061
0.830076 0.746624 0.714530 0.761543 0.662529 0.734052
0.830078 0.746619 0.714533 0.761527 0.662547 0.734052
0.830079 0.746640 0.714502 0.761514 0.662542 0.734056
0.830073 0.746651 0.714502 0.761516 0.662563 0.734069
0.830089 0.746664 0.714493 0.761516 0.662549 0.734052
0.830067 0.746619 0.714519 0.761497 0.662542 0.734046
0.830072 0.746627 0.714513 0.761516 0.662562 0.734037
0.830067 0.746625 0.714497 0.761510 0.662542 0.734044
0.830063 0.746692 0.714517 0.761520 0.662553 0.734056
0.830072 0.746640 0.714509 0.761512 0.662549 0.734072
0.830032 0.746653 0.714515 0.761480 0.662558 0.734041
0.830065 0.746622 0.714511 0.761471 0.662546 0.734054
0.830068 0.746627 0.714539 0.761493 0.662547 0.734034
0.830075 0.746630 0.714527 0.761503 0.662549 0.734036
0.830073 0.746682 0.714513 0.761516 0.662535 0.734052
0.830066 0.746664 0.714490 0.761510 0.662535 0.734041
0.830062 0.746656 0.714522 0.761492 0.662558 0.734063
