0.658137 0.734729 0.701741 0.617305 0.654607 0.628286
0.763357 0.797472 0.766388 0.757659 0.722613 0.714216
0.000000 0.000000 0.000000 0.000000 0.000000 0.000000
0.762694 0.773437 0.745766 0.767737 0.703939 0.714407
0.771814 0.805669 0.776505 0.763601 0.731323 0.720986
0.769728 0.812188 0.788894 0.761566 0.738680 0.721001
0.777855 0.810990 0.779544 0.769158 0.735196 0.725537
0.777038 0.797991 0.774894 0.775002 0.725972 0.728690
0.776488 0.788602 0.766658 0.776399 0.721351 0.727126
0.784826 0.794347 0.772634 0.781343 0.724028 0.733135
0.805977 0.823278 0.789259 0.794948 0.744601 0.746384
0.806330 0.848518 0.818999 0.792137 0.771544 0.758382
0.830189 0.838323 0.809418 0.812604 0.767193 0.764308
0.834635 0.819163 0.787640 0.808501 0.745670 0.765884
0.829543 0.817032 0.786428 0.807629 0.746176 0.763198
0.844378 0.834009 0.800442 0.816794 0.765523 0.771870
0.869567 0.857407 0.828311 0.831705 0.785771 0.798815
0.866053 0.828224 0.801939 0.822678 0.762162 0.786852
0.869269 0.849599 0.821821 0.830906 0.780060 0.797769
0.867399 0.856189 0.828259 0.831156 0.785409 0.798634
0.872836 0.851302 0.824877 0.833406 0.781311 0.800877
0.891929 0.865445 0.838875 0.840407 0.793628 0.818583
0.894041 0.857464 0.832146 0.836386 0.781111 0.810166
0.882399 0.889674 0.858422 0.844238 0.810655 0.820421
0.882314 0.827948 0.799377 0.821455 0.754999 0.779927
0.894441 0.865146 0.836640 0.835445 0.781071 0.810653
0.870650 0.892956 0.851159 0.833762 0.808072 0.816726
0.895514 0.859991 0.830429 0.831825 0.776672 0.807150
0.881443 0.828799 0.802503 0.823064 0.756784 0.783505
0.878065 0.851114 0.824432 0.829751 0.773187 0.795013
0.877550 0.871008 0.839623 0.834321 0.787848 0.805342
0.888607 0.880997 0.853258 0.840314 0.796305 0.820316
0.903803 0.880561 0.851541 0.842923 0.797226 0.824303
0.903585 0.858998 0.836245 0.838048 0.777599 0.816235
0.897029 0.854781 0.830142 0.835992 0.773984 0.813131
0.898487 0.868475 0.839088 0.838673 0.781232 0.816023
0.898163 0.876085 0.847964 0.841933 0.791401 0.819606
0.899129 0.880523 0.852339 0.843512 0.798014 0.824135
0.906237 0.880686 0.852160 0.844693 0.799703 0.826748
0.911151 0.876457 0.850251 0.843912 0.797307 0.826681
0.907365 0.888964 0.860468 0.846813 0.805826 0.833089
0.897481 0.894840 0.863442 0.847739 0.811317 0.832053
0.897906 0.890267 0.861585 0.847059 0.809222 0.832225
0.901889 0.887420 0.859270 0.845809 0.803582 0.830484
0.904563 0.889205 0.860636 0.844945 0.805264 0.830986
0.903104 0.894312 0.864723 0.844612 0.808023 0.831240
0.904317 0.896640 0.865411 0.845864 0.810399 0.832217
0.906868 0.893832 0.862587 0.846667 0.809057 0.832691
0.905755 0.893159 0.861193 0.846884 0.807943 0.832500
0.902399 0.893842 0.864442 0.846690 0.809267 0.831850
0.903512 0.893752 0.864758 0.845845 0.807417 0.830805
0.908776 0.889193 0.862378 0.845380 0.804044 0.831027
0.906591 0.891159 0.863965 0.845511 0.806050 0.831163
0.903006 0.894436 0.865420 0.846130 0.809245 0.832000
0.907973 0.891902 0.860740 0.845955 0.805355 0.832213
0.909385 0.891547 0.860901 0.845625 0.803931 0.831605
0.904903 0.894901 0.865311 0.845371 0.807561 0.831744
0.905952 0.892340 0.864380 0.845172 0.806125 0.831423
0.909151 0.888170 0.860378 0.845239 0.802454 0.830852
0.906464 0.890054 0.861868 0.845899 0.805197 0.832101
0.906221 0.892679 0.863171 0.846395 0.805908 0.832281
0.910691 0.892124 0.861411 0.846070 0.803580 0.832394
0.907418 0.893720 0.863252 0.846434 0.806250 0.832279
0.908687 0.891808 0.861210 0.846195 0.803517 0.831324
0.910354 0.889404 0.859653 0.845721 0.801454 0.830762
0.906953 0.892782 0.864488 0.846569 0.806482 0.831465
0.908990 0.893174 0.863841 0.846824 0.805759 0.832413
0.908680 0.893238 0.862966 0.847187 0.805445 0.832588
0.905481 0.894835 0.864070 0.847784 0.807432 0.831764
0.910516 0.892005 0.860981 0.846256 0.802779 0.831385
0.906778 0.895501 0.866290 0.846657 0.807637 0.832329
0.910758 0.891955 0.860306 0.845981 0.801736 0.831086
0.906148 0.895210 0.864438 0.847408 0.807379 0.831992
0.909565 0.894062 0.863015 0.847156 0.805185 0.832787
0.909122 0.894368 0.864299 0.846991 0.806174 0.832694
0.906836 0.895260 0.866421 0.847088 0.807733 0.832350
0.910917 0.892405 0.861584 0.846198 0.802653 0.831776
0.906661 0.896017 0.866557 0.847239 0.808196 0.832540
0.910197 0.893742 0.862955 0.846679 0.804225 0.832349
0.908867 0.894999 0.864722 0.847253 0.806813 0.832813
0.907331 0.895413 0.865989 0.847208 0.807646 0.832508
0.910353 0.893189 0.863045 0.846892 0.804340 0.832748
0.905676 0.897020 0.867186 0.847354 0.808752 0.832413
0.911296 0.891689 0.860035 0.845621 0.800993 0.831046
0.902519 0.899068 0.867557 0.847236 0.810215 0.831335
0.911202 0.890479 0.857955 0.844818 0.797406 0.829979
0.903047 0.898158 0.867278 0.847242 0.809239 0.831238
0.909824 0.893549 0.863262 0.846715 0.804762 0.832072
0.910235 0.892852 0.863134 0.846709 0.804558 0.831938
0.903367 0.898595 0.867709 0.847535 0.810245 0.831687
0.910931 0.891108 0.860251 0.846210 0.801036 0.831429
0.906826 0.896000 0.866639 0.847327 0.807855 0.832357
0.907488 0.895740 0.866376 0.847138 0.807216 0.832415
0.911089 0.891555 0.861170 0.845990 0.801529 0.831175
0.905147 0.898773 0.867575 0.847313 0.809207 0.832163
0.910703 0.892991 0.862764 0.846415 0.803792 0.832121
0.908344 0.895466 0.866035 0.846604 0.806320 0.832571
0.906966 0.898054 0.866990 0.847065 0.807897 0.832487
0.911336 0.891555 0.860911 0.845604 0.800886 0.831037
0.905810 0.898732 0.867460 0.847472 0.808830 0.832276
0.911165 0.892117 0.860761 0.845912 0.801141 0.831230
0.907646 0.896987 0.866791 0.847020 0.807423 0.832638
0.908536 0.895304 0.865868 0.846630 0.806189 0.832300
0.910681 0.892745 0.862991 0.846589 0.803501 0.832012
0.906628 0.898433 0.867099 0.847377 0.808141 0.832451
0.910995 0.892004 0.861169 0.845855 0.801164 0.831404
0.906683 0.898633 0.867260 0.847324 0.808282 0.832634
0.910784 0.892394 0.862638 0.846225 0.802661 0.831785
0.908132 0.896401 0.866404 0.846808 0.806560 0.832593
0.908485 0.895971 0.866115 0.846712 0.806212 0.832600
0.910077 0.893261 0.864323 0.846623 0.804084 0.832176
0.906810 0.898598 0.867255 0.847226 0.808132 0.832600
0.911127 0.891632 0.859755 0.845354 0.799247 0.831008
0.903670 0.899452 0.867929 0.847139 0.809720 0.830891
0.910392 0.890057 0.856575 0.844299 0.793246 0.829057
0.900370 0.899157 0.867587 0.846855 0.810478 0.830615
0.910348 0.893184 0.862970 0.846278 0.803399 0.831568
0.910868 0.891586 0.861590 0.845790 0.801059 0.831205
0.902696 0.900152 0.868271 0.847150 0.810829 0.831098
0.910697 0.891217 0.860436 0.845769 0.799426 0.831347
0.910072 0.894089 0.862867 0.846755 0.804526 0.832348
0.904753 0.899312 0.867740 0.847852 0.809311 0.832039
0.910756 0.891628 0.860399 0.845659 0.799005 0.830881
0.907629 0.896400 0.866662 0.847071 0.806719 0.832475
0.906755 0.897487 0.867104 0.847458 0.807899 0.832451
0.911068 0.892154 0.861048 0.845736 0.799820 0.830992
0.906640 0.898285 0.867549 0.847390 0.808428 0.832331
0.909655 0.894921 0.865238 0.846394 0.804626 0.832410
0.910879 0.893246 0.862848 0.846350 0.802572 0.831939
0.906298 0.898677 0.867534 0.847358 0.808621 0.832299
0.910997 0.892239 0.861681 0.845985 0.801160 0.831561
0.907806 0.897467 0.866931 0.847211 0.807189 0.832667
0.908293 0.896185 0.866399 0.846908 0.806180 0.832762
0.910935 0.892474 0.862904 0.846388 0.802773 0.831898
0.906901 0.898593 0.867540 0.847099 0.808100 0.832567
0.910739 0.892583 0.863107 0.846451 0.803058 0.831968
0.908192 0.896497 0.866651 0.847087 0.806548 0.832714
0.907936 0.896937 0.866770 0.847062 0.806901 0.832688
0.910675 0.892876 0.863086 0.846445 0.802864 0.831859
0.906851 0.898593 0.867482 0.847329 0.807797 0.832637
0.910837 0.892394 0.862536 0.846048 0.802171 0.831655
0.907125 0.898284 0.867454 0.847290 0.807680 0.832690
0.910422 0.893535 0.863983 0.846514 0.803428 0.831856
0.907991 0.897261 0.866837 0.847149 0.806829 0.832649
0.909198 0.895576 0.865479 0.847219 0.805387 0.832653
0.909204 0.895441 0.865502 0.847201 0.805558 0.832533
0.908102 0.896913 0.866770 0.847145 0.806790 0.832680
0.910136 0.893496 0.863638 0.846714 0.803680 0.832119
0.906814 0.898553 0.867631 0.847033 0.807853 0.832633
0.911051 0.892050 0.861173 0.845779 0.800224 0.831427
0.904321 0.899891 0.868399 0.846951 0.809501 0.831453
0.909895 0.890140 0.857002 0.844074 0.792379 0.829277
0.900359 0.899245 0.867685 0.846865 0.811094 0.830180
0.910687 0.891580 0.861223 0.845739 0.799708 0.830963
0.910401 0.892729 0.862842 0.846394 0.803068 0.831466
0.903318 0.900009 0.868420 0.847131 0.810211 0.831357
0.910475 0.891161 0.859888 0.845590 0.797508 0.830884
0.908908 0.895654 0.864649 0.847514 0.805528 0.832797
0.905679 0.899263 0.867775 0.847492 0.808424 0.832297
0.910583 0.892092 0.860176 0.845580 0.797719 0.830575
0.906994 0.897453 0.867282 0.847520 0.807679 0.832568
0.907330 0.897032 0.866933 0.847296 0.807256 0.832572
0.910923 0.892397 0.861625 0.845825 0.799820 0.831169
0.906110 0.898584 0.867741 0.847129 0.808309 0.832096
0.909297 0.895154 0.865992 0.846515 0.804984 0.832451
0.910747 0.893120 0.862637 0.846367 0.801878 0.831899
0.906060 0.899640 0.867705 0.847446 0.808451 0.832252
0.910767 0.892835 0.862816 0.846411 0.802032 0.831811
0.908565 0.895970 0.866375 0.846749 0.805494 0.832626
0.907203 0.898599 0.867357 0.847039 0.807321 0.832576
0.910911 0.892355 0.862666 0.846243 0.801747 0.831994
0.907375 0.898800 0.867429 0.846959 0.807469 0.832755
0.908619 0.895766 0.866326 0.846676 0.805484 0.832774
0.910035 0.894502 0.863759 0.846713 0.803595 0.832201
0.906943 0.898544 0.867628 0.847267 0.807779 0.832619
0.910344 0.892992 0.863307 0.846603 0.802777 0.832045
0.907921 0.897275 0.867070 0.847134 0.806727 0.832819
0.908512 0.896361 0.866631 0.847030 0.805873 0.832820
0.909974 0.895025 0.864282 0.846817 0.803877 0.832628
0.907309 0.898269 0.867498 0.847213 0.807390 0.832737
0.910249 0.893471 0.863282 0.846393 0.802348 0.832070
0.907003 0.898407 0.867618 0.847154 0.807671 0.832687
0.910047 0.894171 0.863421 0.846485 0.802543 0.832075
0.907357 0.898063 0.867419 0.847182 0.807152 0.832728
0.909909 0.894783 0.864171 0.846838 0.803927 0.832380
0.907785 0.897520 0.867192 0.847172 0.806698 0.832918
0.909493 0.895487 0.864835 0.847141 0.804575 0.832692
0.908267 0.897207 0.866897 0.847220 0.806245 0.832926
0.909488 0.895627 0.864975 0.847090 0.804453 0.832813
0.908035 0.897548 0.866984 0.847208 0.806439 0.833031
0.909898 0.895023 0.864293 0.846782 0.803598 0.832521
0.907088 0.898686 0.867604 0.847244 0.807332 0.832703
0.910421 0.892502 0.861813 0.845815 0.799383 0.831677
0.904577 0.899984 0.868350 0.847051 0.809173 0.831955
0.909811 0.890226 0.857415 0.843931 0.792012 0.829528
0.899496 0.899199 0.867520 0.846846 0.811203 0.830174
0.910833 0.890954 0.859545 0.844893 0.796763 0.830394
0.909957 0.895363 0.863953 0.846566 0.803835 0.832043
0.903444 0.900023 0.868615 0.847098 0.810530 0.831557
0.910277 0.890802 0.858756 0.844483 0.794775 0.830125
0.905753 0.896653 0.865191 0.848210 0.806687 0.831707
0.909882 0.893899 0.863679 0.846516 0.801959 0.831709
0.909797 0.894187 0.864488 0.846248 0.803125 0.831710
0.905761 0.897665 0.866605 0.846919 0.806636 0.831895
0.909989 0.894548 0.862062 0.845708 0.800154 0.831566
0.907330 0.898453 0.867161 0.845941 0.805668 0.831895
0.908222 0.898014 0.867067 0.845618 0.805249 0.832095
0.910623 0.893573 0.862996 0.845775 0.800840 0.831678
0.906154 0.898165 0.867371 0.846445 0.806598 0.832424
0.910542 0.894329 0.863236 0.845825 0.801368 0.832182
0.909033 0.896012 0.866514 0.845874 0.804399 0.832028
0.908030 0.898241 0.867268 0.846109 0.805738 0.832948
0.910349 0.894220 0.863318 0.846189 0.801452 0.832643
0.907552 0.898478 0.867550 0.846418 0.806266 0.832951
0.909578 0.894770 0.865872 0.845762 0.803152 0.832034
0.909477 0.895467 0.865973 0.845790 0.803380 0.832275
0.907814 0.897314 0.867246 0.846534 0.805830 0.833031
0.910075 0.894472 0.863270 0.846608 0.801633 0.832450
0.908203 0.897351 0.867406 0.846493 0.806064 0.832764
0.910307 0.895473 0.864937 0.846623 0.802872 0.832323
0.909793 0.895784 0.864952 0.846987 0.803508 0.832400
0.909148 0.896550 0.865768 0.847096 0.804986 0.832708
0.910241 0.895092 0.864409 0.846829 0.802344 0.832141
0.908085 0.897277 0.867398 0.846676 0.806384 0.832749
0.910212 0.894845 0.863807 0.846338 0.801739 0.832224
0.908852 0.897014 0.866285 0.847098 0.805476 0.832957
0.910202 0.895170 0.864611 0.846586 0.802369 0.832638
0.909069 0.896450 0.866730 0.846478 0.804704 0.833035
0.909855 0.895731 0.865217 0.846877 0.803400 0.832779
0.909784 0.895687 0.865212 0.846828 0.803450 0.832867
0.909292 0.896392 0.866223 0.846777 0.804366 0.833181
0.910040 0.895158 0.864689 0.846582 0.802611 0.832742
0.908115 0.897181 0.867055 0.846668 0.805445 0.833146
0.910369 0.894479 0.863981 0.846382 0.801726 0.832212
0.907649 0.898435 0.867731 0.846952 0.806926 0.833165
0.910622 0.892950 0.862764 0.845259 0.799081 0.831347
0.906248 0.899515 0.868094 0.847044 0.808407 0.832679
0.910920 0.891583 0.859333 0.844470 0.795396 0.829989
0.904760 0.899895 0.868382 0.847029 0.809740 0.832106
0.911017 0.891209 0.859634 0.844463 0.795558 0.830044
0.906634 0.899460 0.867881 0.847213 0.807927 0.832701
0.909252 0.896238 0.865634 0.846871 0.803749 0.832851
0.910326 0.892884 0.863018 0.846170 0.800748 0.831763
0.905085 0.899884 0.868133 0.847536 0.809320 0.832210
0.910617 0.891257 0.860539 0.845289 0.797622 0.830703
0.906661 0.898425 0.867795 0.847432 0.807714 0.832684
0.909195 0.896657 0.866136 0.847062 0.804552 0.832813
0.910862 0.893646 0.863382 0.845847 0.800478 0.831872
0.906178 0.899629 0.868010 0.847378 0.808686 0.832656
0.910839 0.892754 0.862150 0.845486 0.799596 0.831500
0.908040 0.897743 0.867229 0.847193 0.806615 0.833126
0.908911 0.896774 0.866388 0.847207 0.805265 0.833156
0.910493 0.894459 0.863717 0.845998 0.801143 0.832440
0.907102 0.898440 0.867688 0.847318 0.807782 0.832833
0.910595 0.894166 0.863949 0.846117 0.801325 0.832388
0.908282 0.897440 0.867001 0.846841 0.805922 0.833118
0.908580 0.897340 0.866740 0.846866 0.805613 0.833212
0.910168 0.894801 0.864545 0.846164 0.802324 0.832882
0.907535 0.898085 0.867677 0.847043 0.806981 0.833255
0.909955 0.894716 0.864536 0.846320 0.802429 0.832624
0.908589 0.897388 0.866666 0.846831 0.805636 0.833276
0.909045 0.896816 0.866142 0.846906 0.804742 0.833083
0.909767 0.895688 0.865299 0.846612 0.803113 0.832949
0.908066 0.897840 0.867305 0.847146 0.806480 0.833275
0.910065 0.894966 0.864686 0.846183 0.802296 0.832880
0.907584 0.898012 0.867465 0.847112 0.806694 0.833185
0.910007 0.895057 0.864810 0.846265 0.802399 0.832816
0.908397 0.897666 0.866794 0.847175 0.806059 0.833211
0.909598 0.895635 0.865348 0.846639 0.803205 0.833087
0.908848 0.896899 0.866125 0.847052 0.804964 0.833193
0.908905 0.896841 0.866144 0.847313 0.804964 0.833210
0.909335 0.895869 0.865490 0.846953 0.803661 0.832837
0.908380 0.897403 0.866604 0.847295 0.805891 0.833203
0.909901 0.895321 0.865049 0.846339 0.802538 0.832868
0.907664 0.898094 0.867509 0.846991 0.806442 0.833206
0.910278 0.894685 0.864462 0.845967 0.801314 0.832304
0.907116 0.898868 0.867881 0.847139 0.807223 0.833000
0.910784 0.893948 0.862728 0.845703 0.799390 0.831810
0.906382 0.899392 0.868228 0.847344 0.808311 0.832984
0.910703 0.892321 0.861229 0.845334 0.797812 0.830914
0.905605 0.899505 0.868315 0.847060 0.809100 0.832601
0.910790 0.892135 0.861013 0.845389 0.797419 0.830696
0.906457 0.899432 0.868116 0.847448 0.808215 0.832982
0.909985 0.895059 0.864789 0.846169 0.802144 0.832760
0.909159 0.896280 0.865868 0.847111 0.804247 0.832942
0.907142 0.898119 0.867716 0.847375 0.807062 0.833182
0.910613 0.892986 0.862596 0.846019 0.799475 0.831838
0.906230 0.899152 0.868042 0.847493 0.808634 0.832906
0.911006 0.894054 0.862624 0.845526 0.799268 0.831617
0.907885 0.898136 0.867552 0.847080 0.807036 0.833155
0.909099 0.896739 0.866089 0.847040 0.804846 0.833134
0.910079 0.894964 0.864716 0.846431 0.802005 0.832997
0.906911 0.898619 0.867900 0.847406 0.808074 0.833129
0.910705 0.892551 0.862215 0.845655 0.798807 0.831696
0.906293 0.899394 0.868065 0.847330 0.808504 0.832987
0.910476 0.894804 0.863892 0.845683 0.800933 0.832407
0.908737 0.897359 0.866713 0.846991 0.805464 0.833424
0.907506 0.897867 0.867652 0.847277 0.806693 0.833401
0.910457 0.893087 0.862915 0.846307 0.800273 0.832239
0.905912 0.899510 0.868070 0.847459 0.808570 0.832854
0.910927 0.893189 0.862501 0.845744 0.799213 0.831808
0.907324 0.898589 0.867807 0.847338 0.807275 0.833102
0.909498 0.896322 0.865714 0.846655 0.803838 0.833092
0.909756 0.895519 0.865439 0.846759 0.803246 0.833180
0.907289 0.898308 0.867937 0.847395 0.807901 0.833368
0.910629 0.892833 0.862531 0.846060 0.799544 0.832186
0.905895 0.899500 0.868109 0.847326 0.808556 0.832982
0.910852 0.893563 0.862563 0.845786 0.799526 0.831588
0.907863 0.898448 0.867657 0.847303 0.807110 0.833126
0.908432 0.897373 0.866478 0.847361 0.805701 0.833506
0.910130 0.894851 0.864257 0.846793 0.802158 0.832970
0.906596 0.898712 0.868001 0.847547 0.808259 0.833175
0.910608 0.893430 0.863293 0.846227 0.800112 0.832356
0.906870 0.898376 0.867726 0.847554 0.807103 0.833389
0.909804 0.895783 0.865304 0.846622 0.803140 0.833220
0.909542 0.896688 0.866117 0.846761 0.804437 0.833538
0.907720 0.897793 0.867636 0.847410 0.806917 0.833391
0.910202 0.894447 0.863983 0.846595 0.801222 0.832961
0.906868 0.898468 0.867785 0.847663 0.807655 0.833339
0.910431 0.894841 0.864639 0.846112 0.801563 0.832993
0.907745 0.897799 0.867409 0.847352 0.806346 0.833506
0.908781 0.897166 0.866282 0.847311 0.805194 0.833497
0.909694 0.895894 0.865574 0.847034 0.803262 0.833289
0.907610 0.897735 0.867631 0.847506 0.806935 0.833623
0.910252 0.894767 0.864461 0.846558 0.801526 0.833165
0.906542 0.898550 0.867725 0.847652 0.807275 0.833453
0.910299 0.895113 0.864528 0.846078 0.801573 0.832950
0.907902 0.898250 0.867578 0.847367 0.806630 0.833326
0.909059 0.896754 0.866085 0.847295 0.804582 0.833545
0.908958 0.896333 0.865754 0.847570 0.804236 0.833267
0.907625 0.897943 0.867188 0.847571 0.806368 0.833577
0.910216 0.895044 0.864900 0.846338 0.801804 0.833195
0.906962 0.898806 0.867849 0.847601 0.807309 0.833311
0.910473 0.895021 0.864317 0.845895 0.801033 0.832876
0.907570 0.898997 0.867774 0.847460 0.807340 0.833311
0.909754 0.895610 0.865589 0.847167 0.803215 0.833298
0.907930 0.897593 0.866635 0.847859 0.805825 0.833539
0.908925 0.896741 0.866007 0.847571 0.804596 0.833457
0.909199 0.896793 0.866236 0.847273 0.804644 0.833683
0.908126 0.897546 0.867007 0.847287 0.805728 0.833769
0.909387 0.896510 0.865775 0.847390 0.803794 0.833414
0.907579 0.897880 0.867387 0.847371 0.806230 0.833623
0.910043 0.895614 0.865326 0.846836 0.802673 0.833291
0.906970 0.898498 0.867633 0.847788 0.807052 0.833465
0.910413 0.894986 0.864467 0.846315 0.801183 0.833026
0.906995 0.899274 0.868054 0.847530 0.808343 0.833196
0.910884 0.893457 0.863538 0.845925 0.799915 0.832162
0.904456 0.899023 0.867679 0.847566 0.809091 0.832250
0.910412 0.890442 0.859012 0.844623 0.794063 0.830075
0.899490 0.899233 0.867373 0.846612 0.812680 0.830823
0.910156 0.890026 0.857681 0.844014 0.793974 0.830508
0.907856 0.898904 0.867503 0.846856 0.805994 0.833005
0.906005 0.899526 0.868517 0.847028 0.811114 0.832459
0.910512 0.890224 0.858173 0.844140 0.793367 0.829301
0.902521 0.898014 0.866613 0.847667 0.807878 0.832006
0.906897 0.897685 0.867036 0.847857 0.807227 0.833138
0.910536 0.892382 0.859411 0.844518 0.794416 0.829503
0.906324 0.899571 0.868303 0.847388 0.810548 0.832708
0.908101 0.896704 0.866224 0.847644 0.805546 0.832506
0.911275 0.892484 0.860739 0.845074 0.797512 0.831186
0.908186 0.898219 0.867922 0.847262 0.809757 0.833187
0.908434 0.896451 0.867338 0.846899 0.808779 0.832550
0.910817 0.891357 0.861580 0.845552 0.798404 0.831452
0.907927 0.897206 0.865869 0.847765 0.806169 0.833140
0.907976 0.897281 0.866173 0.847975 0.806582 0.833221
0.910585 0.893867 0.863247 0.846212 0.800366 0.831905
0.908864 0.897452 0.867040 0.846544 0.805328 0.833118
0.907361 0.898144 0.867599 0.847496 0.807017 0.833001
0.909544 0.895619 0.864821 0.847083 0.803261 0.833201
0.908928 0.896117 0.865922 0.847770 0.805649 0.833441
0.908673 0.895879 0.867147 0.847519 0.808117 0.833130
0.910099 0.893686 0.864312 0.846698 0.801834 0.832394
0.908322 0.896914 0.866465 0.847774 0.805770 0.833214
0.907212 0.898075 0.867414 0.847956 0.807208 0.833273
0.910242 0.895332 0.865262 0.846446 0.802647 0.833284
0.909208 0.896445 0.866841 0.847095 0.805407 0.833652
0.908253 0.897123 0.867157 0.847379 0.806751 0.833431
0.909566 0.895199 0.865288 0.847316 0.803383 0.833554
0.907972 0.897096 0.867090 0.847502 0.806643 0.833581
0.908831 0.896716 0.866784 0.847012 0.805690 0.833523
0.910050 0.894714 0.865265 0.846286 0.802870 0.833053
0.907818 0.898232 0.866947 0.847634 0.806354 0.833488
0.908429 0.897076 0.866347 0.847346 0.804904 0.833644
0.909217 0.896182 0.865912 0.847091 0.803743 0.833473
0.908214 0.897225 0.867143 0.847424 0.806359 0.833602
0.909633 0.895381 0.865636 0.847212 0.803152 0.833464
0.908454 0.897317 0.866408 0.847424 0.805410 0.833697
0.908491 0.897452 0.866559 0.847446 0.805581 0.833863
0.909642 0.896335 0.865864 0.846863 0.803632 0.833681
0.908585 0.897454 0.866740 0.847408 0.805784 0.833749
0.909082 0.896488 0.866094 0.847368 0.804075 0.833596
0.908919 0.896691 0.866134 0.847465 0.804399 0.833606
0.908621 0.897044 0.866460 0.847471 0.805281 0.833685
0.909526 0.896381 0.866027 0.846940 0.803557 0.833574
0.908396 0.897371 0.866475 0.847489 0.805554 0.833644
0.909025 0.896930 0.866153 0.847183 0.804410 0.833623
0.909038 0.896697 0.866149 0.847162 0.804407 0.833677
0.908601 0.897026 0.866402 0.847432 0.805272 0.833682
0.909217 0.896446 0.866015 0.847492 0.803739 0.833609
0.908358 0.897186 0.866505 0.847535 0.805478 0.833580
0.909375 0.896508 0.866074 0.847168 0.804058 0.833538
0.908667 0.897027 0.866370 0.847329 0.805182 0.833589
0.908930 0.896854 0.866237 0.847410 0.804675 0.833525
0.908948 0.896768 0.866112 0.847390 0.804552 0.833604
0.908727 0.896988 0.866290 0.847391 0.805190 0.833628
0.909210 0.896586 0.866016 0.847317 0.804029 0.833559
0.908290 0.897390 0.866441 0.847455 0.805602 0.833633
0.909276 0.896570 0.865930 0.847246 0.803860 0.833514
0.908347 0.897421 0.866635 0.847494 0.805620 0.833649
0.909475 0.896458 0.865850 0.847321 0.803422 0.833415
0.907940 0.897912 0.866630 0.847628 0.806100 0.833651
0.909785 0.896285 0.865670 0.847246 0.803133 0.833467
0.907579 0.898251 0.867373 0.847598 0.806703 0.833504
0.910145 0.895489 0.865218 0.846692 0.802049 0.833279
0.907014 0.899045 0.867671 0.847795 0.808309 0.833262
0.910843 0.894153 0.863983 0.846213 0.800257 0.832349
0.906426 0.899762 0.867916 0.848011 0.809811 0.832994
0.911000 0.893169 0.862728 0.845871 0.798671 0.831924
0.905957 0.899813 0.868129 0.847897 0.810405 0.832664
0.910770 0.893436 0.862808 0.845853 0.798948 0.831890
0.906722 0.899565 0.867804 0.847909 0.808877 0.833137
0.909708 0.896384 0.865563 0.847357 0.803327 0.833328
0.908987 0.896946 0.866163 0.847592 0.804853 0.833515
0.907505 0.898075 0.867382 0.847678 0.807797 0.833500
0.910825 0.894358 0.864009 0.846506 0.800876 0.832484
0.906500 0.899676 0.867980 0.847981 0.809722 0.832921
0.910877 0.894371 0.863607 0.846072 0.799928 0.832703
0.907268 0.898680 0.867762 0.847868 0.808599 0.833319
0.909649 0.896482 0.865658 0.847246 0.803490 0.833385
0.909368 0.896587 0.865715 0.847485 0.804068 0.833483
0.907480 0.898262 0.867414 0.847679 0.807850 0.833498
0.910811 0.894448 0.864039 0.846395 0.800829 0.832536
0.906546 0.899675 0.867947 0.848021 0.809511 0.832994
0.910764 0.895077 0.864193 0.846351 0.800803 0.832994
0.907408 0.898599 0.867604 0.847798 0.808203 0.833322
0.909337 0.896813 0.865961 0.847480 0.804380 0.833478
0.909525 0.896646 0.865693 0.847501 0.804127 0.833370
0.907480 0.898294 0.867288 0.847727 0.807798 0.833550
0.910664 0.894724 0.864383 0.846510 0.801271 0.832670
0.906895 0.899618 0.867829 0.847913 0.809217 0.833242
0.910723 0.895272 0.864252 0.846423 0.800884 0.833029
0.907465 0.898641 0.867610 0.847812 0.808845 0.833452
0.910055 0.896148 0.865418 0.847213 0.803192 0.833360
0.908585 0.897460 0.866201 0.847600 0.805518 0.833655
0.908669 0.897608 0.866248 0.847697 0.805814 0.833670
0.909832 0.896610 0.865590 0.847283 0.803879 0.833524
0.907677 0.898314 0.867260 0.847651 0.807353 0.833675
0.910186 0.896008 0.865123 0.847455 0.802962 0.833228
0.907269 0.898783 0.867590 0.847801 0.808934 0.833604
0.910636 0.894761 0.864450 0.846798 0.801588 0.832847
0.906710 0.898967 0.867641 0.847854 0.808967 0.833513
0.910785 0.894537 0.863992 0.846369 0.800820 0.832782
0.906837 0.899808 0.867958 0.847983 0.809623 0.833306
0.910643 0.894900 0.864456 0.846644 0.801091 0.832927
0.906783 0.898821 0.867575 0.847816 0.808958 0.833426
0.910216 0.895941 0.865196 0.847478 0.803071 0.833212
0.908478 0.897864 0.866380 0.847629 0.805993 0.833620
0.909012 0.897483 0.866059 0.847573 0.805031 0.833609
0.909168 0.897343 0.865939 0.847533 0.804844 0.833598
0.908575 0.897917 0.866505 0.847604 0.806368 0.833573
0.910216 0.896343 0.865163 0.847390 0.803069 0.833267
0.907248 0.898989 0.867575 0.847825 0.808806 0.833614
0.910865 0.894316 0.863922 0.846486 0.800436 0.832608
0.905899 0.900052 0.868164 0.847862 0.810737 0.833088
0.910537 0.892402 0.862023 0.845509 0.796888 0.831510
0.905090 0.899985 0.868393 0.847352 0.811636 0.832457
0.911040 0.892839 0.861868 0.845622 0.797591 0.831424
0.906867 0.898784 0.867787 0.847933 0.808771 0.833320
0.908245 0.898240 0.866624 0.847778 0.806501 0.833624
0.910889 0.893047 0.862950 0.846633 0.799339 0.832034
0.905032 0.900121 0.868280 0.847610 0.811387 0.832441
0.910917 0.892913 0.861700 0.845551 0.797986 0.831061
0.907345 0.899019 0.867729 0.847496 0.808417 0.833498
0.908814 0.898405 0.866527 0.847431 0.805724 0.833422
0.910715 0.893265 0.862746 0.845859 0.798274 0.831769
0.904999 0.899953 0.868313 0.847543 0.811886 0.831962
0.910793 0.894003 0.863987 0.847081 0.801563 0.832663
0.910179 0.896252 0.865025 0.847222 0.803560 0.833551
0.907281 0.898910 0.867856 0.848026 0.810205 0.833445
0.910854 0.894640 0.863710 0.846427 0.800686 0.832699
0.907532 0.898695 0.867229 0.847791 0.807256 0.833427
0.908432 0.898700 0.866945 0.847757 0.807311 0.833674
0.910335 0.893822 0.863507 0.846540 0.800245 0.832347
0.906534 0.899118 0.867695 0.847905 0.811026 0.832798
0.910918 0.894750 0.863384 0.846245 0.799842 0.832809
0.908671 0.898635 0.866705 0.847613 0.806765 0.833594
0.907944 0.898551 0.867386 0.847794 0.807784 0.833478
0.910835 0.894835 0.863954 0.846188 0.800348 0.832992
0.906674 0.899047 0.867454 0.847964 0.809096 0.833138
0.909757 0.896707 0.865578 0.847416 0.804394 0.833469
0.910217 0.896065 0.865149 0.847488 0.803590 0.833274
0.907366 0.898886 0.867598 0.847718 0.809332 0.833549
0.910612 0.895850 0.864642 0.847052 0.801810 0.833026
0.907898 0.899159 0.867706 0.847687 0.808385 0.833437
0.909268 0.897876 0.866055 0.847538 0.805709 0.833574
0.910501 0.895530 0.864784 0.847182 0.802478 0.833325
0.906812 0.899010 0.867427 0.847898 0.810290 0.833347
0.910707 0.895184 0.864384 0.846944 0.801632 0.832858
0.907512 0.898800 0.867299 0.847690 0.808304 0.833471
0.909521 0.897794 0.865926 0.847537 0.805783 0.833452
0.910447 0.896597 0.865306 0.847245 0.803931 0.833250
0.907383 0.899006 0.867712 0.847805 0.810062 0.833102
0.910511 0.895006 0.864451 0.847221 0.801754 0.832909
0.908275 0.898472 0.867124 0.847899 0.809051 0.833612
0.909957 0.897370 0.865743 0.847371 0.805015 0.833504
0.909584 0.897559 0.865558 0.847436 0.804517 0.833379
0.907968 0.898717 0.866756 0.847810 0.807917 0.833582
0.910564 0.896377 0.865068 0.847371 0.803460 0.833349
0.908737 0.898564 0.866631 0.847917 0.808341 0.833703
0.910436 0.896579 0.865190 0.847359 0.803171 0.833241
0.908186 0.898710 0.866859 0.847851 0.807587 0.833532
0.909679 0.897757 0.865800 0.847535 0.805198 0.833449
0.909902 0.897442 0.865646 0.847469 0.804959 0.833391
0.908638 0.898497 0.866546 0.847951 0.807921 0.833447
0.910471 0.896447 0.865098 0.847343 0.803327 0.833139
0.907730 0.898985 0.867309 0.847710 0.808888 0.833480
0.910661 0.895969 0.864657 0.846713 0.801570 0.833107
0.907543 0.899425 0.867761 0.847877 0.810097 0.833381
0.910657 0.895245 0.864358 0.846947 0.801033 0.832857
0.907170 0.899172 0.867560 0.847958 0.810311 0.833418
0.910710 0.895262 0.864514 0.847113 0.801762 0.832903
0.907666 0.899141 0.867426 0.847779 0.809116 0.833409
0.910230 0.897083 0.865457 0.847366 0.804207 0.833271
0.909516 0.898153 0.866289 0.847765 0.807065 0.833480
0.909871 0.897933 0.866036 0.847687 0.806564 0.833478
0.910043 0.897152 0.865485 0.847457 0.804672 0.833426
0.908521 0.899049 0.866896 0.847837 0.808537 0.833674
0.910597 0.896125 0.864951 0.847100 0.803063 0.833109
0.907733 0.899196 0.867728 0.847857 0.809961 0.833357
0.910841 0.894926 0.863895 0.846833 0.800421 0.832833
0.906738 0.899789 0.868000 0.847861 0.811408 0.833216
0.910845 0.893495 0.862562 0.845846 0.798025 0.831851
0.905896 0.900156 0.868187 0.847640 0.812036 0.832993
0.911024 0.894688 0.863466 0.846267 0.799502 0.832554
0.908105 0.899104 0.867599 0.847774 0.809703 0.833336
0.909740 0.898382 0.866080 0.847779 0.806887 0.833504
0.910655 0.895213 0.864724 0.847190 0.802382 0.832904
0.906562 0.900083 0.868057 0.847830 0.811585 0.832998
0.911182 0.893828 0.862532 0.845884 0.798544 0.832194
0.907558 0.899650 0.867899 0.847908 0.810902 0.833454
0.910464 0.896979 0.865434 0.846966 0.803896 0.833233
0.910499 0.896349 0.865186 0.847379 0.804352 0.833052
0.906758 0.899409 0.867735 0.847816 0.811183 0.832938
0.910623 0.892324 0.862043 0.845632 0.796619 0.832004
0.906320 0.900161 0.868210 0.847864 0.811958 0.833023
0.910529 0.896472 0.864795 0.846911 0.803090 0.832935
0.910547 0.896351 0.865030 0.847088 0.803454 0.833003
0.906351 0.899897 0.867925 0.847698 0.812058 0.832565
0.910771 0.892318 0.862365 0.845917 0.797264 0.831913
0.906831 0.899984 0.868009 0.847720 0.811255 0.833022
0.910675 0.897016 0.865110 0.846484 0.803125 0.833139
0.910885 0.895756 0.864645 0.846844 0.802843 0.832705
0.906289 0.900126 0.868151 0.847918 0.811860 0.832872
0.910523 0.894324 0.863396 0.846983 0.800576 0.832536
0.910326 0.897998 0.866278 0.848005 0.807975 0.833363
0.909372 0.898432 0.867579 0.847685 0.809884 0.833498
0.910698 0.894045 0.863143 0.846188 0.798250 0.832464
0.906159 0.900315 0.867971 0.847754 0.810996 0.832775
0.910203 0.898010 0.865966 0.847351 0.805000 0.833419
0.910644 0.894612 0.863417 0.846699 0.801235 0.832186
0.905611 0.899779 0.867811 0.848029 0.812155 0.832787
0.910273 0.895175 0.863201 0.846988 0.801477 0.832528
0.909786 0.898442 0.867243 0.846903 0.806719 0.833360
0.909534 0.898411 0.867680 0.847238 0.808996 0.833447
0.911105 0.894167 0.863627 0.845958 0.799562 0.832905
0.906357 0.899784 0.867636 0.848008 0.810489 0.832533
0.909432 0.897431 0.866355 0.847617 0.806139 0.833312
0.910888 0.894433 0.863494 0.846403 0.801660 0.832255
0.906504 0.899442 0.867650 0.848293 0.811799 0.832729
0.910590 0.895516 0.863575 0.846441 0.800622 0.832542
0.909677 0.898017 0.866755 0.847050 0.806050 0.833110
0.908975 0.899521 0.867839 0.847601 0.810459 0.833123
0.910827 0.893823 0.862769 0.845722 0.797951 0.832544
0.907450 0.899116 0.866904 0.848153 0.809961 0.833206
0.907913 0.899133 0.867209 0.847864 0.808506 0.833290
0.910421 0.894316 0.863517 0.846428 0.800275 0.832105
0.907175 0.899409 0.867792 0.848340 0.811321 0.833187
0.909953 0.897262 0.865253 0.847711 0.805186 0.833329
0.910450 0.895789 0.865127 0.847133 0.803617 0.833413
0.907157 0.900191 0.868187 0.847655 0.811503 0.832762
0.910709 0.894742 0.863769 0.847137 0.801205 0.832804
0.910400 0.897490 0.865462 0.847746 0.807148 0.833277
0.908472 0.899340 0.867846 0.847681 0.810518 0.833546
0.910878 0.895143 0.864005 0.847002 0.801606 0.832543
0.907839 0.899053 0.866618 0.848450 0.809845 0.833206
0.909878 0.897716 0.865580 0.848045 0.807861 0.833260
0.911027 0.895001 0.864389 0.846618 0.802647 0.832833
0.906545 0.900221 0.868164 0.848032 0.811978 0.832730
0.910104 0.896143 0.864351 0.847512 0.803200 0.832850
0.910973 0.897301 0.865356 0.847103 0.806052 0.833269
0.908406 0.899744 0.868131 0.847568 0.810865 0.833313
0.910897 0.894388 0.864024 0.846621 0.801013 0.832665
0.906871 0.899147 0.867193 0.848187 0.810192 0.833040
0.910022 0.898442 0.865688 0.847819 0.808335 0.833473
0.911259 0.894759 0.863648 0.846403 0.803077 0.831991
0.906373 0.900240 0.868200 0.848228 0.811866 0.832894
0.909611 0.895761 0.863736 0.847472 0.802131 0.832732
0.910898 0.897510 0.865501 0.847340 0.806213 0.833116
0.909037 0.898891 0.868180 0.847044 0.810178 0.833032
0.910647 0.893504 0.863273 0.846304 0.798189 0.832436
0.905901 0.899291 0.867443 0.847996 0.809619 0.832711
0.908052 0.899034 0.866999 0.847623 0.808662 0.833411
0.910889 0.894607 0.862580 0.846060 0.800543 0.831828
0.906697 0.900301 0.867901 0.848148 0.811818 0.833254
0.909406 0.896203 0.864324 0.847480 0.803483 0.832645
0.910363 0.897030 0.865038 0.847080 0.803658 0.832758
0.909228 0.899411 0.868217 0.847120 0.809959 0.833127
0.911052 0.893658 0.863288 0.845724 0.799415 0.832428
0.907723 0.898454 0.866420 0.848438 0.808979 0.832951
0.906979 0.898972 0.867167 0.847971 0.808456 0.833123
0.911014 0.895588 0.864131 0.846880 0.802295 0.832575
0.909564 0.898638 0.866866 0.848138 0.809358 0.833420
0.910324 0.897569 0.865434 0.847859 0.806618 0.832960
0.909943 0.897246 0.865263 0.847438 0.804510 0.832870
0.908934 0.899673 0.867630 0.847299 0.809587 0.833131
0.911364 0.896496 0.865204 0.846868 0.805234 0.833089
0.910857 0.897316 0.865475 0.847687 0.807027 0.833165
0.908443 0.899212 0.867059 0.847845 0.809441 0.833462
0.909770 0.897736 0.865216 0.847977 0.805323 0.833107
0.910347 0.898194 0.865839 0.847973 0.808072 0.833090
0.910710 0.897705 0.865715 0.847651 0.807243 0.833141
0.910780 0.897756 0.865436 0.847461 0.806066 0.833099
0.908701 0.899389 0.867252 0.847543 0.809067 0.833303
0.910416 0.898392 0.865608 0.847710 0.807129 0.833294
0.910887 0.897741 0.865450 0.847487 0.807016 0.833230
0.910036 0.898837 0.866376 0.847966 0.809031 0.833192
0.910299 0.897843 0.865332 0.847860 0.806541 0.832900
0.909855 0.898575 0.865661 0.848133 0.808450 0.832882
0.910471 0.897994 0.865563 0.847963 0.807862 0.833008
0.910855 0.898135 0.865724 0.847648 0.807050 0.833237
0.909220 0.899241 0.867116 0.847695 0.809096 0.833326
0.910441 0.898127 0.865675 0.847789 0.806675 0.833206
0.910155 0.898608 0.866482 0.847606 0.808413 0.833352
0.910585 0.898358 0.866142 0.847601 0.807765 0.833321
0.910486 0.898271 0.865395 0.847821 0.807180 0.833024
0.909877 0.898913 0.865977 0.848295 0.808748 0.833041
0.911052 0.897806 0.865313 0.847512 0.806776 0.832987
0.909711 0.898945 0.866559 0.847737 0.808928 0.833274
0.910388 0.898419 0.865626 0.847843 0.806725 0.833131
0.909701 0.898985 0.866806 0.847472 0.808577 0.833262
0.910629 0.898267 0.866085 0.847313 0.807131 0.833293
0.910399 0.898633 0.865728 0.847842 0.807914 0.833143
0.910617 0.898480 0.865506 0.847888 0.807499 0.833015
0.910551 0.898666 0.866122 0.847788 0.807797 0.833159
0.910814 0.898431 0.865392 0.847764 0.807238 0.833105
0.910343 0.898940 0.865823 0.847974 0.808096 0.833159
0.910778 0.898552 0.865688 0.847658 0.807024 0.833181
0.909718 0.899284 0.866928 0.847540 0.808743 0.833063
0.911187 0.897594 0.865177 0.847478 0.805681 0.832819
0.908432 0.899521 0.867411 0.847980 0.809985 0.833184
0.911061 0.896430 0.864232 0.846765 0.802647 0.832691
0.906917 0.900357 0.867992 0.848221 0.811823 0.832595
0.910518 0.894309 0.862853 0.846245 0.798021 0.831751
0.907253 0.900148 0.868182 0.847858 0.811286 0.832969
0.910992 0.896029 0.864245 0.846329 0.800796 0.832435
0.909308 0.899772 0.867529 0.847728 0.809167 0.833055
0.910329 0.898625 0.866470 0.847166 0.806762 0.833402
0.911317 0.896514 0.864412 0.847423 0.804235 0.832718
0.906543 0.900265 0.867929 0.848198 0.811854 0.832543
0.911259 0.895232 0.863508 0.846076 0.800282 0.832184
0.908843 0.900338 0.867494 0.847959 0.810369 0.833084
0.910946 0.898197 0.865375 0.847834 0.807707 0.833277
0.911549 0.895799 0.863881 0.846656 0.803507 0.833103
0.907019 0.900541 0.867937 0.848081 0.811432 0.832421
0.910642 0.896362 0.864159 0.847279 0.802762 0.832259
0.910553 0.898058 0.866740 0.846593 0.806494 0.833245
0.909235 0.898972 0.867498 0.847714 0.809184 0.833398
0.910662 0.896656 0.864211 0.847530 0.802886 0.832711
0.909056 0.900234 0.867542 0.847959 0.809471 0.833166
0.911229 0.896946 0.865076 0.846863 0.804613 0.832507
0.908829 0.899470 0.867276 0.847800 0.809655 0.833368
0.910259 0.898341 0.864946 0.847810 0.806920 0.833255
0.910852 0.898189 0.865058 0.847891 0.806792 0.833016
0.910738 0.897989 0.865886 0.848288 0.807577 0.832374
0.910456 0.898764 0.866079 0.847991 0.807776 0.832889
0.910393 0.898644 0.865168 0.847912 0.806965 0.833121
0.909954 0.899300 0.866394 0.847908 0.808911 0.833258
0.911464 0.897370 0.865037 0.847122 0.805492 0.832641
0.909465 0.899281 0.867113 0.847754 0.808751 0.833097
0.910348 0.898186 0.865189 0.848289 0.807486 0.832892
0.910960 0.898610 0.865526 0.847923 0.807865 0.833074
0.911462 0.898169 0.865334 0.847420 0.806665 0.833045
0.910496 0.898434 0.865386 0.847957 0.807814 0.832970
0.909583 0.899165 0.867007 0.847608 0.808631 0.833186
0.911271 0.898353 0.865987 0.847528 0.806741 0.832847
0.910672 0.898849 0.865702 0.848249 0.808223 0.832702
0.911344 0.898140 0.864987 0.847633 0.806046 0.832834
0.909042 0.899473 0.867063 0.847859 0.809523 0.832951
0.911420 0.897558 0.864597 0.847408 0.804905 0.832798
0.909363 0.900089 0.867612 0.847919 0.809841 0.833107
0.911601 0.896813 0.864467 0.847042 0.804134 0.832539
0.906935 0.900565 0.867906 0.848225 0.811279 0.832672
0.911576 0.896286 0.863597 0.846864 0.802484 0.832568
0.909590 0.900187 0.867926 0.847841 0.810008 0.833500
0.911742 0.896898 0.864559 0.847301 0.804805 0.832544
0.909192 0.899129 0.866887 0.847868 0.809180 0.833084
0.910913 0.898855 0.865762 0.847933 0.807544 0.832983
0.911548 0.896887 0.864833 0.847219 0.805342 0.832498
0.908775 0.900496 0.867635 0.848029 0.809987 0.833043
0.911598 0.896918 0.864152 0.846840 0.803012 0.832333
0.907590 0.900428 0.868003 0.848102 0.811590 0.832772
0.911982 0.895716 0.863463 0.846858 0.802687 0.832373
0.910251 0.899018 0.865792 0.848151 0.808501 0.833075
0.910045 0.899038 0.866201 0.848212 0.808687 0.832778
0.911915 0.897338 0.865185 0.847150 0.805002 0.832722
0.909820 0.899402 0.867052 0.847868 0.809151 0.833108
0.911756 0.897727 0.864707 0.847567 0.805787 0.832786
0.910013 0.899167 0.867151 0.847392 0.808352 0.833166
0.911034 0.898328 0.865319 0.847891 0.806847 0.832779
0.910467 0.899733 0.866896 0.847229 0.807663 0.832989
0.911232 0.897961 0.865688 0.847176 0.806088 0.833117
0.909828 0.899033 0.865566 0.848502 0.808846 0.832870
0.911316 0.898548 0.865191 0.847715 0.806559 0.832924
0.910441 0.899811 0.866743 0.847215 0.807704 0.833154
0.911573 0.898097 0.864955 0.847334 0.805749 0.832804
0.908785 0.899874 0.866892 0.847817 0.809586 0.833262
0.911329 0.898268 0.865709 0.847063 0.806236 0.833027
0.910731 0.899571 0.866643 0.848258 0.808370 0.832760
0.911736 0.897329 0.864380 0.847575 0.804951 0.832634
0.910239 0.899279 0.865935 0.848391 0.809063 0.833082
0.911850 0.898152 0.864805 0.847346 0.805842 0.832955
0.909900 0.900507 0.867756 0.847748 0.809446 0.832877
0.912053 0.896550 0.864211 0.846875 0.803672 0.832242
0.908417 0.899841 0.866959 0.848304 0.810527 0.832564
0.911695 0.897580 0.864193 0.847302 0.804309 0.832807
0.909805 0.900218 0.867686 0.847868 0.809672 0.832740
0.911665 0.895325 0.863397 0.846651 0.802289 0.831636
0.906768 0.900323 0.867952 0.847565 0.810865 0.832568
0.911519 0.895875 0.863239 0.845975 0.800863 0.832468
0.907241 0.900266 0.868088 0.848214 0.812161 0.832176
0.910609 0.893015 0.861999 0.846884 0.801131 0.830594
0.908247 0.900131 0.867736 0.847720 0.809849 0.832465
0.911282 0.896625 0.864668 0.846810 0.803864 0.832992
0.910219 0.898524 0.867513 0.846625 0.807986 0.833326
0.911920 0.896820 0.865260 0.846400 0.803583 0.832063
0.911187 0.897511 0.865332 0.847383 0.804758 0.832443
0.909628 0.898591 0.865634 0.848658 0.809398 0.832630
0.911541 0.896481 0.863821 0.846468 0.802348 0.832764
0.910235 0.899915 0.867138 0.847426 0.808448 0.833407
0.910621 0.899380 0.866725 0.846508 0.806074 0.832854
0.910426 0.899334 0.866746 0.846793 0.806632 0.832743
0.910976 0.898651 0.865848 0.847773 0.806861 0.832991
0.911656 0.895926 0.864087 0.847080 0.803498 0.832728
0.909267 0.899970 0.867126 0.847895 0.809961 0.833373
0.911592 0.897443 0.865167 0.846966 0.804289 0.832486
0.910009 0.899770 0.867238 0.847242 0.808430 0.832948
0.911133 0.899065 0.866020 0.847874 0.807474 0.833020
0.911671 0.897425 0.864498 0.847113 0.805081 0.832940
0.910091 0.899485 0.865987 0.848469 0.809086 0.833138
0.911300 0.898404 0.865328 0.847596 0.806102 0.832901
0.910513 0.899784 0.867188 0.847136 0.807977 0.833046
0.911525 0.898448 0.865409 0.847514 0.806241 0.833031
0.910509 0.899168 0.865523 0.848181 0.808207 0.833167
0.911459 0.898454 0.865459 0.847866 0.806539 0.833086
0.911414 0.898695 0.865715 0.847859 0.806625 0.832877
0.910016 0.899954 0.867179 0.847655 0.808930 0.832950
0.911766 0.898210 0.865253 0.847347 0.805208 0.832835
0.909763 0.899785 0.867219 0.848029 0.809264 0.833254
0.912159 0.896707 0.864112 0.846986 0.803757 0.832193
0.909171 0.900511 0.867608 0.847743 0.809736 0.832937
0.911501 0.895804 0.863527 0.846226 0.800698 0.831830
0.907240 0.900122 0.868525 0.847811 0.811539 0.832455
0.911622 0.892984 0.861516 0.844840 0.797213 0.830530
0.905085 0.900413 0.867934 0.848484 0.812249 0.832384
0.911360 0.897865 0.864975 0.847757 0.806316 0.832984
0.912160 0.895048 0.863308 0.845916 0.802670 0.831641
0.905150 0.900317 0.868280 0.848274 0.812740 0.832093
0.910635 0.895527 0.863041 0.847116 0.801893 0.832057
0.911198 0.897666 0.865642 0.846598 0.804943 0.832979
0.909326 0.899590 0.867747 0.847573 0.810150 0.833022
0.910531 0.893087 0.862494 0.845498 0.797033 0.831318
0.904148 0.899407 0.866972 0.848341 0.810169 0.831238
0.910180 0.899074 0.866186 0.847175 0.805604 0.832368
0.910734 0.894941 0.862137 0.845227 0.798843 0.830916
0.905071 0.900377 0.867377 0.848613 0.812396 0.832542
0.909898 0.894178 0.862375 0.847505 0.802764 0.832083
0.910182 0.896795 0.865381 0.847131 0.805198 0.832349
0.908335 0.899082 0.868214 0.846538 0.810170 0.831900
0.911462 0.894104 0.862446 0.845256 0.798936 0.831319
0.907447 0.897225 0.865133 0.848242 0.808373 0.832391
0.905941 0.897575 0.865681 0.848228 0.808081 0.831875
0.911426 0.895128 0.863331 0.846135 0.800450 0.831566
0.910819 0.895893 0.865640 0.847362 0.805728 0.832074
0.910629 0.897874 0.865227 0.848524 0.808286 0.833079
0.909612 0.896004 0.863794 0.848141 0.803730 0.832312
0.908625 0.899772 0.867078 0.847689 0.809244 0.833136
0.911042 0.898944 0.866972 0.847026 0.808028 0.833262
0.911693 0.894817 0.863802 0.845733 0.801999 0.832197
0.909033 0.899682 0.866879 0.847991 0.809725 0.833166
0.908967 0.898628 0.866110 0.847974 0.808019 0.832826
0.911743 0.897298 0.864594 0.847411 0.805568 0.832868
0.910765 0.898961 0.867325 0.847735 0.808279 0.833174
0.911564 0.897716 0.865303 0.847778 0.806122 0.832617
0.910810 0.898243 0.865114 0.847925 0.806292 0.832562
0.909090 0.899809 0.867003 0.847691 0.808991 0.832959
0.911447 0.897047 0.865244 0.847530 0.805795 0.832888
0.911093 0.898032 0.865701 0.848155 0.806944 0.832688
0.910451 0.898903 0.866059 0.848521 0.807508 0.832530
0.911100 0.898244 0.864856 0.847987 0.806263 0.832447
0.910617 0.899431 0.865866 0.848212 0.808325 0.832863
0.911396 0.898906 0.865456 0.848022 0.807525 0.832802
0.911426 0.898364 0.865449 0.847647 0.806934 0.832704
0.909949 0.899848 0.867108 0.847904 0.808809 0.832740
0.911185 0.898502 0.865623 0.848094 0.806855 0.832718
0.911389 0.898459 0.865475 0.847818 0.807175 0.832758
0.910956 0.899358 0.865540 0.848131 0.807891 0.832916
0.911619 0.898393 0.865144 0.847759 0.806149 0.832604
0.910123 0.899634 0.866616 0.847838 0.808303 0.832844
0.911475 0.898431 0.865325 0.847808 0.806416 0.832559
0.910983 0.899326 0.865536 0.848087 0.807133 0.832904
0.910463 0.899341 0.865996 0.847993 0.807430 0.833123
0.910866 0.898972 0.865819 0.847770 0.806804 0.832918
0.910171 0.899760 0.866902 0.847695 0.808191 0.832960
0.911540 0.898605 0.865290 0.847680 0.806188 0.832831
0.910586 0.899304 0.865564 0.848352 0.808092 0.832837
0.911460 0.898571 0.865062 0.847840 0.806353 0.832653
0.911227 0.899144 0.865680 0.848004 0.807372 0.832655
0.910835 0.899356 0.865804 0.848370 0.807686 0.832832
0.911348 0.898794 0.865256 0.847922 0.806263 0.832671
0.910678 0.899564 0.866058 0.848032 0.807862 0.833027
0.911668 0.898303 0.865038 0.847489 0.805398 0.832610
0.909412 0.899957 0.866918 0.848010 0.808712 0.833191
0.911541 0.898163 0.864787 0.847595 0.804760 0.832706
0.909977 0.900527 0.867415 0.847954 0.809182 0.833117
0.911849 0.896962 0.864543 0.847275 0.803931 0.832288
0.908610 0.900277 0.867136 0.848188 0.809406 0.833099
0.911390 0.898420 0.864987 0.847789 0.805528 0.832806
0.911154 0.899491 0.866337 0.847718 0.807432 0.833160
0.911620 0.898544 0.865228 0.847852 0.806029 0.832803
0.910833 0.899162 0.865550 0.848451 0.807269 0.833033
0.911064 0.899245 0.865964 0.848287 0.807368 0.832881
0.911498 0.898940 0.865791 0.847939 0.806440 0.832861
0.910943 0.899500 0.865891 0.848106 0.807366 0.833062
0.911297 0.898833 0.864985 0.847990 0.806170 0.832816
0.910730 0.899670 0.866379 0.848334 0.808403 0.832874
0.911590 0.898327 0.865125 0.847608 0.805305 0.832668
0.909272 0.900506 0.867073 0.848254 0.808927 0.833137
0.911823 0.897758 0.864296 0.847416 0.804119 0.832648
0.909650 0.900438 0.867697 0.848065 0.809287 0.833122
0.911971 0.897542 0.864241 0.847313 0.803837 0.832516
0.908142 0.900555 0.867620 0.848090 0.810182 0.832830
0.911732 0.897219 0.863585 0.847073 0.802724 0.832465
0.909799 0.900298 0.867846 0.847928 0.809671 0.833250
0.911410 0.898508 0.865503 0.847129 0.804561 0.833105
0.908236 0.900040 0.866709 0.848708 0.809424 0.832631
0.911666 0.898578 0.865216 0.847827 0.805417 0.833191
0.912337 0.897364 0.865173 0.846672 0.804353 0.832865
0.906960 0.900587 0.867873 0.848450 0.811295 0.832595
0.911508 0.895314 0.862872 0.847238 0.802484 0.832166
0.910209 0.900095 0.867217 0.848405 0.809486 0.832949
0.911633 0.895317 0.864181 0.847328 0.804081 0.831773
0.908939 0.899697 0.866778 0.847927 0.808360 0.833052
0.910461 0.898411 0.865493 0.847606 0.806182 0.832722
0.910763 0.899663 0.867384 0.847849 0.808550 0.832977
0.912233 0.896278 0.864318 0.846896 0.803747 0.832211
0.909664 0.898515 0.865031 0.848730 0.807719 0.832601
0.910141 0.899440 0.866030 0.848139 0.808081 0.833082
0.911676 0.899018 0.866535 0.846412 0.805455 0.833231
0.911112 0.899747 0.867259 0.847494 0.807418 0.833140
0.911911 0.898182 0.864622 0.847512 0.804307 0.832484
0.910773 0.899456 0.865389 0.848490 0.807816 0.832671
0.911742 0.898737 0.865187 0.847954 0.806609 0.832701
0.911551 0.899223 0.866421 0.847481 0.806889 0.832962
0.910715 0.899299 0.866397 0.847497 0.806823 0.833036
0.911275 0.899251 0.865602 0.848258 0.806392 0.832941
0.911043 0.899876 0.866200 0.848058 0.807620 0.833218
0.912103 0.898239 0.865294 0.847391 0.804832 0.832801
0.908806 0.900256 0.867429 0.848538 0.809754 0.832658
0.911868 0.898299 0.864641 0.847917 0.805115 0.832704
0.911991 0.899369 0.865707 0.848026 0.807176 0.833008
0.911394 0.899425 0.865883 0.848206 0.807195 0.832707
0.911658 0.898841 0.865452 0.847883 0.805112 0.832683
0.909865 0.900576 0.867213 0.848193 0.808978 0.832996
0.912138 0.898189 0.864434 0.846939 0.803807 0.832854
0.909507 0.900800 0.867399 0.848292 0.809991 0.833299
0.911930 0.898087 0.864593 0.847536 0.804125 0.832362
0.909977 0.900634 0.867480 0.848272 0.809156 0.832852
0.912520 0.897185 0.864792 0.847119 0.804426 0.832533
0.909782 0.899794 0.865974 0.848656 0.808781 0.833154
0.911627 0.898770 0.865346 0.848109 0.806133 0.832813
0.911409 0.899693 0.866759 0.847756 0.806914 0.832954
0.911600 0.899397 0.865737 0.848267 0.806582 0.832763
0.911471 0.899075 0.865326 0.848247 0.806529 0.833142
0.910765 0.899864 0.866295 0.848387 0.808142 0.833062
0.911890 0.899075 0.865981 0.847269 0.805146 0.832758
0.910036 0.900658 0.867157 0.848121 0.808632 0.833033
0.912226 0.898324 0.864331 0.847680 0.804288 0.832878
0.909722 0.900810 0.867621 0.848144 0.809718 0.832943
0.912107 0.896346 0.863770 0.846036 0.801381 0.831729
0.906955 0.900455 0.867970 0.847958 0.811306 0.832678
0.911684 0.894720 0.861661 0.845553 0.798331 0.831411
0.904139 0.900136 0.868201 0.848093 0.813111 0.830233
0.911573 0.896300 0.864170 0.847622 0.803200 0.832286
0.912227 0.897306 0.864491 0.847527 0.804664 0.833256
0.906398 0.899887 0.867247 0.848520 0.811476 0.832045
0.911875 0.896974 0.863376 0.846262 0.801771 0.832173
0.910781 0.899193 0.866491 0.846911 0.806101 0.832605
0.910190 0.899731 0.867012 0.848211 0.808161 0.833019
0.911845 0.897211 0.862944 0.847625 0.802638 0.832614
0.909345 0.900026 0.866824 0.848269 0.809494 0.833329
0.911229 0.898148 0.865145 0.847911 0.805304 0.832384
0.910712 0.899157 0.866286 0.847747 0.806995 0.832530
0.910782 0.899409 0.866322 0.848660 0.807995 0.832999
0.912332 0.896477 0.863148 0.846848 0.803090 0.832715
0.909616 0.899342 0.865507 0.848800 0.808266 0.832976
0.911178 0.899496 0.865577 0.848047 0.806212 0.832984
0.911695 0.898284 0.865661 0.845837 0.803335 0.832827
0.908984 0.900778 0.867335 0.847817 0.809809 0.833226
0.911253 0.897886 0.863128 0.846843 0.803967 0.832456
0.910886 0.900138 0.866715 0.847418 0.807474 0.833193
0.911974 0.897210 0.865189 0.847480 0.805088 0.832647
0.910982 0.898981 0.865360 0.848306 0.806659 0.832659
0.910113 0.899694 0.866225 0.847928 0.807726 0.832989
0.911223 0.899168 0.865966 0.847311 0.806075 0.833259
0.910713 0.899667 0.866189 0.847873 0.807713 0.833063
0.911520 0.898177 0.863867 0.848284 0.805643 0.832515
0.910979 0.899274 0.865694 0.848424 0.807771 0.833116
0.910862 0.899567 0.867104 0.847713 0.807583 0.833025
0.910997 0.899497 0.866599 0.848119 0.807402 0.833045
0.911156 0.899276 0.865823 0.848184 0.806807 0.833071
0.911607 0.898962 0.865279 0.847810 0.805758 0.832984
0.911457 0.899207 0.865384 0.848058 0.806751 0.832663
0.911349 0.899133 0.865452 0.848215 0.806594 0.832716
0.911391 0.899203 0.865570 0.848164 0.806314 0.832896
0.911050 0.899600 0.866017 0.847787 0.806290 0.833169
0.911033 0.900076 0.866299 0.847755 0.806599 0.833268
0.910742 0.899850 0.866133 0.848220 0.807390 0.833146
0.911392 0.899065 0.865481 0.848249 0.806279 0.832851
0.911445 0.899949 0.866080 0.847907 0.806633 0.833202
0.911668 0.899095 0.865504 0.847899 0.805995 0.833075
0.910738 0.899845 0.866378 0.848264 0.807869 0.833357
0.911622 0.899221 0.865900 0.847956 0.806323 0.832996
0.911262 0.900171 0.866501 0.848209 0.807498 0.833088
0.912040 0.898549 0.865184 0.847793 0.805039 0.832693
0.910053 0.900153 0.866522 0.848484 0.808955 0.833116
0.912041 0.898585 0.864848 0.847031 0.803729 0.832896
0.908876 0.900524 0.867798 0.848633 0.810794 0.833107
0.912576 0.895096 0.862328 0.846643 0.801261 0.831527
0.906426 0.900483 0.868216 0.848032 0.811557 0.832891
0.911585 0.896020 0.862820 0.846011 0.800165 0.830558
0.906144 0.900138 0.869003 0.847402 0.811853 0.831658
0.911678 0.896266 0.863238 0.846209 0.801330 0.832128
0.910269 0.899633 0.866942 0.847934 0.807873 0.833176
0.910431 0.899760 0.866793 0.847824 0.807652 0.832599
0.912695 0.896773 0.864308 0.847062 0.803861 0.832819
0.907541 0.900532 0.867081 0.848229 0.810418 0.832846
0.911659 0.896033 0.862441 0.847046 0.802199 0.831659
0.911075 0.899855 0.866346 0.848215 0.807164 0.833224
0.909479 0.900431 0.867240 0.847663 0.809700 0.832784
0.911387 0.897405 0.864029 0.847266 0.803713 0.832759
0.909846 0.899878 0.866710 0.849003 0.808817 0.832706
0.911296 0.895966 0.864061 0.846802 0.803326 0.832108
0.910027 0.899262 0.865357 0.847866 0.806894 0.832985
0.909707 0.899025 0.865549 0.847921 0.807466 0.832870
0.911123 0.899032 0.866259 0.847878 0.807346 0.832717
0.911673 0.898558 0.865698 0.847878 0.805939 0.832260
0.911084 0.898266 0.864680 0.848739 0.807032 0.832783
0.911348 0.898118 0.863795 0.848473 0.806925 0.832792
0.911851 0.899401 0.865661 0.847905 0.807232 0.833544
0.911509 0.899684 0.867098 0.847394 0.807184 0.833617
0.910717 0.899839 0.866736 0.847419 0.806948 0.833153
0.910371 0.899902 0.866063 0.847950 0.806892 0.832581
0.911202 0.899592 0.865390 0.848147 0.806626 0.832789
0.911493 0.899072 0.863966 0.847994 0.805802 0.832765
0.910299 0.900005 0.865991 0.848346 0.808013 0.832941
0.910974 0.899805 0.865750 0.847797 0.806091 0.832989
0.910941 0.900273 0.866521 0.847759 0.806873 0.833194
0.911466 0.900268 0.865781 0.848038 0.806838 0.833180
0.911403 0.899602 0.865510 0.848014 0.806592 0.833171
0.910639 0.900078 0.866025 0.848304 0.807397 0.833082
0.911625 0.899408 0.865719 0.847909 0.806071 0.832990
0.911437 0.899373 0.865595 0.848344 0.806617 0.833110
0.911339 0.899300 0.865441 0.848301 0.806571 0.833032
0.911063 0.900038 0.865991 0.848396 0.807016 0.833036
0.910864 0.900366 0.866580 0.847767 0.806427 0.833059
0.910451 0.900415 0.866570 0.848110 0.807477 0.833212
0.911371 0.899377 0.865366 0.848181 0.805960 0.833146
0.910975 0.900242 0.865954 0.848481 0.807805 0.832964
0.912106 0.898982 0.865257 0.847957 0.805073 0.832655
0.909939 0.900508 0.866450 0.848512 0.808714 0.833089
0.912007 0.898705 0.864880 0.847750 0.804679 0.832464
0.910161 0.900473 0.867334 0.848174 0.808985 0.833234
0.912077 0.898764 0.865017 0.847023 0.803522 0.831900
0.908512 0.900597 0.867293 0.848427 0.809963 0.832851
0.911991 0.898317 0.864663 0.847716 0.805038 0.832929
0.911402 0.900195 0.866453 0.848285 0.808096 0.833379
0.911667 0.899723 0.865845 0.848049 0.806595 0.833083
0.911341 0.899210 0.865470 0.848233 0.806279 0.832801
0.910357 0.900649 0.866835 0.848340 0.808415 0.833329
0.912279 0.898682 0.864796 0.846594 0.803442 0.831995
0.908141 0.900699 0.867100 0.848601 0.810384 0.832767
0.911951 0.897566 0.864144 0.847743 0.804290 0.832507
0.911027 0.900497 0.867081 0.847882 0.807851 0.833385
0.911627 0.899841 0.865867 0.848170 0.806742 0.832691
0.911769 0.899590 0.865245 0.847836 0.805722 0.833172
0.909810 0.900448 0.866967 0.848179 0.808770 0.833279
0.911817 0.899082 0.864815 0.847011 0.803668 0.832397
0.909268 0.900914 0.867140 0.848589 0.810063 0.833107
0.911930 0.897397 0.863471 0.847862 0.803861 0.831823
0.910191 0.900714 0.867023 0.848686 0.809863 0.833148
0.912414 0.898372 0.865368 0.847444 0.805192 0.832180
0.912251 0.899484 0.865597 0.847619 0.805475 0.832432
0.911771 0.900077 0.865920 0.847774 0.806262 0.833316
0.911188 0.900205 0.866277 0.848039 0.807294 0.833173
0.910552 0.900261 0.866406 0.848411 0.807960 0.833180
0.910417 0.900249 0.866245 0.848493 0.808058 0.833191
0.910568 0.900228 0.866025 0.848532 0.807862 0.833200
0.910871 0.900036 0.865880 0.848531 0.807475 0.833240
0.911172 0.899767 0.865721 0.848408 0.807002 0.833185
0.911544 0.899556 0.865598 0.848389 0.806371 0.833205
0.911789 0.899582 0.865491 0.848262 0.806026 0.833178
0.911904 0.899651 0.865430 0.848162 0.805771 0.833196
0.911973 0.899719 0.865475 0.848157 0.806037 0.833126
0.911781 0.899988 0.865575 0.848203 0.806391 0.833141
0.911541 0.900254 0.865818 0.848260 0.806704 0.833066
0.911428 0.900405 0.865933 0.848533 0.807288 0.833110
0.911343 0.900368 0.866014 0.848420 0.807209 0.833132
0.911248 0.900183 0.865988 0.848372 0.806896 0.833179
0.911255 0.900137 0.865976 0.848225 0.806741 0.833187
0.911230 0.900155 0.865919 0.848148 0.806637 0.833219
0.911197 0.900181 0.865924 0.848176 0.806577 0.833250
0.911234 0.900303 0.865959 0.848158 0.806705 0.833270
0.911240 0.900335 0.865996 0.848251 0.806790 0.833212
0.911240 0.900433 0.866116 0.848247 0.806999 0.833097
0.911214 0.900493 0.866036 0.848279 0.807081 0.833104
0.911337 0.900481 0.865962 0.848302 0.807096 0.833125
0.911395 0.900441 0.865972 0.848314 0.807035 0.833081
0.911467 0.900287 0.865898 0.848370 0.806863 0.833148
0.911528 0.900082 0.865864 0.848316 0.806454 0.833110
0.911539 0.899959 0.865866 0.848312 0.806272 0.833122
0.911556 0.900101 0.865906 0.848325 0.806423 0.833064
0.911537 0.900191 0.865948 0.848299 0.806532 0.833055
0.911511 0.900214 0.866003 0.848352 0.806654 0.833087
0.911454 0.900234 0.865953 0.848372 0.806737 0.833097
0.911412 0.900302 0.866019 0.848352 0.806812 0.833097
0.911391 0.900326 0.866023 0.848346 0.806917 0.833075
0.911415 0.900340 0.866012 0.848288 0.806949 0.833078
0.911451 0.900379 0.865985 0.848289 0.806842 0.833093
0.911504 0.900375 0.865967 0.848273 0.806754 0.833115
0.911477 0.900328 0.866000 0.848300 0.806722 0.833151
0.911475 0.900265 0.865975 0.848299 0.806748 0.833156
0.911438 0.900257 0.865949 0.848283 0.806763 0.833179
0.911427 0.900228 0.866001 0.848323 0.806795 0.833148
0.911430 0.900234 0.865999 0.848359 0.806807 0.833108
0.911445 0.900223 0.866004 0.848346 0.806818 0.833096
0.911446 0.900218 0.866031 0.848333 0.806802 0.833068
0.911479 0.900225 0.866008 0.848334 0.806809 0.833120
0.911481 0.900225 0.866008 0.848342 0.806761 0.833110
0.911462 0.900256 0.865998 0.848326 0.806787 0.833080
0.911449 0.900246 0.866008 0.848339 0.806824 0.833076
0.911432 0.900275 0.866037 0.848363 0.806882 0.833131
0.911442 0.900302 0.866028 0.848346 0.806982 0.833133
0.911423 0.900251 0.866037 0.848331 0.806966 0.833147
0.911435 0.900244 0.865994 0.848328 0.806943 0.833134
0.911453 0.900251 0.865989 0.848310 0.806903 0.833143
0.911442 0.900244 0.866003 0.848328 0.806877 0.833126
0.911462 0.900235 0.865994 0.848373 0.806844 0.833143
0.911433 0.900238 0.866009 0.848353 0.806832 0.833076
0.911440 0.900215 0.866022 0.848356 0.806889 0.833045
0.911447 0.900250 0.866026 0.848345 0.806953 0.833027
0.911457 0.900267 0.866013 0.848351 0.806950 0.833028
0.911459 0.900278 0.865999 0.848343 0.806947 0.833044
0.911443 0.900285 0.866007 0.848358 0.806955 0.833053
0.911442 0.900282 0.866022 0.848342 0.806951 0.833064
0.911434 0.900260 0.866005 0.848352 0.806909 0.833073
0.911433 0.900253 0.866021 0.848332 0.806895 0.833075
0.911432 0.900242 0.866028 0.848333 0.806898 0.833075
0.911436 0.900256 0.866008 0.848364 0.806901 0.833072
0.911438 0.900270 0.866019 0.848342 0.806898 0.833034
0.911434 0.900285 0.866020 0.848313 0.806918 0.833044
0.911408 0.900301 0.866011 0.848301 0.806949 0.833025
0.911418 0.900299 0.866004 0.848318 0.806925 0.833038
0.911424 0.900298 0.866002 0.848318 0.806931 0.833038
0.911432 0.900299 0.866018 0.848315 0.806911 0.833031
0.911431 0.900284 0.866014 0.848324 0.806885 0.833017
0.911437 0.900282 0.866004 0.848335 0.806874 0.833018
0.911434 0.900278 0.866003 0.848343 0.806879 0.833047
0.911431 0.900275 0.866007 0.848337 0.806891 0.833058
0.911426 0.900273 0.866000 0.848338 0.806877 0.833050
0.911437 0.900287 0.865985 0.848334 0.806871 0.833038
0.911438 0.900304 0.866016 0.848335 0.806894 0.833047
0.911434 0.900294 0.866012 0.848303 0.806906 0.833043
0.911433 0.900302 0.865999 0.848313 0.806897 0.833043
0.911433 0.900313 0.865999 0.848313 0.806868 0.833045
0.911426 0.900312 0.865982 0.848322 0.806866 0.833045
0.911429 0.900288 0.865982 0.848320 0.806889 0.833061
0.911435 0.900291 0.866001 0.848316 0.806879 0.833059
0.911435 0.900298 0.866006 0.848334 0.806883 0.833016
0.911444 0.900278 0.866010 0.848336 0.806866 0.833034
0.911447 0.900275 0.866010 0.848345 0.806857 0.833017
0.911451 0.900291 0.866002 0.848330 0.806854 0.833004
0.911446 0.900284 0.865994 0.848325 0.806850 0.832991
0.911456 0.900284 0.865998 0.848315 0.806860 0.832979
0.911459 0.900279 0.866002 0.848320 0.806854 0.832965
0.911442 0.900270 0.866014 0.848320 0.806848 0.832987
0.911456 0.900270 0.866010 0.848331 0.806849 0.832991
0.911487 0.900274 0.866010 0.848330 0.806847 0.832945
0.911509 0.900263 0.866019 0.848336 0.806830 0.832873
0.911499 0.900276 0.866015 0.848336 0.806831 0.832869
0.911499 0.900280 0.866015 0.848336 0.806839 0.832860
0.911489 0.900264 0.866015 0.848341 0.806855 0.832868
0.911496 0.900271 0.866015 0.848341 0.806859 0.832894
0.911512 0.900289 0.866014 0.848335 0.806862 0.832892
0.911518 0.900281 0.866009 0.848330 0.806860 0.832889
0.911515 0.900281 0.866013 0.848333 0.806847 0.832887
0.911512 0.900277 0.866017 0.848329 0.806845 0.832874
0.911512 0.900273 0.866018 0.848334 0.806856 0.832888
0.911519 0.900277 0.866015 0.848330 0.806852 0.832888
0.911523 0.900285 0.866020 0.848325 0.806856 0.832877
0.911521 0.900286 0.866020 0.848326 0.806858 0.832863
0.911538 0.900275 0.866012 0.848332 0.806869 0.832866
0.911535 0.900284 0.866017 0.848342 0.806889 0.832861
0.911545 0.900284 0.866021 0.848337 0.806885 0.832858
0.911555 0.900303 0.866030 0.848337 0.806893 0.832862
0.911575 0.900307 0.866033 0.848336 0.806874 0.832866
0.911569 0.900319 0.866030 0.848341 0.806873 0.832863
0.911568 0.900319 0.866030 0.848336 0.806877 0.832846
0.911564 0.900302 0.866025 0.848345 0.806855 0.832849
0.911574 0.900305 0.866030 0.848335 0.806859 0.832835
0.911577 0.900309 0.866030 0.848345 0.806863 0.832822
0.911573 0.900310 0.866030 0.848345 0.806859 0.832842
0.911564 0.900318 0.866025 0.848345 0.806859 0.832846
0.911568 0.900318 0.866029 0.848345 0.806871 0.832847
0.911568 0.900322 0.866042 0.848352 0.806871 0.832835
0.911561 0.900330 0.866042 0.848346 0.806864 0.832807
0.911561 0.900326 0.866042 0.848342 0.806861 0.832811
0.911562 0.900324 0.866046 0.848338 0.806882 0.832832
0.911559 0.900332 0.866051 0.848328 0.806879 0.832838
0.911555 0.900332 0.866051 0.848324 0.806882 0.832837
0.911554 0.900332 0.866051 0.848335 0.806883 0.832823
0.911553 0.900324 0.866051 0.848335 0.806883 0.832800
0.911543 0.900327 0.866055 0.848335 0.806886 0.832813
0.911550 0.900331 0.866051 0.848351 0.806888 0.832809
0.911537 0.900327 0.866051 0.848362 0.806885 0.832815
0.911540 0.900323 0.866048 0.848367 0.806893 0.832810
0.911547 0.900323 0.866043 0.848367 0.806900 0.832808
0.911563 0.900323 0.866043 0.848360 0.806903 0.832794
0.911566 0.900318 0.866044 0.848365 0.806903 0.832798
0.911569 0.900318 0.866040 0.848365 0.806899 0.832794
0.911569 0.900318 0.866048 0.848365 0.806895 0.832805
0.911569 0.900318 0.866047 0.848360 0.806889 0.832807
0.911559 0.900314 0.866043 0.848366 0.806888 0.832797
0.911565 0.900314 0.866048 0.848366 0.806882 0.832788
0.911552 0.900331 0.866053 0.848371 0.806882 0.832789
0.911565 0.900324 0.866044 0.848382 0.806871 0.832784
0.911572 0.900331 0.866049 0.848382 0.806879 0.832787
0.911561 0.900331 0.866045 0.848382 0.806890 0.832792
0.911574 0.900323 0.866045 0.848382 0.806883 0.832784
0.911578 0.900331 0.866053 0.848388 0.806887 0.832779
0.911574 0.900331 0.866053 0.848388 0.806891 0.832773
0.911584 0.900323 0.866057 0.848388 0.806891 0.832760
0.911584 0.900323 0.866058 0.848379 0.806881 0.832757
0.911587 0.900327 0.866065 0.848379 0.806882 0.832757
0.911587 0.900327 0.866061 0.848379 0.806881 0.832754
0.911596 0.900327 0.866064 0.848379 0.806885 0.832749
0.911596 0.900327 0.866060 0.848379 0.806885 0.832739
0.911599 0.900323 0.866056 0.848378 0.806885 0.832729
0.911599 0.900319 0.866051 0.848378 0.806874 0.832731
0.911582 0.900319 0.866052 0.848383 0.806876 0.832731
0.911576 0.900319 0.866056 0.848384 0.806880 0.832735
0.911566 0.900315 0.866056 0.848384 0.806885 0.832736
0.911572 0.900315 0.866056 0.848384 0.806886 0.832713
0.911576 0.900307 0.866051 0.848384 0.806882 0.832691
0.911576 0.900307 0.866051 0.848379 0.806867 0.832690
0.911569 0.900299 0.866051 0.848384 0.806863 0.832702
0.911571 0.900299 0.866046 0.848384 0.806858 0.832658
0.911568 0.900299 0.866042 0.848384 0.806862 0.832653
0.911565 0.900315 0.866042 0.848374 0.806847 0.832648
0.911557 0.900309 0.866054 0.848373 0.806844 0.832646
0.911558 0.900290 0.866042 0.848378 0.806847 0.832641
0.911561 0.900294 0.866038 0.848379 0.806847 0.832640
0.911554 0.900293 0.866038 0.848379 0.806863 0.832634
0.911550 0.900304 0.866035 0.848368 0.806866 0.832626
0.911556 0.900301 0.866026 0.848378 0.806860 0.832633
0.911541 0.900297 0.866038 0.848368 0.806848 0.832610
0.911534 0.900290 0.866033 0.848373 0.806845 0.832595
0.911537 0.900282 0.866029 0.848384 0.806841 0.832599
0.911537 0.900289 0.866020 0.848394 0.806851 0.832597
0.911533 0.900296 0.866028 0.848377 0.806849 0.832598
0.911542 0.900296 0.866036 0.848381 0.806845 0.832615
0.911545 0.900285 0.866037 0.848376 0.806842 0.832599
0.911546 0.900289 0.866028 0.848377 0.806839 0.832588
0.911537 0.900281 0.866024 0.848368 0.806841 0.832584
0.911547 0.900286 0.866020 0.848379 0.806841 0.832581
0.911540 0.900290 0.866011 0.848385 0.806841 0.832574
0.911546 0.900286 0.866018 0.848385 0.806845 0.832562
0.911545 0.900289 0.866023 0.848389 0.806849 0.832566
0.911552 0.900289 0.866019 0.848393 0.806848 0.832557
0.911536 0.900289 0.866023 0.848393 0.806849 0.832570
0.911542 0.900294 0.866023 0.848399 0.806840 0.832573
0.911546 0.900285 0.866023 0.848418 0.806833 0.832581
0.911535 0.900289 0.866016 0.848409 0.806826 0.832573
0.911532 0.900288 0.866015 0.848409 0.806826 0.832581
0.911538 0.900277 0.866011 0.848414 0.806823 0.832588
0.911537 0.900289 0.866002 0.848413 0.806827 0.832586
0.911537 0.900290 0.866018 0.848428 0.806840 0.832571
0.911534 0.900302 0.866013 0.848419 0.806837 0.832573
0.911530 0.900291 0.866010 0.848431 0.806854 0.832574
0.911527 0.900288 0.866023 0.848439 0.806855 0.832573
0.911530 0.900284 0.866018 0.848433 0.806855 0.832592
0.911530 0.900295 0.866018 0.848434 0.806856 0.832584
0.911527 0.900315 0.866018 0.848440 0.806846 0.832560
0.911527 0.900316 0.866022 0.848456 0.806852 0.832560
0.911534 0.900309 0.866026 0.848455 0.806857 0.832574
0.911527 0.900305 0.866017 0.848460 0.806853 0.832581
0.911534 0.900301 0.866018 0.848471 0.806857 0.832586
0.911524 0.900305 0.866018 0.848461 0.806851 0.832589
0.911523 0.900314 0.866010 0.848464 0.806847 0.832593
0.911523 0.900303 0.866013 0.848464 0.806835 0.832592
0.911530 0.900311 0.866020 0.848464 0.806829 0.832599
0.911526 0.900301 0.866008 0.848479 0.806822 0.832594
0.911516 0.900309 0.866009 0.848479 0.806821 0.832585
0.911510 0.900306 0.866013 0.848490 0.806822 0.832577
0.911523 0.900316 0.866018 0.848486 0.806829 0.832582
0.911516 0.900316 0.866009 0.848486 0.806832 0.832574
0.911526 0.900316 0.866008 0.848496 0.806839 0.832563
0.911519 0.900311 0.866008 0.848486 0.806843 0.832572
0.911529 0.900319 0.866004 0.848476 0.806821 0.832573
0.911528 0.900320 0.866008 0.848486 0.806825 0.832553
0.911540 0.900325 0.866007 0.848485 0.806825 0.832547
0.911544 0.900329 0.866007 0.848490 0.806814 0.832551
0.911530 0.900326 0.866007 0.848500 0.806811 0.832567
0.911533 0.900316 0.866003 0.848500 0.806823 0.832560
0.911536 0.900286 0.865998 0.848522 0.806830 0.832563
0.911532 0.900287 0.866006 0.848512 0.806831 0.832546
0.911532 0.900279 0.866006 0.848502 0.806824 0.832551
0.911532 0.900279 0.866010 0.848497 0.806824 0.832554
0.911540 0.900287 0.866011 0.848502 0.806828 0.832571
0.911533 0.900284 0.866000 0.848512 0.806824 0.832572
0.911533 0.900309 0.866007 0.848502 0.806832 0.832560
0.911516 0.900309 0.866011 0.848497 0.806824 0.832551
0.911522 0.900305 0.866015 0.848503 0.806824 0.832562
0.911538 0.900300 0.866015 0.848508 0.806806 0.832527
0.911550 0.900300 0.866013 0.848517 0.806798 0.832514
0.911549 0.900307 0.866016 0.848522 0.806796 0.832525
0.911566 0.900313 0.866016 0.848536 0.806792 0.832547
0.911549 0.900310 0.866016 0.848546 0.806785 0.832542
0.911545 0.900307 0.866029 0.848536 0.806780 0.832531
0.911542 0.900319 0.866029 0.848526 0.806786 0.832528
0.911543 0.900318 0.866021 0.848532 0.806796 0.832533
0.911542 0.900327 0.866025 0.848526 0.806787 0.832519
0.911535 0.900328 0.866028 0.848526 0.806786 0.832512
0.911532 0.900332 0.866024 0.848510 0.806789 0.832498
0.911535 0.900323 0.866028 0.848517 0.806802 0.832497
0.911539 0.900319 0.866036 0.848517 0.806795 0.832505
0.911532 0.900315 0.866036 0.848521 0.806804 0.832496
0.911542 0.900312 0.866030 0.848512 0.806795 0.832497
0.911541 0.900305 0.866027 0.848512 0.806803 0.832497
0.911539 0.900315 0.866032 0.848522 0.806801 0.832502
0.911536 0.900307 0.866020 0.848538 0.806818 0.832495
0.911543 0.900307 0.866025 0.848537 0.806813 0.832498
0.911538 0.900315 0.866020 0.848532 0.806820 0.832486
0.911539 0.900314 0.866025 0.848532 0.806832 0.832477
0.911539 0.900313 0.866032 0.848521 0.806836 0.832474
0.911536 0.900322 0.866032 0.848525 0.806830 0.832472
0.911545 0.900319 0.866032 0.848540 0.806821 0.832484
0.911532 0.900314 0.866032 0.848531 0.806822 0.832479
0.911539 0.900317 0.866040 0.848539 0.806817 0.832471
0.911538 0.900310 0.866032 0.848545 0.806812 0.832474
0.911545 0.900323 0.866032 0.848540 0.806804 0.832478
0.911541 0.900322 0.866023 0.848546 0.806807 0.832471
0.911532 0.900310 0.866031 0.848557 0.806817 0.832459
0.911525 0.900314 0.866031 0.848552 0.806817 0.832450
0.911518 0.900315 0.866035 0.848547 0.806821 0.832446
0.911533 0.900319 0.866036 0.848542 0.806816 0.832450
0.911540 0.900323 0.866040 0.848543 0.806810 0.832454
0.911536 0.900323 0.866033 0.848538 0.806804 0.832455
0.911544 0.900315 0.866029 0.848549 0.806806 0.832455
0.911537 0.900315 0.866033 0.848539 0.806800 0.832450
0.911546 0.900318 0.866040 0.848533 0.806805 0.832440
0.911546 0.900321 0.866040 0.848533 0.806799 0.832440
0.911543 0.900335 0.866032 0.848548 0.806796 0.832435
0.911535 0.900335 0.866032 0.848553 0.806805 0.832433
0.911552 0.900327 0.866027 0.848547 0.806794 0.832423
0.911552 0.900327 0.866036 0.848538 0.806798 0.832432
0.911553 0.900342 0.866028 0.848550 0.806804 0.832446
0.911550 0.900345 0.866025 0.848554 0.806805 0.832450
0.911552 0.900353 0.866033 0.848549 0.806799 0.832440
0.911562 0.900345 0.866036 0.848533 0.806792 0.832434
0.911563 0.900331 0.866040 0.848543 0.806799 0.832429
0.911561 0.900323 0.866032 0.848539 0.806809 0.832439
0.911560 0.900339 0.866032 0.848539 0.806809 0.832443
0.911574 0.900336 0.866028 0.848523 0.806801 0.832433
0.911567 0.900344 0.866032 0.848532 0.806799 0.832433
0.911560 0.900331 0.866023 0.848538 0.806802 0.832438
0.911557 0.900326 0.866023 0.848533 0.806810 0.832443
0.911563 0.900339 0.866031 0.848529 0.806808 0.832437
0.911580 0.900344 0.866027 0.848533 0.806792 0.832425
0.911571 0.900344 0.866019 0.848533 0.806822 0.832426
0.911568 0.900339 0.866027 0.848539 0.806831 0.832436
0.911584 0.900335 0.866023 0.848549 0.806826 0.832426
0.911577 0.900348 0.866018 0.848538 0.806817 0.832416
0.911588 0.900315 0.866018 0.848538 0.806820 0.832435
0.911592 0.900309 0.866014 0.848543 0.806830 0.832435
0.911575 0.900313 0.866018 0.848543 0.806849 0.832416
0.911585 0.900315 0.866018 0.848543 0.806844 0.832431
0.911567 0.900344 0.866015 0.848529 0.806839 0.832416
0.911565 0.900332 0.866015 0.848533 0.806841 0.832422
0.911562 0.900323 0.866015 0.848544 0.806840 0.832440
0.911565 0.900323 0.866011 0.848539 0.806843 0.832430
0.911585 0.900344 0.866015 0.848552 0.806853 0.832415
0.911584 0.900331 0.866010 0.848551 0.806851 0.832419
0.911578 0.900326 0.866018 0.848540 0.806856 0.832406
0.911572 0.900319 0.866015 0.848536 0.806852 0.832408
0.911572 0.900331 0.866020 0.848537 0.806852 0.832413
0.911575 0.900356 0.866020 0.848543 0.806853 0.832404
0.911585 0.900356 0.866021 0.848543 0.806865 0.832400
0.911578 0.900351 0.866025 0.848546 0.806865 0.832399
0.911588 0.900339 0.866020 0.848551 0.806856 0.832403
0.911588 0.900338 0.866019 0.848541 0.806850 0.832416
0.911588 0.900338 0.866027 0.848535 0.806857 0.832407
0.911578 0.900326 0.866020 0.848551 0.806865 0.832408
0.911588 0.900342 0.866028 0.848537 0.806866 0.832400
0.911585 0.900351 0.866025 0.848537 0.806870 0.832409
0.911589 0.900372 0.866025 0.848541 0.806863 0.832408
0.911596 0.900364 0.866025 0.848550 0.806854 0.832399
0.911602 0.900356 0.866025 0.848550 0.806853 0.832403
0.911585 0.900365 0.866021 0.848550 0.806869 0.832389
0.911585 0.900374 0.866030 0.848549 0.806862 0.832390
0.911585 0.900382 0.866022 0.848546 0.806854 0.832395
0.911585 0.900382 0.866026 0.848540 0.806842 0.832398
0.911575 0.900398 0.866026 0.848560 0.806858 0.832389
0.911575 0.900390 0.866031 0.848565 0.806866 0.832394
0.911596 0.900373 0.866027 0.848565 0.806854 0.832395
0.911597 0.900374 0.866027 0.848561 0.806863 0.832392
0.911597 0.900374 0.866027 0.848552 0.806867 0.832388
0.911597 0.900371 0.866018 0.848547 0.806843 0.832388
0.911595 0.900375 0.866021 0.848552 0.806842 0.832384
0.911589 0.900371 0.866021 0.848551 0.806843 0.832388
0.911583 0.900376 0.866017 0.848552 0.806852 0.832384
0.911593 0.900369 0.866017 0.848552 0.806852 0.832376
0.911608 0.900381 0.866017 0.848557 0.806845 0.832383
0.911617 0.900376 0.866024 0.848552 0.806842 0.832395
0.911604 0.900380 0.866025 0.848535 0.806843 0.832392
0.911593 0.900374 0.866021 0.848540 0.806839 0.832375
0.911606 0.900375 0.866014 0.848537 0.806859 0.832378
0.911593 0.900375 0.866022 0.848533 0.806872 0.832368
0.911597 0.900378 0.866023 0.848529 0.806873 0.832376
0.911596 0.900372 0.866022 0.848536 0.806865 0.832383
0.911598 0.900376 0.866012 0.848529 0.806852 0.832378
0.911591 0.900369 0.866003 0.848529 0.806843 0.832368
0.911589 0.900373 0.866004 0.848530 0.806856 0.832383
0.911594 0.900361 0.866010 0.848526 0.806873 0.832375
0.911587 0.900378 0.866018 0.848527 0.806877 0.832367
0.911597 0.900378 0.866001 0.848526 0.806864 0.832384
0.911584 0.900376 0.865997 0.848525 0.806865 0.832366
0.911580 0.900376 0.865997 0.848531 0.806865 0.832361
0.911590 0.900362 0.865992 0.848531 0.806865 0.832357
0.911587 0.900362 0.865987 0.848517 0.806861 0.832357
0.911586 0.900362 0.865992 0.848521 0.806857 0.832357
0.911589 0.900358 0.865997 0.848517 0.806856 0.832351
0.911583 0.900364 0.865993 0.848517 0.806854 0.832340
0.911576 0.900373 0.865993 0.848518 0.806863 0.832340
0.911573 0.900368 0.865997 0.848513 0.806861 0.832343
0.911574 0.900374 0.866001 0.848507 0.806866 0.832323
0.911570 0.900386 0.865997 0.848531 0.806854 0.832330
0.911576 0.900379 0.866001 0.848521 0.806860 0.832318
0.911563 0.900376 0.865997 0.848517 0.806880 0.832316
0.911564 0.900383 0.866006 0.848522 0.806879 0.832327
0.911561 0.900379 0.866006 0.848528 0.806876 0.832327
0.911561 0.900391 0.866006 0.848531 0.806870 0.832315
0.911574 0.900370 0.866002 0.848535 0.806866 0.832319
0.911567 0.900374 0.865998 0.848537 0.806869 0.832313
0.911571 0.900362 0.865994 0.848533 0.806848 0.832306
0.911568 0.900367 0.866000 0.848538 0.806852 0.832314
0.911585 0.900375 0.866000 0.848539 0.806848 0.832327
0.911602 0.900374 0.865988 0.848534 0.806848 0.832323
0.911595 0.900381 0.865987 0.848529 0.806844 0.832330
0.911581 0.900374 0.865999 0.848543 0.806852 0.832336
0.911581 0.900371 0.866007 0.848552 0.806860 0.832331
0.911578 0.900371 0.866004 0.848547 0.806853 0.832332
0.911578 0.900379 0.866008 0.848546 0.806847 0.832320
0.911576 0.900383 0.866008 0.848541 0.806845 0.832313
0.911585 0.900375 0.866004 0.848547 0.806843 0.832324
0.911585 0.900371 0.866004 0.848543 0.806843 0.832324
0.911592 0.900371 0.865989 0.848549 0.806842 0.832333
0.911583 0.900378 0.866006 0.848544 0.806840 0.832330
0.911584 0.900387 0.866018 0.848550 0.806842 0.832325
0.911577 0.900381 0.866017 0.848555 0.806842 0.832323
0.911584 0.900387 0.866009 0.848554 0.806840 0.832327
0.911584 0.900386 0.866001 0.848572 0.806847 0.832334
0.911584 0.900399 0.866005 0.848572 0.806841 0.832338
0.911578 0.900401 0.866005 0.848575 0.806850 0.832330
0.911590 0.900399 0.866007 0.848571 0.806844 0.832336
0.911598 0.900403 0.866012 0.848582 0.806844 0.832328
0.911598 0.900396 0.866020 0.848570 0.806841 0.832324
0.911598 0.900392 0.866020 0.848585 0.806844 0.832319
0.911595 0.900399 0.866015 0.848580 0.806844 0.832326
0.911595 0.900403 0.866020 0.848571 0.806846 0.832323
0.911606 0.900396 0.866016 0.848597 0.806865 0.832333
0.911607 0.900401 0.866008 0.848583 0.806861 0.832336
0.911601 0.900397 0.866013 0.848569 0.806861 0.832328
0.911595 0.900401 0.866017 0.848569 0.806862 0.832333
0.911598 0.900401 0.866021 0.848567 0.806866 0.832328
0.911598 0.900401 0.866017 0.848576 0.806863 0.832327
0.911598 0.900392 0.866013 0.848576 0.806860 0.832332
0.911599 0.900388 0.866025 0.848566 0.806859 0.832329
0.911599 0.900391 0.866025 0.848561 0.806868 0.832322
0.911613 0.900387 0.866025 0.848555 0.806880 0.832326
0.911613 0.900380 0.866017 0.848567 0.806882 0.832336
0.911610 0.900401 0.866013 0.848568 0.806890 0.832336
0.911600 0.900396 0.866019 0.848578 0.806898 0.832316
0.911614 0.900400 0.866014 0.848573 0.806893 0.832323
0.911613 0.900416 0.866010 0.848576 0.806901 0.832323
0.911610 0.900416 0.866018 0.848580 0.806902 0.832323
0.911597 0.900428 0.866023 0.848571 0.806906 0.832329
0.911595 0.900430 0.866028 0.848577 0.806906 0.832329
0.911595 0.900426 0.866024 0.848578 0.806910 0.832330
0.911613 0.900433 0.866016 0.848578 0.806926 0.832350
0.911606 0.900436 0.866020 0.848577 0.806907 0.832346
0.911596 0.900429 0.866024 0.848577 0.806904 0.832350
0.911617 0.900443 0.866028 0.848582 0.806908 0.832350
0.911620 0.900451 0.866024 0.848582 0.806912 0.832349
0.911617 0.900452 0.866028 0.848581 0.806915 0.832349
0.911614 0.900452 0.866020 0.848576 0.806911 0.832354
0.911611 0.900452 0.866021 0.848583 0.806912 0.832347
0.911615 0.900438 0.866029 0.848593 0.806919 0.832363
0.911621 0.900445 0.866021 0.848587 0.806929 0.832366
0.911621 0.900435 0.866034 0.848590 0.806929 0.832373
0.911611 0.900439 0.866026 0.848596 0.806930 0.832368
0.911612 0.900453 0.866022 0.848597 0.806925 0.832374
0.911616 0.900465 0.866025 0.848597 0.806930 0.832358
0.911626 0.900444 0.866026 0.848592 0.806926 0.832348
0.911629 0.900437 0.866026 0.848568 0.806921 0.832372
0.911623 0.900437 0.866026 0.848568 0.806927 0.832377
0.911639 0.900433 0.866018 0.848587 0.806912 0.832360
0.911650 0.900431 0.866015 0.848587 0.806921 0.832371
0.911646 0.900467 0.866023 0.848587 0.806934 0.832378
0.911650 0.900455 0.866027 0.848580 0.806936 0.832377
0.911646 0.900438 0.866019 0.848565 0.806930 0.832369
0.911642 0.900451 0.866031 0.848574 0.806941 0.832385
0.911648 0.900463 0.866035 0.848575 0.806937 0.832384
0.911656 0.900435 0.866032 0.848565 0.806908 0.832371
0.911646 0.900422 0.866032 0.848544 0.806916 0.832357
0.911654 0.900451 0.866033 0.848543 0.806933 0.832371
0.911650 0.900456 0.866037 0.848549 0.806940 0.832362
0.911661 0.900463 0.866021 0.848567 0.806933 0.832376
0.911652 0.900440 0.866018 0.848546 0.806918 0.832377
0.911658 0.900463 0.866017 0.848515 0.806933 0.832362
0.911662 0.900449 0.866018 0.848519 0.806933 0.832357
0.911645 0.900464 0.866018 0.848536 0.806941 0.832368
0.911652 0.900457 0.866018 0.848540 0.806935 0.832355
0.911654 0.900442 0.866017 0.848540 0.806941 0.832368
0.911654 0.900456 0.866009 0.848540 0.806960 0.832358
0.911645 0.900460 0.866018 0.848540 0.806975 0.832359
0.911639 0.900452 0.866009 0.848551 0.806959 0.832343
0.911651 0.900453 0.866004 0.848541 0.806956 0.832346
0.911658 0.900456 0.866000 0.848535 0.806957 0.832353
0.911652 0.900455 0.866005 0.848529 0.806965 0.832358
0.911662 0.900452 0.866009 0.848536 0.806976 0.832347
0.911663 0.900446 0.866014 0.848526 0.806956 0.832335
0.911660 0.900446 0.866010 0.848521 0.806960 0.832326
0.911659 0.900449 0.866006 0.848536 0.806963 0.832330
0.911658 0.900442 0.866005 0.848533 0.806958 0.832328
0.911668 0.900442 0.866009 0.848543 0.806964 0.832336
0.911662 0.900434 0.866001 0.848544 0.806955 0.832327
0.911646 0.900443 0.866014 0.848521 0.806953 0.832324
0.911645 0.900443 0.866023 0.848523 0.806953 0.832338
0.911659 0.900435 0.866018 0.848533 0.806971 0.832350
0.911665 0.900443 0.866018 0.848548 0.806972 0.832342
0.911657 0.900436 0.866014 0.848544 0.806960 0.832332
0.911658 0.900440 0.866019 0.848539 0.806953 0.832335
0.911651 0.900452 0.866027 0.848540 0.806961 0.832328
0.911645 0.900465 0.866028 0.848529 0.806962 0.832333
0.911662 0.900465 0.866028 0.848538 0.806967 0.832342
0.911668 0.900461 0.866028 0.848534 0.806967 0.832340
0.911665 0.900486 0.866028 0.848529 0.806974 0.832335
0.911652 0.900495 0.866024 0.848530 0.806974 0.832328
0.911654 0.900507 0.866031 0.848530 0.806977 0.832325
0.911665 0.900502 0.866031 0.848534 0.806991 0.832320
0.911661 0.900503 0.866031 0.848539 0.806991 0.832329
0.911665 0.900504 0.866041 0.848535 0.806974 0.832333
0.911669 0.900494 0.866042 0.848542 0.806982 0.832326
0.911666 0.900502 0.866042 0.848542 0.806971 0.832323
0.911662 0.900501 0.866049 0.848541 0.806978 0.832326
0.911665 0.900517 0.866031 0.848539 0.806988 0.832345
0.911662 0.900517 0.866027 0.848533 0.806980 0.832350
0.911655 0.900496 0.866033 0.848529 0.806981 0.832333
0.911662 0.900505 0.866037 0.848535 0.806976 0.832321
0.911665 0.900507 0.866041 0.848523 0.806972 0.832333
0.911678 0.900506 0.866040 0.848527 0.806972 0.832331
0.911671 0.900514 0.866045 0.848532 0.806969 0.832335
0.911675 0.900489 0.866049 0.848523 0.806970 0.832331
0.911678 0.900502 0.866054 0.848531 0.806973 0.832328
0.911678 0.900497 0.866054 0.848521 0.806983 0.832328
0.911677 0.900494 0.866031 0.848502 0.806984 0.832326
0.911674 0.900492 0.866031 0.848501 0.806994 0.832328
0.911685 0.900506 0.866028 0.848501 0.806988 0.832321
0.911675 0.900497 0.866045 0.848493 0.806984 0.832323
0.911679 0.900501 0.866041 0.848509 0.807005 0.832320
0.911675 0.900497 0.866033 0.848504 0.806984 0.832324
0.911671 0.900523 0.866046 0.848508 0.806992 0.832326
0.911679 0.900494 0.866047 0.848503 0.806998 0.832333
0.911659 0.900503 0.866052 0.848492 0.807012 0.832319
0.911676 0.900502 0.866047 0.848487 0.806999 0.832327
0.911675 0.900501 0.866058 0.848503 0.806994 0.832315
0.911678 0.900501 0.866055 0.848506 0.806998 0.832314
0.911679 0.900520 0.866052 0.848509 0.806992 0.832321
0.911676 0.900506 0.866040 0.848504 0.806992 0.832312
0.911672 0.900508 0.866056 0.848495 0.807006 0.832330
