2.140630
6.585157
1.903015
6.837669
1.680695
1.367977
1.418729
1.313578
1.216597
1.236139
1.187841
1.126663
1.121586
1.055166
1.050868
1.006744
0.996320
0.956793
0.965659
0.909385
0.912897
0.872422
0.848574
0.827779
0.851475
0.928104
0.812508
0.971676
0.816856
0.898586
0.846240
0.825282
0.817757
0.819078
0.819256
0.788610
0.775735
0.787136
0.779102
0.752704
0.756366
0.751776
0.746674
0.742256
0.742408
0.739076
0.733101
0.730927
0.730449
0.729240
0.725061
0.725397
0.727112
0.720780
0.722613
0.721992
0.720753
0.718999
0.718066
0.718543
0.716476
0.715613
0.717079
0.714831
0.713891
0.714255
0.713004
0.711963
0.712183
0.712370
0.712144
0.713148
0.712642
0.711353
0.710277
0.710005
0.710220
0.710828
0.710491
0.709582
0.708755
0.708720
0.709417
0.710269
0.712264
0.714997
0.716657
0.713016
0.708439
0.708796
0.712061
0.711599
0.708307
0.707849
0.709980
0.710264
0.708280
0.706855
0.707994
0.709927
0.710318
0.709190
0.707048
0.706292
0.707053
0.708082
0.708684
0.708104
0.706989
0.705927
0.705636
0.706115
0.707268
0.710441
0.714250
0.720321
0.717352
0.707292
0.709176
0.715380
0.709946
0.706192
0.710765
0.710648
0.705916
0.706850
0.709494
0.707589
0.705160
0.706057
0.707617
0.707422
0.705360
0.704801
0.705864
0.706332
0.705558
0.704539
0.704584
0.705377
0.705763
0.705959
0.705312
0.704745
0.704192
0.703913
0.703836
0.703977
0.704386
0.705334
0.707742
0.711679
0.719929
0.719758
0.708521
0.705824
0.713327
0.710587
0.704846
0.707966
0.710221
0.705506
0.705074
0.707961
0.706462
0.703898
0.705344
0.706601
0.705102
0.703633
0.704586
0.705505
0.704346
0.703338
0.703829
0.704509
0.704240
0.703353
0.702996
0.703337
0.703860
0.704256
0.704183
0.703926
0.703440
0.703124
0.702884
0.702721
0.702637
0.702611
0.702660
0.702906
0.703624
0.705719
0.709932
0.718275
0.722283
0.711269
0.704251
0.712950
0.713320
0.715506
0.704918
0.705693
0.706920
0.708347
0.705389
0.705668
0.705846
0.707438
0.705079
0.704657
0.704429
0.705772
0.704910
0.703980
0.703617
0.704234
0.704415
0.703839
0.703212
0.703006
0.703166
0.703344
0.703480
0.703508
0.703196
0.702826
0.702517
0.702348
0.702252
0.702335
0.702443
0.702674
0.703019
0.703701
0.704997
0.707159
0.709955
0.711925
0.710477
0.705724
0.702185
0.704115
0.708048
0.708263
0.704417
0.702062
0.703960
0.706130
0.705091
0.702525
0.701844
0.703218
0.704126
0.703092
0.701780
0.701657
0.702533
0.702887
0.702316
0.701513
0.701265
0.701573
0.701993
0.702213
0.702301
0.702128
0.701694
0.701276
0.701002
0.700934
0.701060
0.701270
0.701567
0.701915
0.702442
0.703082
0.704080
0.705110
0.706337
0.707267
0.706935
0.704621
0.701767
0.700776
0.702147
0.704124
0.705066
0.704294
0.701857
0.700602
0.701687
0.703549
0.704897
0.705167
0.702929
0.700803
0.701405
0.703687
0.704930
0.704337
0.702468
0.700779
0.700838
0.702530
0.704188
0.705321
0.704125
0.701612
0.700452
0.701958
0.703231
0.703113
0.702203
0.700773
0.700430
0.700967
0.702216
0.702281
0.701597
0.700435
0.700100
0.700372
0.700992
0.701445
0.701935
0.701443
0.700638
0.699801
0.699919
0.700323
0.701016
0.701492
0.701673
0.700934
0.700169
0.699912
0.699517
0.699547
0.699506
0.699803
0.699781
0.700236
0.700665
0.701493
0.701943
0.702940
0.706557
0.712863
0.723606
0.719607
0.702182
0.709815
0.715300
0.711955
0.703442
0.715020
0.708474
0.704567
0.710153
0.703899
0.704508
0.706359
0.703762
0.702525
0.703680
0.702242
0.702400
0.702610
0.701138
0.702326
0.701845
0.700755
0.701587
0.701175
0.700692
0.700476
0.701281
0.700288
0.700042
0.700500
0.700246
0.699886
0.699793
0.700259
0.699813
0.699560
0.699433
0.699681
0.699470
0.699277
0.699179
0.699239
0.699236
0.699140
0.699007
0.698927
0.698965
0.698970
0.698925
0.698837
0.698749
0.698665
0.698623
0.698638
0.698624
0.698651
0.698654
0.698683
0.698680
0.698762
0.698877
0.699147
0.699621
0.700314
0.701195
0.702303
0.703539
0.703957
0.702977
0.700776
0.698768
0.698175
0.699029
0.700681
0.701911
0.701622
0.699894
0.698293
0.698119
0.699042
0.700499
0.701438
0.700710
0.699038
0.697956
0.698033
0.698747
0.699951
0.700882
0.700487
0.699225
0.698186
0.697767
0.697700
0.697881
0.698268
0.698726
0.698925
0.699368
0.700016
0.700602
0.700496
0.699837
0.699006
0.698005
0.697555
0.697299
0.697224
0.697537
0.697958
0.698805
0.700279
0.702646
0.705985
0.707823
0.704571
0.699289
0.697670
0.701295
0.705572
0.706755
0.701398
0.699794
0.702806
0.705644
0.700496
0.698502
0.701061
0.701421
0.699045
0.697944
0.700790
0.702569
0.700829
0.698072
0.698725
0.700364
0.699595
0.697735
0.697551
0.699200
0.699518
0.698045
0.696908
0.698112
0.699477
0.699639
0.698266
0.697190
0.697733
0.698954
0.698924
0.697732
0.696831
0.696821
0.697205
0.697540
0.697534
0.697175
0.696813
0.696388
0.696407
0.696764
0.697146
0.697811
0.698386
0.698661
0.698613
0.698522
0.697895
0.697373
0.696651
0.696081
0.695983
0.696207
0.696628
0.697277
0.698265
0.699342
0.700975
0.702351
0.703247
0.700618
0.697196
0.696045
0.697840
0.700947
0.702511
0.700732
0.696642
0.697114
0.701083
0.703826
0.702728
0.697571
0.696945
0.701698
0.704175
0.702655
0.697201
0.698696
0.702168
0.701601
0.696644
0.698548
0.701933
0.701519
0.696810
0.698997
0.704223
0.703649
0.698661
0.699919
0.702614
0.700383
0.698841
0.699490
0.705180
0.700650
0.698586
0.699625
0.702562
0.698037
0.698349
0.699956
0.701404
0.696927
0.698318
0.701271
0.699463
0.696766
0.698781
0.699792
0.698111
0.696507
0.698634
0.701036
0.698589
0.696506
0.699927
0.700175
0.698999
0.695881
0.700102
0.701805
0.700286
0.695700
0.701262
0.700849
0.700392
0.696281
0.701475
0.702005
0.699450
0.697124
0.701695
0.700218
0.698519
0.697569
0.698653
0.698201
0.696272
0.696950
0.697579
0.696551
0.696065
0.696026
0.696670
0.695382
0.695920
0.695364
0.696048
0.695074
0.695467
0.695087
0.695352
0.694965
0.695000
0.694890
0.695049
0.694951
0.694688
0.694632
0.694665
0.694710
0.694632
0.694489
0.694482
0.694350
0.694299
0.694245
0.694182
0.694211
0.694123
0.694131
0.694130
0.694260
0.694548
0.695403
0.696664
0.699723
0.700430
0.700303
0.698856
0.695560
0.695460
0.696646
0.699461
0.698927
0.696909
0.694767
0.697055
0.698618
0.697371
0.696599
0.696076
0.697334
0.698392
0.695827
0.696004
0.695635
0.694563
0.695891
0.694577
0.694804
0.695114
0.694856
0.694655
0.694748
0.694107
0.694282
0.694195
0.694065
0.693894
0.694360
0.693958
0.694596
0.694919
0.695145
0.695451
0.697784
0.696927
0.696757
0.695569
0.694606
0.693688
0.694458
0.695867
0.697205
0.698169
0.695976
0.694112
0.694776
0.694640
0.695001
0.695054
0.696144
0.695414
0.694134
0.694857
0.694701
0.693958
0.695083
0.694400
0.694555
0.694517
0.694339
0.694257
0.694783
0.695236
0.695118
0.695228
0.696017
0.695949
0.696849
0.697208
0.699401
0.701019
0.702467
0.702820
0.697471
0.701262
0.697317
0.696864
0.696769
0.696934
0.696595
0.696055
0.695915
0.694842
0.695352
0.696043
0.695861
0.695488
0.694607
0.693975
0.694656
0.694742
0.694488
0.694436
0.693791
0.693763
0.693679
0.693442
0.693654
0.693980
0.694227
0.694662
0.696434
0.700000
0.702451
0.702729
0.703520
0.695913
0.699941
0.705303
0.701777
0.698904
0.700750
0.706739
0.705270
0.697461
0.704848
0.707402
0.704590
0.697680
0.706706
0.702869
0.701204
0.700594
0.699450
0.699500
0.697170
0.699915
0.696816
0.696414
0.698418
0.697042
0.696337
0.696326
0.696755
0.695291
0.695173
0.695461
0.695224
0.694672
0.694459
0.694553
0.694212
0.694003
0.693766
0.694027
0.693692
0.693510
0.693428
0.693628
0.693458
0.693283
0.693002
0.693058
0.692991
0.693051
0.692979
0.693000
0.692818
0.692736
0.692649
0.692772
0.692738
0.692948
0.693371
0.693482
0.693593
0.693599
0.694141
0.693297
0.693084
0.692581
0.692674
0.692392
0.692527
0.692491
0.692525
0.692657
0.692689
0.693766
0.693295
0.693741
0.694276
0.696386
0.696402
0.695175
0.693892
0.695579
0.693226
0.694110
0.697576
0.698344
0.695204
0.695548
0.697012
0.695330
0.695414
0.695198
0.695172
0.694806
0.693801
0.695573
0.693367
0.694706
0.693342
0.693635
0.693011
0.693181
0.693348
0.693321
0.694399
0.693510
0.692735
0.692569
0.693014
0.693075
0.693807
0.694053
0.694165
0.693284
0.693157
0.693129
0.692783
0.692242
0.692217
0.692460
0.691897
0.692460
0.692224
0.693253
0.694345
0.697400
0.701752
0.702997
0.707931
0.697776
0.695931
0.702148
0.698123
0.697167
0.695500
0.697322
0.697617
0.695382
0.695603
0.694774
0.695768
0.695625
0.694272
0.694515
0.697103
0.696518
0.695183
0.694116
0.694870
0.693460
0.694281
0.693181
0.693879
0.692762
0.693233
0.692617
0.692758
0.692390
0.692513
0.692115
0.692298
0.691931
0.692145
0.691817
0.691959
0.691800
0.691718
0.691801
0.691650
0.691796
0.691829
0.692463
0.693134
0.695487
0.696386
0.700167
0.706677
0.704544
0.701238
0.694586
0.697218
0.696860
0.699464
0.698459
0.695404
0.695885
0.696813
0.696341
0.696179
0.694516
0.695271
0.694060
0.695033
0.694171
0.693590
0.693663
0.693812
0.693067
0.693194
0.692539
0.693022
0.692476
0.692895
0.691993
0.692438
0.692097
0.692082
0.691895
0.691710
0.691810
0.691502
0.691723
0.691371
0.691717
0.691504
0.691730
0.692182
0.692350
0.692744
0.692809
0.694095
0.692549
0.691997
0.691094
0.691687
0.691534
0.692490
0.694413
0.693550
0.692655
0.692142
0.692969
0.692145
0.693269
0.693657
0.694245
0.692838
0.691911
0.691569
0.691050
0.690879
0.691027
0.691211
0.691222
0.691081
0.690926
0.690859
0.690858
0.690856
0.690843
0.690845
0.690850
0.690813
0.690738
0.690688
0.690699
0.690744
0.690754
0.690711
0.690657
0.690641
0.690659
0.690672
0.690658
0.690631
0.690616
0.690617
0.690620
0.690616
0.690606
0.690597
0.690592
0.690586
0.690581
0.690579
0.690577
0.690571
0.690562
0.690556
0.690556
0.690557
0.690553
0.690545
0.690539
0.690539
0.690538
0.690535
0.690531
0.690526
0.690523
0.690521
0.690518
0.690516
0.690513
0.690509
0.690506
0.690504
0.690502
0.690500
0.690497
0.690494
0.690491
0.690489
0.690487
0.690484
0.690482
0.690480
0.690477
0.690475
0.690472
0.690470
0.690468
0.690466
0.690464
0.690461
0.690459
0.690457
0.690455
0.690452
0.690450
0.690448
0.690446
0.690444
0.690442
0.690440
0.690438
0.690436
0.690434
0.690431
0.690430
0.690427
0.690425
0.690424
0.690422
0.690419
0.690418
0.690416
0.690414
0.690412
0.690410
0.690408
0.690406
0.690404
0.690402
0.690400
0.690398
0.690396
0.690394
0.690392
0.690390
0.690389
0.690387
0.690385
0.690383
0.690381
0.690379
0.690377
0.690376
0.690374
0.690372
0.690370
0.690369
0.690367
0.690365
0.690363
0.690361
0.690359
0.690357
0.690356
0.690354
0.690352
0.690350
0.690348
0.690347
0.690345
0.690343
0.690341
0.690339
0.690338
0.690336
0.690334
0.690332
0.690330
0.690329
0.690327
0.690325
0.690323
0.690321
0.690320
0.690318
0.690316
0.690315
0.690313
0.690311
0.690309
0.690307
0.690306
0.690304
0.690303
0.690301
0.690299
0.690297
0.690296
0.690294
0.690292
0.690291
0.690289
0.690287
0.690286
0.690284
0.690282
0.690280
0.690279
0.690277
0.690275
0.690274
0.690272
0.690270
0.690269
0.690267
0.690265
0.690264
0.690262
0.690260
0.690259
0.690257
0.690255
0.690254
0.690252
0.690250
0.690249
0.690247
0.690245
0.690244
0.690242
0.690241
0.690239
0.690237
0.690236
0.690234
0.690232
0.690230
0.690229
0.690227
0.690225
0.690223
0.690222
0.690220
0.690218
0.690216
0.690215
0.690213
0.690211
0.690210
0.690208
0.690206
0.690204
0.690202
0.690200
0.690198
0.690196
0.690194
0.690193
0.690191
0.690189
0.690187
0.690185
0.690184
0.690182
0.690180
0.690178
0.690177
0.690175
0.690173
0.690172
0.690170
0.690168
0.690166
0.690164
0.690163
0.690161
0.690159
0.690158
0.690156
0.690154
0.690153
0.690151
0.690149
0.690147
0.690146
0.690144
0.690142
0.690141
0.690139
0.690138
0.690136
0.690134
0.690133
0.690131
0.690129
0.690128
0.690126
0.690125
0.690123
0.690121
0.690120
0.690118
0.690117
0.690115
0.690113
0.690112
0.690110
0.690109
0.690107
0.690106
0.690104
0.690103
0.690101
0.690099
0.690097
0.690096
0.690094
0.690093
0.690091
0.690090
0.690088
0.690087
0.690085
0.690084
0.690082
0.690080
0.690079
0.690077
0.690076
0.690074
0.690073
0.690071
0.690069
0.690068
0.690066
0.690065
0.690063
0.690062
0.690060
0.690058
0.690057
0.690055
0.690054
0.690052
0.690051
0.690049
0.690048
0.690046
0.690045
0.690043
0.690042
0.690040
0.690039
0.690037
0.690036
0.690034
0.690033
0.690031
0.690030
0.690028
0.690027
0.690025
0.690024
0.690022
0.690021
0.690019
0.690018
0.690016
0.690015
0.690013
0.690012
0.690010
0.690009
0.690007
0.690006
0.690004
0.690003
0.690001
0.690000
0.689998
0.689997
0.689995
0.689994
0.689992
0.689991
0.689989
0.689988
0.689986
0.689985
0.689984
0.689982
0.689981
0.689979
0.689978
0.689976
0.689975
0.689974
0.689972
0.689971
0.689969
0.689968
0.689966
0.689965
0.689964
0.689962
0.689961
0.689959
0.689958
0.689956
0.689955
0.689954
0.689952
0.689951
0.689949
0.689948
0.689946
0.689945
0.689943
0.689942
0.689941
0.689939
0.689938
0.689936
0.689935
0.689933
0.689932
0.689930
0.689929
0.689927
0.689926
0.689925
0.689923
0.689922
0.689920
0.689919
0.689917
0.689916
0.689914
0.689913
0.689911
0.689910
0.689909
0.689907
0.689906
0.689904
0.689903
0.689901
0.689900
0.689898
0.689897
0.689896
0.689894
0.689893
0.689891
0.689890
0.689888
0.689887
0.689886
0.689884
0.689883
0.689881
0.689880
0.689878
0.689877
0.689875
0.689874
0.689873
0.689871
0.689870
0.689868
0.689867
0.689865
0.689864
0.689862
0.689861
0.689859
0.689858
0.689857
0.689855
0.689854
0.689852
0.689851
0.689849
0.689848
0.689847
0.689845
0.689843
0.689842
0.689841
0.689839
0.689838
0.689836
0.689835
0.689833
0.689832
0.689830
0.689829
0.689828
0.689826
0.689825
0.689823
0.689822
0.689820
0.689819
0.689817
0.689816
0.689814
0.689813
0.689812
0.689810
0.689809
0.689807
0.689806
0.689804
0.689803
0.689802
0.689800
0.689799
0.689797
0.689796
0.689794
0.689793
0.689792
0.689790
0.689789
0.689787
0.689786
0.689784
0.689783
0.689782
0.689780
