8.715663
8.478620
10.638398
26.082911
17.084316
8.434707
16.291304
8.296002
9.042826
9.467635
9.016477
8.310874
8.002937
8.087381
7.976485
7.742432
7.790039
7.565353
7.425460
7.388002
7.264239
7.163549
7.154476
7.110722
7.005364
7.010111
6.998368
6.919574
6.913705
6.920714
6.891341
6.869310
6.860678
6.846626
6.837693
6.839947
6.829707
6.837180
6.828346
6.821150
6.822684
6.816561
6.817008
6.811385
6.809259
6.811347
6.806238
6.805212
6.801091
6.800649
6.800981
6.797791
6.798229
6.796398
6.796776
6.794811
6.793972
6.794613
6.792783
6.792908
6.791295
6.792452
6.790748
6.790063
6.789781
6.789727
6.789095
6.788294
6.788124
6.787540
6.787114
6.787221
6.787393
6.788147
6.792108
6.804264
6.810512
6.804457
6.785786
6.796867
6.799448
6.784988
6.797121
6.791886
6.786841
6.794582
6.784903
6.790446
6.787136
6.785300
6.788785
6.783265
6.787148
6.784784
6.783303
6.785974
6.782117
6.783866
6.782987
6.781491
6.783038
6.781233
6.781165
6.781700
6.780064
6.780543
6.780612
6.779177
6.779851
6.779715
6.778614
6.778637
6.778979
6.778286
6.777692
6.777789
6.777917
6.777029
6.776783
6.776976
6.776832
6.776484
6.775821
6.775620
6.776038
6.775477
6.775565
6.774966
6.775182
6.775307
6.774771
6.775361
6.774829
6.775250
6.775452
6.776339
6.777990
6.781044
6.787845
6.792471
6.795384
6.782761
6.775603
6.779471
6.782550
6.776234
6.775262
6.779264
6.778304
6.774376
6.776307
6.777839
6.775487
6.773568
6.776191
6.775596
6.773246
6.773463
6.774971
6.774201
6.772661
6.773279
6.773890
6.773883
6.772399
6.772180
6.773128
6.772998
6.772433
6.771975
6.772039
6.772489
6.772318
6.772062
6.771731
6.771559
6.771986
6.771899
6.772108
6.771594
6.771745
6.771304
6.771176
6.771085
6.771094
6.771228
6.771081
6.771390
6.771484
6.772417
6.773257
6.776014
6.779951
6.785981
6.796494
6.793559
6.783055
6.772017
6.777390
6.784799
6.776320
6.771664
6.777827
6.776829
6.771183
6.773086
6.775837
6.772557
6.770505
6.773812
6.773469
6.770594
6.771646
6.773079
6.771682
6.770030
6.771267
6.772036
6.770306
6.769862
6.771026
6.770950
6.769963
6.769586
6.770166
6.770473
6.769645
6.769341
6.769597
6.769709
6.769783
6.769101
6.768947
6.769177
6.769193
6.769433
6.768944
6.768834
6.768550
6.768417
6.768501
6.768263
6.768637
6.768838
6.769937
6.771433
6.772855
6.773927
6.775220
6.775102
6.773160
6.769226
6.769092
6.769146
6.770821
6.770937
6.772010
6.771814
6.770793
6.769959
6.768288
6.768325
6.769287
6.769525
6.769520
6.768453
6.767872
6.767552
6.767385
6.768081
6.768279
6.770250
6.771595
6.772068
6.773196
6.770624
6.768345
6.767606
6.766669
6.766935
6.768217
6.768544
6.769557
6.770072
6.769684
6.769802
6.769348
6.767674
6.767605
6.766334
6.766651
6.765942
6.765893
6.765846
6.765741
6.765776
6.765689
6.766152
6.766259
6.767879
6.771691
6.780157
6.799129
6.816770
6.827594
6.786917
6.777343
6.801039
6.779968
6.776906
6.792190
6.775747
6.772981
6.779958
6.770947
6.775077
6.774609
6.769727
6.775311
6.771061
6.769309
6.773064
6.768515
6.768829
6.770837
6.767325
6.767936
6.769424
6.766735
6.766964
6.768584
6.766834
6.766006
6.767702
6.766984
6.765690
6.766762
6.767063
6.766119
6.765467
6.766243
6.766321
6.765062
6.765303
6.765932
6.765282
6.764697
6.765201
6.765259
6.765146
6.764689
6.764751
6.765179
6.764590
6.764421
6.764649
6.764495
6.764494
6.764298
6.764103
6.764122
6.764091
6.764222
6.763966
6.763929
6.763876
6.763780
6.763705
6.763801
6.763691
6.763739
6.763790
6.763698
6.763673
6.763689
6.763796
6.763751
6.764028
6.764219
6.764941
6.765868
6.767236
6.768888
6.769893
6.770743
6.768836
6.766080
6.763834
6.763235
6.764226
6.765788
6.767115
6.766788
6.765300
6.763968
6.762989
6.763134
6.763667
6.764504
6.765022
6.765262
6.765027
6.764122
6.763451
6.763216
6.762582
6.762740
6.762971
6.763108
6.763786
6.764638
6.766032
6.768269
6.770938
6.773682
6.775824
6.772814
6.767641
6.763448
6.763354
6.766155
6.767347
6.766227
6.763955
6.762805
6.762805
6.764182
6.765548
6.765801
6.764889
6.763259
6.762552
6.762351
6.762657
6.763550
6.763801
6.764430
6.764243
6.763836
6.763505
6.763444
6.762664
6.762727
6.762637
6.762872
6.762796
6.762788
6.763243
6.763366
6.764088
6.764709
6.766204
6.768661
6.771083
6.772491
6.772962
6.771188
6.767406
6.762672
6.763227
6.764844
6.767191
6.766990
6.764386
6.762986
6.761850
6.762685
6.763139
6.763421
6.763520
6.762828
6.762279
6.761533
6.761669
6.761465
6.761909
6.762176
6.762335
6.763045
6.763829
6.765254
6.766574
6.768630
6.771069
6.772074
6.770389
6.766694
6.762729
6.761616
6.762980
6.765139
6.766164
6.765347
6.763555
6.761453
6.761396
6.761970
6.763058
6.763681
6.763028
6.762820
6.761837
6.761389
6.760826
6.760907
6.760832
6.761279
6.761644
6.761927
6.762905
6.763916
6.766018
6.768284
6.771149
6.774346
6.774466
6.770320
6.764670
6.760942
6.762834
6.765840
6.766900
6.764681
6.761787
6.761016
6.762168
6.763798
6.764192
6.763446
6.761752
6.760561
6.760871
6.761717
6.762738
6.763013
6.762739
6.762258
6.761462
6.760863
6.760429
6.760327
6.760300
6.760582
6.760761
6.761224
6.761738
6.762489
6.763888
6.765417
6.767768
6.770930
6.773053
6.772660
6.769105
6.763941
6.760920
6.761659
6.764830
6.765969
6.764958
6.762140
6.760453
6.761340
6.762818
6.764000
6.763296
6.761795
6.760676
6.760122
6.760665
6.761042
6.761736
6.761810
6.761542
6.761357
6.760723
6.760587
6.760190
6.760053
6.759893
6.759889
6.759788
6.759763
6.759785
6.759887
6.759983
6.760199
6.760787
6.761593
6.763556
6.767196
6.774134
6.784757
6.792584
6.790521
6.771960
6.761454
6.771457
6.776607
6.766409
6.762156
6.769583
6.769513
6.762099
6.762874
6.767901
6.765233
6.760771
6.762870
6.765662
6.764923
6.761801
6.760518
6.762465
6.762333
6.761145
6.760390
6.760945
6.761697
6.761123
6.760461
6.760068
6.760435
6.760827
6.760730
6.760236
6.759827
6.759933
6.759955
6.760306
6.760133
6.759918
6.759723
6.759604
6.759861
6.759778
6.759812
6.759862
6.759805
6.759603
6.759563
6.759401
6.759351
6.759388
6.759327
6.759346
6.759406
6.759600
6.759533
6.759770
6.759951
6.760412
6.761098
6.762448
6.764278
6.766767
6.769924
6.771936
6.771204
6.766841
6.761685
6.759601
6.761682
6.764604
6.765060
6.762878
6.760199
6.759517
6.761129
6.762563
6.762815
6.761614
6.760113
6.759164
6.759464
6.760334
6.761156
6.761350
6.760912
6.760162
6.759452
6.759072
6.759107
6.759168
6.759544
6.759940
6.760064
6.760276
6.760320
6.760380
6.760176
6.760149
6.759904
6.759850
6.759697
6.759766
6.759636
6.759876
6.759875
6.760409
6.760903
6.761899
6.763469
6.765913
6.769340
6.772027
6.772910
6.769246
6.763243
6.759424
6.760468
6.763812
6.765366
6.763526
6.760370
6.759100
6.760661
6.762683
6.763213
6.761916
6.759912
6.758835
6.759329
6.760447
6.761429
6.761539
6.761037
6.760042
6.759216
6.758724
6.758763
6.759284
6.759658
6.760241
6.760419
6.760574
6.760288
6.760064
6.759467
6.759164
6.758807
6.758642
6.758540
6.758535
6.758545
6.758640
6.758839
6.758982
6.759501
6.760103
6.761397
6.763527
6.766613
6.771435
6.775027
6.776061
6.770608
6.762776
6.759107
6.762295
6.766728
6.766048
6.761531
6.759000
6.760966
6.763896
6.763861
6.761079
6.759071
6.759389
6.761183
6.762450
6.761643
6.760026
6.758709
6.758583
6.759615
6.760329
6.761050
6.760860
6.760289
6.759024
6.758683
6.758519
6.758776
6.759489
6.759563
6.760087
6.759799
6.759821
6.759275
6.758994
6.758467
6.758345
6.758245
6.758224
6.758466
6.758471
6.758902
6.759007
6.759653
6.760260
6.761508
6.763093
6.764946
6.767262
6.767902
6.766969
6.763883
6.760358
6.758633
6.759216
6.761200
6.763109
6.763578
6.762089
6.760008
6.758718
6.758539
6.759480
6.760787
6.761528
6.761596
6.760837
6.759862
6.758831
6.758297
6.758291
6.758661
6.759505
6.760014
6.760641
6.761014
6.761103
6.760826
6.760408
6.759526
6.759205
6.758262
6.758199
6.758252
6.758102
6.758532
6.758744
6.759299
6.759750
6.760450
6.761220
6.762331
6.763867
6.764767
6.765227
6.764795
6.763262
6.760972
6.759227
6.758333
6.758720
6.760130
6.761216
6.761811
6.761758
6.760818
6.759646
6.758659
6.758272
6.758316
6.758704
6.759610
6.760222
6.761079
6.761830
6.761984
6.761891
6.761175
6.760443
6.759515
6.758353
6.758207
6.758137
6.758239
6.758950
6.759295
6.759876
6.760729
6.761214
6.761565
6.762049
6.762362
6.762153
6.761332
6.760539
6.759540
6.758792
6.758132
6.758201
6.758007
6.758217
6.758704
6.758903
6.759490
6.760192
6.760886
6.761483
6.762681
6.764226
6.764972
6.764709
6.763848
6.762465
6.760308
6.758430
6.758512
6.758829
6.760206
6.760890
6.760838
6.760743
6.760155
6.759303
6.758273
6.758248
6.757804
6.758137
6.758600
6.759043
6.759655
6.760544
6.761277
6.761858
6.762624
6.763246
6.762838
6.761368
6.760325
6.758774
6.758246
6.757765
6.758356
6.758589
6.759241
6.759744
6.759830
6.760493
6.760780
6.761065
6.760503
6.760555
6.760005
6.759690
6.758930
6.758744
6.758077
6.758044
6.757679
6.757968
6.757875
6.757646
6.757804
6.757999
6.758364
6.758619
6.759593
6.760655
6.763162
6.767475
6.772480
6.777187
6.777177
6.771772
6.762450
6.759014
6.763675
6.768185
6.767020
6.761123
6.759183
6.762672
6.765009
6.763747
6.760278
6.759003
6.761503
6.763033
6.762418
6.760412
6.758451
6.759489
6.760629
6.761153
6.760484
6.758900
6.758485
6.758601
6.759306
6.759740
6.759099
6.758791
6.758152
6.757888
6.758270
6.758307
6.758116
6.757839
6.757781
6.757924
6.757987
6.757892
6.757741
6.757687
6.757749
6.757751
6.757724
6.757684
6.757756
6.757854
6.757890
6.757827
6.757727
6.757636
6.757644
6.757654
6.757632
6.757613
6.757631
6.757675
6.757688
6.757665
6.757630
6.757615
6.757615
6.757601
6.757584
6.757578
6.757566
6.757564
6.757553
6.757527
6.757521
6.757524
6.757524
6.757518
6.757513
6.757505
6.757509
6.757510
6.757503
6.757503
6.757493
6.757493
6.757487
6.757485
6.757490
6.757487
6.757495
6.757496
6.757483
6.757482
6.757479
6.757481
6.757483
6.757483
6.757482
6.757483
6.757483
6.757484
6.757483
6.757482
6.757481
6.757478
6.757475
6.757482
6.757488
6.757483
6.757483
6.757483
6.757482
6.757477
6.757476
6.757475
6.757477
6.757475
6.757474
6.757474
6.757472
6.757472
6.757470
6.757468
6.757467
6.757467
6.757465
6.757463
6.757459
6.757457
6.757455
6.757456
6.757456
6.757453
6.757454
6.757456
6.757455
6.757454
6.757454
6.757454
6.757452
6.757452
6.757454
6.757454
6.757454
6.757455
6.757455
6.757454
6.757452
6.757452
6.757452
6.757451
6.757452
6.757450
6.757449
6.757450
6.757450
6.757448
6.757447
6.757447
6.757446
6.757447
6.757448
6.757447
6.757449
6.757449
6.757445
6.757445
6.757445
6.757443
6.757442
6.757442
6.757442
6.757443
6.757443
6.757447
6.757443
6.757443
6.757444
6.757443
6.757440
6.757441
6.757441
6.757443
6.757443
6.757441
6.757440
6.757439
6.757439
6.757439
6.757437
6.757433
6.757429
6.757425
6.757427
6.757425
6.757423
6.757424
6.757422
6.757420
6.757419
6.757415
6.757414
6.757415
6.757414
6.757416
6.757413
6.757413
6.757413
6.757411
6.757410
6.757412
6.757410
6.757409
6.757409
6.757407
6.757404
6.757405
6.757406
6.757407
6.757404
6.757406
6.757403
6.757405
6.757403
6.757402
6.757403
6.757404
6.757402
6.757401
6.757400
6.757399
6.757400
6.757398
6.757396
6.757395
6.757399
6.757400
6.757396
6.757395
6.757395
6.757395
6.757394
6.757391
6.757389
6.757389
6.757391
6.757390
6.757389
6.757388
6.757390
6.757389
6.757388
6.757388
6.757384
6.757385
6.757386
6.757382
6.757383
6.757380
6.757380
6.757379
6.757377
6.757376
6.757377
6.757378
6.757376
6.757376
6.757376
6.757377
6.757376
6.757375
6.757375
6.757375
6.757377
6.757378
6.757376
6.757376
6.757374
6.757373
6.757371
6.757370
6.757368
6.757369
6.757367
6.757367
6.757366
6.757366
6.757367
6.757366
6.757367
6.757365
6.757362
6.757360
6.757357
6.757355
6.757354
6.757354
6.757355
6.757356
6.757356
6.757357
6.757355
6.757353
6.757357
6.757357
6.757356
6.757354
6.757356
6.757351
6.757350
6.757349
6.757349
6.757348
6.757346
6.757346
6.757342
6.757343
6.757344
6.757343
6.757343
6.757344
6.757343
6.757344
6.757342
6.757342
6.757340
6.757340
6.757339
6.757336
6.757336
6.757333
6.757333
6.757334
6.757332
6.757331
6.757332
6.757331
6.757330
6.757331
6.757332
6.757334
6.757333
6.757332
6.757330
6.757329
6.757329
6.757329
6.757327
6.757329
6.757327
6.757327
6.757326
6.757325
6.757323
6.757324
6.757324
6.757323
6.757324
6.757325
6.757327
6.757326
6.757324
6.757324
6.757322
6.757319
6.757320
6.757320
6.757320
6.757319
6.757318
6.757318
6.757318
6.757315
6.757316
6.757313
6.757313
6.757314
6.757315
6.757317
6.757314
6.757315
6.757314
6.757312
6.757315
6.757312
6.757311
6.757308
6.757308
6.757309
6.757308
6.757307
6.757304
6.757304
6.757303
6.757302
6.757301
6.757299
6.757298
6.757299
6.757299
6.757296
6.757294
6.757293
6.757294
6.757294
6.757292
6.757290
6.757290
6.757289
6.757289
6.757289
6.757289
6.757290
6.757290
6.757289
6.757288
6.757288
6.757288
6.757290
6.757290
6.757289
6.757287
6.757283
6.757284
6.757287
6.757284
6.757285
6.757280
6.757280
6.757281
6.757281
6.757278
6.757276
6.757277
6.757275
6.757274
6.757276
6.757271
6.757271
6.757269
6.757268
6.757270
6.757271
6.757272
6.757271
6.757270
6.757267
6.757267
6.757268
6.757267
6.757269
6.757270
6.757269
6.757269
6.757269
6.757269
6.757267
6.757270
6.757267
6.757265
6.757263
6.757265
6.757263
6.757260
6.757259
6.757256
6.757252
6.757253
6.757254
6.757251
6.757251
6.757252
6.757252
6.757252
6.757251
6.757247
6.757247
6.757248
6.757245
6.757243
6.757244
6.757242
6.757242
6.757241
6.757239
6.757240
6.757240
6.757239
6.757238
6.757233
6.757233
6.757232
6.757233
6.757235
6.757232
6.757231
6.757230
6.757227
6.757227
6.757228
6.757226
6.757226
6.757227
6.757227
6.757226
6.757224
6.757224
6.757223
6.757223
6.757224
6.757223
6.757221
6.757221
6.757221
6.757222
6.757219
6.757218
6.757217
6.757218
6.757216
6.757214
6.757213
6.757212
6.757213
6.757215
6.757213
6.757212
6.757213
6.757213
6.757211
6.757211
6.757210
6.757212
6.757212
6.757211
6.757209
6.757208
6.757208
6.757210
6.757208
6.757205
6.757205
6.757207
6.757208
6.757210
6.757209
6.757208
6.757208
6.757206
6.757205
6.757205
6.757205
6.757203
6.757203
6.757199
6.757201
6.757201
6.757200
6.757201
6.757202
6.757199
6.757199
6.757202
6.757200
6.757200
6.757197
6.757199
6.757197
6.757196
6.757197
6.757197
6.757197
6.757198
6.757195
6.757195
6.757197
6.757195
6.757196
6.757193
6.757193
6.757193
6.757192
6.757192
6.757187
6.757188
6.757185
6.757187
6.757188
6.757187
6.757186
6.757184
6.757184
6.757182
6.757181
6.757181
6.757181
6.757178
6.757173
6.757171
6.757172
6.757171
6.757168
6.757165
6.757164
6.757165
6.757165
6.757164
6.757164
6.757162
6.757163
6.757162
6.757161
6.757159
6.757158
6.757159
6.757157
6.757158
6.757157
6.757157
6.757152
6.757152
6.757150
6.757150
6.757147
6.757147
6.757147
6.757150
6.757147
6.757149
6.757146
6.757146
6.757147
6.757144
6.757144
6.757143
6.757145
6.757143
6.757137
6.757138
6.757136
6.757136
6.757137
6.757138
6.757137
6.757137
6.757134
6.757135
6.757135
6.757134
6.757135
6.757136
6.757136
6.757132
6.757133
6.757133
6.757134
6.757134
6.757135
6.757131
6.757133
6.757130
6.757131
6.757132
6.757132
6.757130
6.757129
6.757128
6.757129
6.757128
6.757124
6.757124
6.757125
6.757124
6.757121
6.757123
6.757123
6.757123
6.757123
6.757122
6.757122
6.757122
6.757122
6.757123
6.757122
6.757123
6.757122
6.757120
6.757121
6.757121
6.757118
6.757116
6.757115
6.757117
6.757121
6.757119
6.757118
6.757115
6.757116
6.757118
6.757118
6.757118
6.757113
6.757113
6.757115
6.757113
6.757110
6.757110
6.757109
6.757108
6.757108
6.757109
6.757109
6.757110
6.757104
6.757102
6.757105
6.757104
6.757107
6.757106
6.757105
6.757105
6.757106
6.757106
6.757104
6.757103
6.757104
6.757106
6.757107
6.757107
6.757106
6.757105
6.757102
6.757103
6.757104
6.757103
6.757102
6.757103
6.757104
6.757102
6.757098
6.757102
6.757102
6.757102
6.757101
6.757096
6.757098
6.757097
6.757097
6.757095
6.757095
6.757096
6.757097
6.757093
6.757094
6.757093
6.757094
6.757093
6.757093
6.757091
6.757090
6.757090
6.757086
6.757085
6.757083
6.757083
6.757082
6.757083
6.757086
6.757085
6.757084
6.757084
6.757084
6.757082
6.757080
6.757082
6.757082
6.757083
6.757084
6.757082
6.757080
6.757081
6.757082
6.757083
6.757084
6.757084
6.757081
6.757077
6.757080
6.757080
6.757080
6.757078
6.757076
6.757077
6.757074
6.757074
6.757074
6.757074
6.757072
6.757074
6.757074
6.757074
6.757072
6.757074
6.757072
6.757072
6.757072
6.757072
6.757072
6.757069
6.757070
6.757073
6.757070
6.757067
6.757069
6.757069
6.757069
6.757067
6.757068
6.757065
6.757063
6.757062
6.757062
6.757062
6.757062
6.757063
6.757062
6.757061
6.757061
6.757057
6.757061
6.757062
6.757056
6.757059
6.757059
6.757060
6.757057
6.757055
6.757054
6.757054
6.757055
6.757051
6.757052
6.757052
6.757054
6.757052
6.757051
6.757051
6.757051
6.757051
6.757049
6.757050
6.757050
6.757050
6.757049
6.757048
6.757048
6.757046
6.757044
6.757046
6.757046
6.757046
6.757045
6.757046
6.757046
6.757044
6.757046
6.757046
6.757044
6.757041
6.757043
6.757042
6.757043
6.757041
6.757042
6.757041
6.757040
6.757039
6.757040
6.757041
6.757041
6.757038
6.757037
6.757038
6.757037
6.757036
6.757036
6.757034
6.757034
6.757036
6.757036
6.757032
6.757030
6.757029
6.757030
6.757030
6.757028
6.757027
6.757027
6.757028
6.757027
6.757029
6.757028
6.757026
6.757024
6.757025
6.757024
6.757021
6.757022
6.757021
6.757022
6.757023
6.757022
6.757021
6.757021
6.757020
6.757019
6.757020
6.757018
6.757018
6.757020
6.757018
6.757017
6.757016
6.757014
6.757013
6.757012
6.757013
6.757012
6.757009
6.757012
6.757010
6.757008
6.757009
6.757010
6.757009
6.757003
6.757006
6.757006
6.757006
6.757005
6.757006
6.757007
6.757004
6.757001
6.757003
6.757004
6.757007
6.757006
6.757005
6.757005
6.757002
6.757000
6.757002
6.757004
6.757004
6.757004
6.757004
6.757002
6.757000
6.756999
6.757003
6.757000
6.757000
6.757001
6.757001
6.757000
6.756997
6.756998
6.756997
6.756997
6.756996
6.756995
6.756993
6.756990
6.756994
6.756995
6.756994
6.756996
6.756995
6.756992
6.756994
6.756992
6.756988
6.756989
6.756986
6.756985
6.756981
6.756986
6.756985
6.756988
6.756989
6.756983
6.756983
6.756984
6.756982
6.756979
6.756984
6.756983
6.756978
6.756977
6.756980
6.756979
6.756975
6.756975
6.756982
6.756979
6.756976
6.756974
6.756977
6.756978
6.756975
6.756974
6.756981
6.756980
6.756980
6.756977
6.756975
6.756971
6.756973
6.756972
6.756970
6.756967
6.756970
6.756972
6.756970
6.756970
6.756970
6.756972
6.756972
6.756971
6.756967
6.756967
6.756964
6.756964
6.756963
6.756960
6.756961
6.756961
6.756963
6.756958
6.756961
6.756961
6.756960
6.756956
6.756955
6.756956
6.756956
6.756953
6.756952
6.756955
6.756952
6.756952
6.756949
6.756946
6.756946
6.756946
6.756946
6.756948
6.756946
6.756943
6.756946
6.756945
6.756945
6.756941
6.756940
6.756937
6.756937
6.756937
6.756938
6.756939
6.756937
6.756934
6.756935
6.756937
6.756939
6.756938
6.756937
6.756933
6.756936
6.756932
6.756933
6.756932
6.756933
6.756934
6.756929
6.756931
6.756927
6.756928
6.756927
6.756928
6.756929
6.756927
6.756926
6.756927
6.756926
6.756926
6.756927
6.756930
6.756927
6.756928
6.756925
6.756924
6.756925
6.756926
6.756926
6.756923
6.756923
6.756923
6.756919
6.756919
6.756919
6.756919
6.756919
6.756918
6.756919
6.756920
6.756921
6.756919
6.756917
6.756917
6.756917
6.756916
6.756916
6.756915
6.756914
6.756912
6.756914
6.756915
6.756913
6.756911
6.756910
6.756912
6.756910
6.756908
6.756906
6.756907
6.756911
6.756911
6.756905
6.756909
6.756908
6.756907
6.756910
6.756905
6.756907
6.756907
6.756907
6.756908
6.756907
6.756906
6.756905
6.756906
6.756908
6.756907
6.756906
6.756906
6.756903
6.756904
6.756906
6.756902
6.756904
6.756902
6.756901
6.756900
6.756901
6.756905
6.756901
6.756899
6.756896
6.756898
6.756900
6.756898
6.756896
6.756895
6.756898
6.756897
6.756899
6.756897
6.756894
6.756893
6.756890
6.756892
6.756893
6.756893
6.756887
6.756884
6.756886
6.756888
6.756884
6.756883
6.756886
6.756888
6.756886
6.756885
6.756881
6.756882
6.756883
6.756882
6.756881
6.756881
6.756884
6.756883
6.756883
6.756884
6.756882
6.756880
6.756881
6.756879
6.756879
6.756879
6.756875
6.756876
6.756877
6.756876
6.756873
6.756876
6.756878
6.756877
6.756874
6.756868
6.756871
6.756873
6.756869
6.756873
6.756876
6.756868
6.756868
6.756872
6.756876
6.756874
6.756877
6.756875
6.756875
6.756872
6.756873
6.756874
6.756875
6.756877
6.756872
6.756873
6.756873
6.756872
6.756873
6.756876
6.756875
6.756874
6.756870
6.756869
6.756868
6.756869
6.756870
6.756871
6.756869
6.756864
6.756865
6.756866
6.756866
6.756863
6.756861
6.756863
6.756864
6.756860
6.756862
6.756858
6.756860
6.756862
6.756865
6.756861
6.756854
6.756851
6.756855
6.756857
6.756857
6.756851
6.756846
6.756847
6.756852
6.756855
6.756851
6.756845
6.756843
6.756842
6.756845
6.756848
6.756845
6.756840
6.756840
6.756837
6.756837
6.756840
6.756836
6.756831
6.756837
6.756837
6.756836
6.756834
6.756832
6.756828
6.756829
6.756830
6.756830
6.756827
6.756828
6.756832
6.756829
6.756827
6.756825
6.756825
6.756826
6.756823
6.756824
6.756827
6.756826
6.756822
6.756823
6.756824
6.756816
6.756817
6.756820
6.756820
6.756816
6.756812
6.756814
6.756814
6.756819
6.756816
6.756812
6.756808
6.756810
6.756814
6.756815
6.756811
6.756805
6.756804
6.756806
6.756804
6.756805
6.756803
6.756801
6.756800
6.756804
6.756806
6.756806
6.756802
6.756795
6.756796
6.756800
6.756803
6.756799
6.756803
6.756799
6.756794
6.756796
6.756798
6.756796
6.756798
6.756796
6.756793
6.756796
6.756799
6.756795
6.756794
6.756797
6.756798
6.756797
6.756799
6.756799
6.756794
6.756793
6.756796
6.756801
6.756797
6.756791
6.756793
6.756800
6.756801
6.756795
6.756797
6.756794
6.756790
6.756793
6.756797
6.756796
6.756793
6.756790
6.756797
6.756799
6.756789
6.756788
6.756792
6.756797
6.756795
6.756796
6.756790
6.756790
6.756785
6.756787
6.756792
6.756796
6.756792
6.756782
6.756783
6.756788
6.756791
6.756793
6.756787
6.756781
6.756776
6.756779
6.756786
6.756783
6.756784
6.756785
6.756780
6.756777
6.756774
6.756770
6.756770
6.756781
6.756785
6.756778
6.756772
6.756764
6.756767
6.756778
6.756787
6.756779
6.756771
6.756767
6.756766
6.756768
6.756767
6.756774
6.756777
6.756767
6.756760
6.756761
6.756773
6.756771
6.756758
6.756760
6.756760
6.756776
6.756759
6.756752
6.756751
6.756773
6.756775
6.756757
6.756748
6.756745
6.756756
6.756759
6.756746
6.756738
6.756745
6.756750
6.756749
6.756738
6.756739
6.756744
6.756749
6.756742
6.756743
6.756742
6.756740
6.756745
6.756744
6.756742
6.756732
6.756735
6.756739
6.756738
6.756738
6.756732
6.756730
6.756732
6.756733
6.756733
6.756728
6.756734
6.756730
6.756727
6.756725
6.756733
6.756736
6.756732
6.756732
6.756734
6.756730
6.756722
6.756727
6.756733
6.756725
6.756723
6.756720
6.756729
6.756724
6.756719
6.756724
6.756729
6.756719
6.756713
6.756715
6.756721
6.756721
6.756710
6.756712
6.756716
6.756715
6.756706
6.756709
6.756714
6.756716
6.756706
6.756713
6.756733
6.756726
6.756711
6.756704
6.756706
6.756728
6.756716
6.756711
6.756720
6.756725
6.756711
6.756707
6.756724
6.756728
6.756729
6.756721
6.756705
6.756708
6.756719
6.756717
6.756721
6.756719
6.756714
6.756719
6.756723
6.756723
6.756717
6.756714
6.756718
6.756716
6.756704
6.756693
6.756715
6.756713
6.756711
6.756689
6.756683
6.756711
6.756711
6.756699
6.756681
6.756689
6.756711
6.756708
6.756695
6.756685
6.756690
6.756704
6.756679
6.756678
6.756688
6.756696
6.756697
6.756673
6.756671
6.756696
6.756696
6.756692
6.756669
6.756673
6.756693
6.756690
6.756677
6.756660
6.756662
6.756687
6.756684
6.756687
6.756689
6.756686
6.756686
6.756684
6.756665
6.756691
6.756682
6.756680
6.756682
6.756688
6.756660
6.756682
6.756679
6.756679
6.756681
6.756682
6.756679
6.756685
6.756683
6.756680
6.756680
6.756679
6.756677
6.756672
6.756675
6.756673
6.756672
6.756677
6.756673
6.756678
6.756673
6.756670
6.756665
6.756666
6.756667
6.756672
6.756665
6.756658
6.756661
6.756666
6.756667
6.756661
6.756663
6.756662
6.756660
6.756664
6.756661
6.756661
6.756659
6.756653
6.756653
6.756660
6.756658
6.756650
6.756650
6.756657
6.756654
6.756651
6.756652
6.756648
6.756651
6.756649
6.756643
6.756643
6.756644
6.756640
6.756643
6.756639
6.756633
6.756634
6.756639
6.756632
6.756628
6.756632
6.756630
6.756631
6.756627
6.756624
6.756625
6.756626
6.756629
6.756625
6.756620
6.756623
6.756616
6.756619
6.756622
6.756619
6.756613
6.756614
6.756614
6.756613
6.756608
6.756608
6.756615
6.756613
6.756610
6.756607
6.756607
6.756613
6.756608
6.756608
6.756608
6.756604
6.756608
6.756605
6.756599
6.756599
6.756604
6.756604
6.756604
6.756598
6.756598
6.756601
6.756602
6.756600
6.756601
6.756598
6.756601
6.756600
6.756598
6.756597
6.756598
6.756602
6.756595
6.756597
6.756599
6.756597
6.756595
6.756598
6.756604
6.756594
6.756597
6.756595
6.756595
6.756597
6.756591
6.756592
6.756591
6.756589
6.756589
6.756589
6.756586
6.756585
6.756588
6.756588
6.756582
6.756580
6.756585
6.756587
6.756577
6.756577
6.756584
6.756582
6.756583
6.756575
6.756577
6.756579
6.756579
6.756577
6.756575
6.756578
6.756581
6.756583
6.756577
6.756573
6.756573
6.756572
6.756573
6.756570
6.756573
6.756570
6.756569
6.756568
6.756569
6.756571
6.756567
6.756569
6.756569
6.756567
6.756567
6.756565
6.756566
6.756565
6.756570
6.756566
6.756563
6.756567
6.756572
6.756566
6.756559
6.756565
6.756564
6.756562
6.756564
6.756562
6.756565
6.756559
6.756558
6.756559
6.756560
6.756562
6.756558
6.756558
6.756563
6.756562
6.756561
6.756557
6.756553
6.756554
6.756552
6.756553
6.756558
6.756554
6.756549
6.756550
6.756549
6.756547
6.756549
6.756550
6.756546
6.756547
6.756547
6.756546
6.756538
6.756543
6.756550
6.756548
6.756540
6.756539
6.756541
6.756538
6.756540
6.756536
6.756536
6.756533
6.756534
6.756535
6.756534
6.756535
6.756537
6.756536
6.756537
6.756533
6.756531
6.756528
6.756531
6.756538
6.756530
6.756530
6.756526
6.756533
6.756530
6.756523
6.756524
6.756529
6.756525
6.756524
6.756531
6.756536
6.756527
6.756520
6.756522
6.756522
6.756521
6.756521
6.756526
6.756526
6.756517
6.756520
6.756516
6.756516
6.756519
6.756522
6.756516
6.756517
6.756517
6.756515
6.756516
6.756514
6.756513
6.756516
6.756506
6.756510
6.756517
6.756513
6.756511
6.756516
6.756513
6.756514
6.756518
6.756511
6.756511
6.756510
6.756510
6.756506
6.756501
6.756499
6.756503
6.756499
6.756503
6.756502
6.756495
6.756495
6.756494
6.756498
6.756495
6.756490
6.756487
6.756488
6.756490
6.756492
6.756489
6.756490
6.756484
6.756484
6.756488
6.756488
6.756473
6.756473
6.756480
6.756487
6.756483
6.756469
6.756474
6.756475
6.756469
6.756473
6.756469
6.756455
6.756462
6.756465
6.756458
6.756460
6.756460
6.756458
6.756464
6.756457
6.756455
6.756450
6.756450
6.756452
6.756453
6.756449
6.756450
6.756457
6.756451
6.756448
6.756443
6.756446
6.756447
6.756452
6.756443
6.756439
6.756446
6.756438
6.756442
6.756441
6.756444
6.756439
6.756438
6.756440
6.756436
6.756436
6.756430
6.756442
6.756437
6.756435
6.756430
