0.857666 0.863019 0.837756 0.886309 0.818524 0.854785 0.861364 0.868699 0.843727 0.891140 0.822617 0.859239 0.861360 0.868698 0.843730 0.891139 0.822615 0.859239 0.852598 0.861570 0.835020 0.885425 0.813785 0.849826 0.852596 0.861578 0.835018 0.885424 0.813783 0.849831
0.248970 0.244829 0.250179 0.189182 0.257174 0.237154 0.243520 0.217132 0.225983 0.162178 0.252848 0.231960 0.243514 0.217133 0.225980 0.162178 0.252841 0.231965 0.256414 0.225967 0.232523 0.167387 0.262598 0.243437 0.256407 0.225970 0.232522 0.167384 0.262599 0.243437
0.239584 0.233569 0.240681 0.180714 0.248206 0.227576 0.232243 0.209016 0.219560 0.155832 0.241671 0.219758 0.232237 0.209017 0.219558 0.155830 0.241663 0.219764 0.248609 0.218573 0.227037 0.161494 0.255506 0.236027 0.248595 0.218577 0.227037 0.161489 0.255510 0.236031
0.227495 0.221923 0.230914 0.170632 0.239397 0.217488 0.221578 0.192206 0.206334 0.143437 0.234018 0.210993 0.221573 0.192207 0.206330 0.143431 0.234008 0.210998 0.235028 0.200685 0.213837 0.148649 0.245402 0.224361 0.235017 0.200687 0.213838 0.148646 0.245406 0.224360
0.229843 0.223708 0.233410 0.173183 0.240815 0.219008 0.223117 0.196501 0.209629 0.147258 0.234595 0.211454 0.223110 0.196504 0.209628 0.147256 0.234588 0.211461 0.238182 0.206307 0.218013 0.153175 0.247501 0.226905 0.238175 0.206309 0.218011 0.153173 0.247508 0.226901
0.219256 0.212198 0.223077 0.162175 0.231661 0.207893 0.213347 0.187774 0.202111 0.141096 0.226408 0.201533 0.213341 0.187776 0.202109 0.141093 0.226402 0.201539 0.226357 0.197015 0.210307 0.146650 0.237062 0.214293 0.226349 0.197018 0.210306 0.146648 0.237069 0.214291
0.210696 0.203082 0.214393 0.154708 0.224189 0.199246 0.205046 0.178893 0.194456 0.134943 0.218969 0.192964 0.205041 0.178894 0.194453 0.134940 0.218963 0.192968 0.217113 0.187774 0.202525 0.140210 0.229225 0.205435 0.217110 0.187776 0.202527 0.140209 0.229232 0.205433
0.199330 0.190552 0.203423 0.145453 0.215249 0.188593 0.194110 0.171321 0.188691 0.130215 0.210266 0.182355 0.194107 0.171325 0.188689 0.130213 0.210261 0.182358 0.205105 0.180728 0.197331 0.135928 0.219990 0.194747 0.205103 0.180729 0.197329 0.135930 0.219995 0.194747
0.188529 0.178894 0.193723 0.136751 0.206840 0.179432 0.183560 0.165180 0.183085 0.126015 0.201745 0.172856 0.183556 0.165182 0.183088 0.126015 0.201742 0.172862 0.193547 0.173882 0.191026 0.131297 0.211325 0.185464 0.193550 0.173882 0.191022 0.131300 0.211328 0.185459
0.181946 0.171995 0.187984 0.131949 0.201800 0.173589 0.176962 0.157923 0.176498 0.121014 0.196442 0.166656 0.176961 0.157926 0.176499 0.121014 0.196441 0.166661 0.186661 0.164963 0.182941 0.125179 0.206229 0.179785 0.186667 0.164965 0.182942 0.125180 0.206234 0.179777
0.175371 0.165096 0.182368 0.127443 0.196687 0.167602 0.170241 0.150656 0.170367 0.116526 0.190973 0.160266 0.170242 0.150660 0.170365 0.116526 0.190973 0.160269 0.180024 0.156964 0.176557 0.120374 0.201296 0.174016 0.180024 0.156964 0.176552 0.120378 0.201302 0.174006
0.168818 0.157949 0.176142 0.123086 0.191215 0.160706 0.163500 0.143761 0.163946 0.112464 0.184960 0.152922 0.163501 0.143763 0.163945 0.112465 0.184960 0.152924 0.173361 0.149226 0.170068 0.115629 0.196000 0.167228 0.173360 0.149225 0.170067 0.115634 0.196006 0.167223
0.165818 0.153639 0.173099 0.121116 0.188011 0.156101 0.159670 0.139709 0.160486 0.110831 0.180810 0.147557 0.159669 0.139713 0.160485 0.110831 0.180811 0.147560 0.170933 0.146997 0.168470 0.114505 0.193446 0.163192 0.170935 0.146997 0.168469 0.114509 0.193449 0.163184
0.159606 0.146260 0.167813 0.117559 0.183158 0.149471 0.153100 0.131392 0.153980 0.106639 0.175336 0.140413 0.153101 0.131395 0.153978 0.106641 0.175340 0.140417 0.165055 0.139440 0.163264 0.110496 0.189011 0.157030 0.165059 0.139438 0.163262 0.110498 0.189012 0.157018
0.151855 0.137686 0.161521 0.113559 0.177685 0.142186 0.145221 0.120467 0.145665 0.101255 0.169602 0.132727 0.145221 0.120471 0.145664 0.101256 0.169607 0.132727 0.157415 0.129160 0.156441 0.105441 0.183758 0.150028 0.157429 0.129153 0.156440 0.105444 0.183757 0.150021
0.140426 0.125890 0.151607 0.107372 0.169444 0.131620 0.133821 0.110154 0.137524 0.096245 0.161179 0.121617 0.133821 0.110159 0.137522 0.096246 0.161190 0.121615 0.145555 0.120864 0.150259 0.101340 0.175241 0.139156 0.145556 0.120857 0.150256 0.101348 0.175245 0.139153
0.128716 0.113092 0.139236 0.100002 0.159746 0.119205 0.121761 0.102219 0.129705 0.092046 0.150746 0.109122 0.121764 0.102223 0.129703 0.092045 0.150754 0.109126 0.133577 0.114694 0.144007 0.098210 0.165501 0.126324 0.133583 0.114691 0.144005 0.098214 0.165503 0.126323
0.122453 0.105646 0.131164 0.095312 0.153205 0.111289 0.114844 0.097009 0.124122 0.089501 0.143402 0.100861 0.114842 0.097011 0.124120 0.089500 0.143406 0.100860 0.126930 0.110142 0.139040 0.095953 0.158858 0.118175 0.126931 0.110139 0.139040 0.095956 0.158859 0.118170
0.116790 0.100048 0.125373 0.092806 0.147569 0.105131 0.108271 0.091772 0.118710 0.087997 0.136862 0.094305 0.108268 0.091773 0.118708 0.087995 0.136866 0.094300 0.121045 0.105581 0.134510 0.094541 0.153054 0.111673 0.121046 0.105577 0.134509 0.094546 0.153057 0.111663
0.105787 0.088056 0.115220 0.087827 0.138221 0.095793 0.097585 0.080346 0.108578 0.083713 0.127466 0.085472 0.097583 0.080349 0.108578 0.083712 0.127469 0.085468 0.110442 0.095069 0.125531 0.090885 0.143940 0.102645 0.110439 0.095062 0.125532 0.090893 0.143946 0.102637
0.098980 0.082695 0.109392 0.086742 0.132048 0.088790 0.090514 0.074714 0.101792 0.081602 0.120575 0.078889 0.090512 0.074719 0.101791 0.081601 0.120577 0.078887 0.103986 0.089342 0.120954 0.090083 0.138624 0.095538 0.103986 0.089336 0.120955 0.090090 0.138631 0.095530
0.100644 0.085157 0.110917 0.090367 0.131614 0.088193 0.089435 0.073963 0.099608 0.081154 0.117245 0.076495 0.089434 0.073967 0.099608 0.081155 0.117247 0.076495 0.107975 0.091995 0.123224 0.092710 0.140189 0.096247 0.107978 0.091989 0.123223 0.092714 0.140193 0.096239
0.110009 0.092697 0.122155 0.104795 0.141190 0.098451 0.100588 0.078886 0.105728 0.089871 0.128878 0.088668 0.100591 0.078890 0.105728 0.089871 0.128881 0.088676 0.115808 0.093557 0.126955 0.097954 0.147483 0.104666 0.115811 0.093547 0.126951 0.097960 0.147491 0.104661
0.099729 0.081487 0.110402 0.095594 0.130536 0.087879 0.090150 0.070879 0.096121 0.084913 0.118055 0.078204 0.090150 0.070881 0.096119 0.084914 0.118058 0.078211 0.106018 0.084786 0.117911 0.092823 0.137670 0.094719 0.106018 0.084774 0.117909 0.092825 0.137677 0.094719
0.118939 0.101136 0.129880 0.120247 0.148843 0.107620 0.113884 0.084047 0.109898 0.100998 0.140902 0.102242 0.113883 0.084050 0.109897 0.100997 0.140906 0.102253 0.120801 0.092423 0.127106 0.102633 0.151515 0.109931 0.120806 0.092409 0.127101 0.102640 0.151519 0.109925
0.149757 0.131838 0.162088 0.153580 0.177521 0.138372 0.145326 0.101151 0.128616 0.120068 0.172117 0.134356 0.145328 0.101156 0.128614 0.120069 0.172117 0.134369 0.152708 0.112780 0.147420 0.119708 0.179007 0.140110 0.152710 0.112765 0.147413 0.119714 0.179013 0.140109
0.167163 0.145246 0.172655 0.163763 0.186570 0.149290 0.158546 0.111630 0.138165 0.128970 0.177692 0.141632 0.158553 0.111633 0.138162 0.128970 0.177690 0.141649 0.174026 0.131334 0.163153 0.133744 0.191199 0.154663 0.174023 0.131316 0.163148 0.133749 0.191200 0.154662
0.175635 0.153021 0.181181 0.183636 0.197549 0.160244 0.172151 0.120945 0.147381 0.148124 0.194102 0.158355 0.172155 0.120949 0.147376 0.148124 0.194100 0.158374 0.178770 0.135141 0.167289 0.143873 0.198255 0.161608 0.178774 0.135121 0.167282 0.143880 0.198253 0.161604
0.210941 0.195789 0.223614 0.241700 0.240899 0.203331 0.219875 0.160464 0.183650 0.204727 0.248307 0.213455 0.219886 0.160468 0.183640 0.204723 0.248302 0.213466 0.201228 0.150368 0.183346 0.171394 0.229143 0.190923 0.201239 0.150346 0.183337 0.171403 0.229152 0.190929
0.261837 0.254394 0.279856 0.310120 0.294203 0.258701 0.280133 0.229078 0.249136 0.288806 0.309026 0.275960 0.280146 0.229091 0.249124 0.288799 0.309023 0.275972 0.241199 0.190470 0.224312 0.223652 0.273042 0.235885 0.241205 0.190449 0.224302 0.223662 0.273046 0.235884
0.293691 0.284141 0.311365 0.355079 0.323908 0.290765 0.314114 0.288617 0.310849 0.367497 0.339312 0.308841 0.314124 0.288626 0.310840 0.367487 0.339319 0.308856 0.270904 0.241679 0.279384 0.294869 0.302089 0.266893 0.270922 0.241654 0.279370 0.294878 0.302088 0.266886
0.345251 0.322344 0.352255 0.403139 0.358436 0.333582 0.354627 0.329229 0.351414 0.419057 0.360863 0.339491 0.354632 0.329233 0.351413 0.419048 0.360870 0.339498 0.331314 0.307779 0.344792 0.377000 0.346473 0.319204 0.331326 0.307761 0.344787 0.377000 0.346464 0.319222
0.421074 0.391773 0.407812 0.463455 0.409935 0.398408 0.415103 0.393103 0.405338 0.476932 0.396406 0.388681 0.415113 0.393111 0.405330 0.476925 0.396406 0.388693 0.414214 0.386078 0.412636 0.452097 0.406408 0.391664 0.414199 0.386066 0.412643 0.452102 0.406405 0.391697
0.437711 0.419525 0.437351 0.492983 0.437741 0.427416 0.447296 0.428698 0.445009 0.518335 0.439112 0.430494 0.447302 0.428710 0.444997 0.518333 0.439118 0.430496 0.419760 0.387988 0.421062 0.455472 0.425423 0.411548 0.419755 0.387962 0.421062 0.455479 0.425411 0.411567
0.513352 0.490530 0.502742 0.560189 0.500296 0.499875 0.520952 0.514590 0.519699 0.598515 0.500573 0.496283 0.520961 0.514602 0.519688 0.598513 0.500576 0.496287 0.503479 0.491399 0.513756 0.564699 0.494320 0.492584 0.503477 0.491390 0.513756 0.564705 0.494315 0.492597
0.557218 0.531132 0.542010 0.602068 0.539814 0.542564 0.565079 0.552097 0.554237 0.639948 0.542328 0.536493 0.565088 0.552112 0.554222 0.639951 0.542334 0.536494 0.553383 0.535877 0.554050 0.610366 0.537097 0.541127 0.553387 0.535867 0.554043 0.610377 0.537099 0.541124
0.580746 0.561654 0.574037 0.621755 0.570107 0.568260 0.595903 0.567745 0.574298 0.654313 0.582165 0.566223 0.595892 0.567757 0.574294 0.654317 0.582170 0.566225 0.575887 0.546879 0.569211 0.610894 0.565070 0.565495 0.575898 0.546877 0.569213 0.610900 0.565066 0.565489
0.674900 0.676641 0.677666 0.702316 0.666603 0.658245 0.712203 0.663041 0.661688 0.717134 0.698222 0.674732 0.712200 0.663046 0.661683 0.717145 0.698219 0.674734 0.657891 0.618715 0.634552 0.658380 0.649091 0.644008 0.657898 0.618703 0.634553 0.658376 0.649086 0.644018
0.706679 0.725202 0.732068 0.738640 0.708029 0.728792 0.748267 0.735362 0.744113 0.768770 0.749667 0.759734 0.748263 0.735362 0.744107 0.768780 0.749674 0.759747 0.683610 0.668239 0.686577 0.696866 0.685468 0.705838 0.683626 0.668226 0.686571 0.696871 0.685450 0.705843
0.764143 0.780485 0.785385 0.772640 0.747751 0.774397 0.789779 0.795075 0.798955 0.789850 0.773314 0.797399 0.789770 0.795080 0.798953 0.789856 0.773312 0.797397 0.739843 0.742634 0.749489 0.740855 0.723318 0.749922 0.739855 0.742629 0.749486 0.740850 0.723314 0.749929
0.772341 0.794049 0.797929 0.784909 0.756591 0.787299 0.796207 0.799434 0.805042 0.797635 0.781171 0.807937 0.796195 0.799444 0.805043 0.797642 0.781176 0.807933 0.746970 0.748622 0.755445 0.746469 0.731516 0.761522 0.746977 0.748618 0.755444 0.746475 0.731512 0.761522
0.791341 0.811517 0.812444 0.820335 0.783115 0.805370 0.820619 0.812902 0.816605 0.814488 0.810958 0.835655 0.820624 0.812913 0.816600 0.814486 0.810966 0.835651 0.762755 0.753311 0.759550 0.758317 0.754273 0.777336 0.762753 0.753309 0.759548 0.758319 0.754267 0.777338
0.796641 0.813898 0.814885 0.824908 0.789446 0.809755 0.829510 0.824503 0.829648 0.823444 0.819929 0.842769 0.829512 0.824515 0.829648 0.823447 0.819931 0.842765 0.768313 0.767526 0.773844 0.772766 0.761203 0.781918 0.768294 0.767525 0.773838 0.772764 0.761195 0.781922
0.808788 0.821533 0.829703 0.819907 0.794885 0.822618 0.828292 0.815806 0.830249 0.804296 0.813581 0.841430 0.828286 0.815806 0.830246 0.804301 0.813582 0.841430 0.786595 0.774904 0.787872 0.766357 0.772410 0.799408 0.786594 0.774901 0.787870 0.766359 0.772409 0.799405
0.825706 0.833572 0.846420 0.815826 0.810695 0.837960 0.837354 0.824846 0.841534 0.797285 0.823878 0.849413 0.837359 0.824852 0.841532 0.797287 0.823874 0.849411 0.810194 0.789863 0.805713 0.770311 0.794425 0.822709 0.810203 0.789864 0.805711 0.770307 0.794426 0.822703
0.851469 0.862596 0.871366 0.838269 0.835138 0.864287 0.854863 0.844117 0.861336 0.807057 0.841574 0.868455 0.854863 0.844118 0.861339 0.807058 0.841573 0.868449 0.838244 0.817554 0.832041 0.791869 0.821409 0.852650 0.838253 0.817549 0.832043 0.791864 0.821409 0.852653
0.891661 0.912814 0.906910 0.889427 0.871450 0.898606 0.887981 0.900785 0.898339 0.854397 0.868364 0.899268 0.887979 0.900789 0.898341 0.854394 0.868357 0.899268 0.876690 0.884083 0.876085 0.858026 0.855862 0.883220 0.876694 0.884085 0.876084 0.858017 0.855864 0.883216
0.923762 0.943533 0.929744 0.927005 0.903295 0.926762 0.926135 0.942570 0.929718 0.907390 0.902764 0.931094 0.926129 0.942567 0.929720 0.907388 0.902761 0.931093 0.910199 0.928651 0.911166 0.908652 0.889413 0.911893 0.910203 0.928659 0.911172 0.908650 0.889415 0.911895
0.937158 0.953004 0.938899 0.940373 0.918723 0.940173 0.943785 0.954897 0.942558 0.931410 0.922750 0.946644 0.943783 0.954896 0.942560 0.931408 0.922752 0.946643 0.927397 0.941335 0.924053 0.924945 0.908067 0.929678 0.927399 0.941336 0.924056 0.924943 0.908062 0.929678
0.942836 0.956888 0.944717 0.945091 0.926326 0.945981 0.950661 0.958966 0.947856 0.940698 0.933086 0.953092 0.950660 0.958964 0.947856 0.940697 0.933084 0.953091 0.934474 0.945583 0.929435 0.930031 0.916504 0.937006 0.934474 0.945580 0.929436 0.930030 0.916504 0.937006
0.944598 0.959690 0.948018 0.945424 0.929732 0.948199 0.952233 0.961001 0.950201 0.942745 0.938034 0.955061 0.952233 0.961002 0.950200 0.942746 0.938033 0.955060 0.936580 0.947673 0.931557 0.930433 0.920030 0.939260 0.936577 0.947668 0.931554 0.930433 0.920028 0.939262
0.941026 0.957690 0.947949 0.943227 0.928874 0.946794 0.949855 0.959744 0.951157 0.942649 0.938927 0.954518 0.949857 0.959748 0.951159 0.942649 0.938928 0.954515 0.931815 0.945803 0.931302 0.927018 0.918120 0.936943 0.931815 0.945798 0.931301 0.927020 0.918119 0.936947
0.951036 0.964140 0.954260 0.951240 0.938529 0.954762 0.959307 0.965971 0.956971 0.949633 0.947741 0.962027 0.959307 0.965973 0.956972 0.949633 0.947741 0.962025 0.944138 0.953852 0.939607 0.936685 0.929929 0.947102 0.944138 0.953848 0.939609 0.936684 0.929928 0.947107
0.956480 0.965765 0.958152 0.955086 0.945185 0.960358 0.963197 0.965953 0.959310 0.946570 0.952384 0.966562 0.963197 0.965954 0.959310 0.946570 0.952384 0.966560 0.951054 0.956627 0.945471 0.940461 0.938325 0.954797 0.951052 0.956628 0.945472 0.940457 0.938327 0.954800
0.962212 0.969534 0.963550 0.958781 0.951943 0.966165 0.968055 0.968776 0.963905 0.949231 0.958285 0.971298 0.968055 0.968776 0.963907 0.949231 0.958286 0.971297 0.957553 0.961114 0.951629 0.943796 0.946056 0.961708 0.957553 0.961113 0.951630 0.943791 0.946055 0.961714
0.964910 0.971622 0.966986 0.962153 0.956225 0.970190 0.971695 0.973375 0.969733 0.959521 0.963674 0.975310 0.971696 0.973375 0.969733 0.959521 0.963673 0.975308 0.960316 0.964346 0.957063 0.948280 0.950497 0.966029 0.960316 0.964347 0.957065 0.948274 0.950498 0.966034
0.966540 0.972710 0.967815 0.962173 0.957155 0.970696 0.971246 0.970142 0.966197 0.948228 0.961359 0.974116 0.971246 0.970142 0.966198 0.948228 0.961358 0.974114 0.962571 0.963809 0.955953 0.945312 0.952373 0.967301 0.962572 0.963808 0.955955 0.945307 0.952374 0.967306
0.963332 0.970550 0.965333 0.959323 0.953384 0.967554 0.965393 0.965007 0.961462 0.936432 0.954027 0.969394 0.965394 0.965006 0.961463 0.936432 0.954025 0.969392 0.959300 0.961014 0.952975 0.940887 0.948634 0.963978 0.959302 0.961018 0.952977 0.940882 0.948636 0.963982
0.967264 0.973842 0.968836 0.963359 0.957744 0.969832 0.971350 0.973806 0.968646 0.951449 0.959075 0.972437 0.971350 0.973806 0.968647 0.951448 0.959074 0.972435 0.962990 0.967198 0.958709 0.949654 0.952557 0.965722 0.962992 0.967200 0.958711 0.949651 0.952559 0.965726
0.973423 0.977406 0.975125 0.969991 0.966288 0.976695 0.976788 0.977774 0.974459 0.961180 0.966189 0.978637 0.976789 0.977774 0.974460 0.961181 0.966187 0.978634 0.969944 0.972184 0.965510 0.957588 0.962081 0.973668 0.969944 0.972188 0.965512 0.957587 0.962082 0.973673
0.976004 0.977156 0.975316 0.972366 0.968810 0.978374 0.979599 0.978234 0.975096 0.959613 0.967115 0.980373 0.979600 0.978234 0.975097 0.959612 0.967114 0.980371 0.972484 0.972726 0.967619 0.960547 0.965175 0.976013 0.972485 0.972729 0.967622 0.960544 0.965175 0.976015
0.966751 0.974177 0.970730 0.964095 0.958826 0.970523 0.968712 0.975351 0.971844 0.956921 0.957192 0.971138 0.968714 0.975350 0.971845 0.956922 0.957191 0.971136 0.962276 0.970098 0.963073 0.954565 0.953281 0.966176 0.962277 0.970101 0.963073 0.954568 0.953282 0.966177
0.968379 0.973568 0.970443 0.965860 0.960574 0.971578 0.970826 0.974952 0.970607 0.954021 0.957661 0.971769 0.970828 0.974951 0.970608 0.954021 0.957661 0.971765 0.964269 0.968411 0.962269 0.955114 0.956112 0.968063 0.964271 0.968412 0.962269 0.955114 0.956112 0.968067
0.976075 0.977625 0.976617 0.972131 0.969805 0.978640 0.978062 0.978722 0.976228 0.962313 0.967185 0.979162 0.978064 0.978722 0.976229 0.962313 0.967186 0.979160 0.973009 0.973301 0.969406 0.962071 0.966351 0.976444 0.973010 0.973303 0.969408 0.962071 0.966352 0.976446
0.977117 0.978100 0.978428 0.971849 0.971220 0.980116 0.979156 0.978889 0.979762 0.967008 0.970728 0.981244 0.979156 0.978888 0.979762 0.967009 0.970730 0.981241 0.973695 0.975260 0.973930 0.964793 0.967501 0.977783 0.973699 0.975262 0.973932 0.964793 0.967501 0.977786
0.978232 0.976617 0.977349 0.971838 0.971468 0.979795 0.978407 0.976444 0.976142 0.955258 0.967318 0.979827 0.978409 0.976443 0.976143 0.955256 0.967320 0.979824 0.975738 0.972704 0.972313 0.962558 0.969280 0.978301 0.975741 0.972706 0.972315 0.962559 0.969282 0.978306
0.957585 0.968565 0.961703 0.952000 0.945430 0.959000 0.959299 0.970045 0.963549 0.944242 0.945433 0.960067 0.959297 0.970044 0.963551 0.944241 0.945434 0.960066 0.952623 0.962756 0.953903 0.942419 0.939171 0.953438 0.952626 0.962754 0.953906 0.942420 0.939171 0.953444
0.959883 0.969163 0.963878 0.955634 0.949265 0.962161 0.961618 0.969916 0.964602 0.945324 0.948920 0.963133 0.961619 0.969915 0.964603 0.945323 0.948920 0.963132 0.955426 0.963257 0.955861 0.944932 0.943632 0.957323 0.955428 0.963257 0.955863 0.944927 0.943633 0.957327
0.977713 0.974928 0.977093 0.973649 0.973933 0.980222 0.980051 0.976089 0.977216 0.961416 0.972365 0.982009 0.980052 0.976089 0.977217 0.961416 0.972369 0.982008 0.975789 0.972026 0.973809 0.965057 0.972022 0.978875 0.975788 0.972027 0.973809 0.965061 0.972023 0.978879
0.977754 0.974475 0.975096 0.972139 0.972526 0.979023 0.983477 0.979065 0.981312 0.968081 0.975016 0.983765 0.983478 0.979065 0.981313 0.968082 0.975021 0.983766 0.974495 0.974831 0.976355 0.968477 0.969038 0.976514 0.974493 0.974831 0.976354 0.968480 0.969037 0.976518
0.972075 0.975334 0.973906 0.968094 0.966039 0.975580 0.975523 0.976810 0.975835 0.963747 0.968136 0.977684 0.975524 0.976810 0.975835 0.963749 0.968137 0.977685 0.969125 0.971958 0.969029 0.959201 0.962329 0.972668 0.969124 0.971959 0.969028 0.959203 0.962330 0.972672
0.969206 0.973434 0.971533 0.966571 0.962483 0.973035 0.971871 0.973453 0.970626 0.954084 0.961875 0.974105 0.971871 0.973453 0.970627 0.954085 0.961877 0.974103 0.965870 0.968264 0.963666 0.954348 0.958495 0.970065 0.965869 0.968265 0.963667 0.954349 0.958494 0.970069
0.970598 0.972006 0.971402 0.969662 0.965171 0.975692 0.973357 0.972077 0.970436 0.953320 0.962582 0.976952 0.973358 0.972077 0.970437 0.953320 0.962584 0.976950 0.967413 0.967571 0.964492 0.957546 0.961978 0.973601 0.967416 0.967572 0.964493 0.957546 0.961977 0.973605
0.970603 0.971344 0.970378 0.968936 0.964011 0.975324 0.973642 0.972358 0.971006 0.953067 0.960919 0.976844 0.973643 0.972358 0.971006 0.953065 0.960920 0.976841 0.967133 0.968162 0.965375 0.959326 0.960725 0.973168 0.967135 0.968163 0.965375 0.959326 0.960723 0.973169
0.970328 0.973033 0.972088 0.968153 0.963241 0.975533 0.970742 0.971540 0.969649 0.949635 0.958149 0.974877 0.970741 0.971542 0.969650 0.949635 0.958149 0.974875 0.967214 0.967830 0.964197 0.956542 0.960066 0.973453 0.967216 0.967831 0.964196 0.956544 0.960066 0.973456
0.969048 0.973566 0.972418 0.965365 0.961244 0.973999 0.968117 0.971778 0.969832 0.949200 0.956509 0.972461 0.968116 0.971778 0.969833 0.949201 0.956510 0.972459 0.966025 0.968149 0.964468 0.954689 0.957819 0.971544 0.966025 0.968148 0.964468 0.954687 0.957819 0.971548
0.971934 0.975080 0.974988 0.967411 0.965396 0.976537 0.971511 0.974474 0.973837 0.955125 0.962094 0.975593 0.971510 0.974475 0.973837 0.955126 0.962095 0.975592 0.969417 0.971042 0.969129 0.958594 0.962395 0.974606 0.969416 0.971041 0.969128 0.958593 0.962395 0.974609
0.976385 0.976117 0.977206 0.971677 0.970904 0.979819 0.977996 0.977417 0.978642 0.963563 0.969711 0.980856 0.977995 0.977418 0.978643 0.963564 0.969713 0.980855 0.974091 0.973953 0.974005 0.964881 0.968002 0.978183 0.974092 0.973954 0.974004 0.964882 0.968000 0.978186
0.976314 0.974474 0.975201 0.971956 0.971267 0.979198 0.980624 0.978041 0.979982 0.967727 0.972525 0.982435 0.980625 0.978041 0.979982 0.967728 0.972527 0.982434 0.973601 0.973603 0.974300 0.967087 0.968147 0.977250 0.973603 0.973603 0.974299 0.967089 0.968146 0.977256
0.975296 0.974122 0.974993 0.972360 0.971062 0.978992 0.979130 0.976707 0.978004 0.965959 0.972174 0.981520 0.979130 0.976707 0.978004 0.965961 0.972176 0.981521 0.973129 0.972525 0.973033 0.966101 0.968358 0.977361 0.973128 0.972525 0.973032 0.966102 0.968356 0.977366
0.970169 0.972701 0.971986 0.968328 0.964687 0.974454 0.973942 0.974212 0.973211 0.959129 0.965803 0.976550 0.973942 0.974212 0.973211 0.959130 0.965805 0.976551 0.967322 0.969448 0.966808 0.958579 0.961087 0.971774 0.967320 0.969448 0.966806 0.958576 0.961088 0.971779
0.968248 0.972242 0.970448 0.966075 0.961480 0.971966 0.971876 0.972968 0.970648 0.954150 0.962645 0.974133 0.971877 0.972968 0.970649 0.954151 0.962645 0.974133 0.964926 0.967929 0.963707 0.954077 0.957251 0.968723 0.964926 0.967929 0.963706 0.954075 0.957252 0.968728
0.971208 0.973917 0.973023 0.968489 0.965021 0.974881 0.974351 0.973690 0.971864 0.953355 0.965286 0.976595 0.974350 0.973690 0.971864 0.953355 0.965287 0.976594 0.968302 0.969460 0.965835 0.955175 0.961353 0.972190 0.968303 0.969461 0.965835 0.955172 0.961354 0.972195
0.976472 0.976359 0.976753 0.972495 0.971098 0.979727 0.979078 0.975885 0.975566 0.955948 0.970726 0.981283 0.979078 0.975885 0.975567 0.955948 0.970728 0.981283 0.974178 0.972814 0.971021 0.959752 0.968162 0.978021 0.974177 0.972814 0.971019 0.959751 0.968161 0.978027
0.979055 0.978001 0.978120 0.972937 0.972543 0.981170 0.981858 0.977811 0.978407 0.958744 0.972876 0.983183 0.981858 0.977811 0.978406 0.958745 0.972878 0.983182 0.976245 0.975017 0.974025 0.961549 0.969147 0.979202 0.976245 0.975018 0.974024 0.961550 0.969147 0.979204
0.979591 0.979080 0.979236 0.972385 0.972801 0.981655 0.982150 0.978635 0.979352 0.961400 0.973553 0.983246 0.982151 0.978635 0.979352 0.961401 0.973554 0.983245 0.976503 0.975262 0.974220 0.961104 0.969083 0.979417 0.976502 0.975260 0.974220 0.961104 0.969083 0.979418
0.979144 0.979599 0.979924 0.972743 0.972745 0.981453 0.980198 0.977947 0.977991 0.958240 0.971268 0.981619 0.980199 0.977947 0.977991 0.958241 0.971268 0.981617 0.976700 0.974966 0.973590 0.960380 0.969706 0.979522 0.976697 0.974965 0.973589 0.960380 0.969708 0.979521
0.976772 0.978223 0.978246 0.971905 0.970614 0.979253 0.977423 0.976968 0.975848 0.952607 0.967089 0.978687 0.977423 0.976968 0.975848 0.952609 0.967090 0.978686 0.974493 0.974340 0.972274 0.959222 0.967799 0.977333 0.974493 0.974340 0.972274 0.959223 0.967800 0.977332
0.976888 0.978520 0.978486 0.972342 0.970874 0.979080 0.977662 0.977847 0.976804 0.955866 0.967546 0.978704 0.977662 0.977847 0.976803 0.955866 0.967546 0.978702 0.974628 0.975113 0.973254 0.960885 0.968078 0.977054 0.974631 0.975113 0.973256 0.960886 0.968078 0.977055
0.977241 0.978416 0.980014 0.971817 0.972435 0.980701 0.978200 0.977098 0.979018 0.962830 0.971031 0.980458 0.978201 0.977098 0.979018 0.962830 0.971032 0.980456 0.974761 0.973920 0.974911 0.962197 0.969684 0.978688 0.974763 0.973921 0.974912 0.962199 0.969684 0.978690
0.982576 0.979558 0.980943 0.976877 0.977701 0.983405 0.984235 0.980883 0.982194 0.966268 0.975947 0.984338 0.984236 0.980883 0.982193 0.966269 0.975947 0.984336 0.981119 0.978074 0.979400 0.969966 0.976299 0.982406 0.981118 0.978075 0.979399 0.969967 0.976300 0.982407
0.983109 0.980521 0.982311 0.976860 0.978954 0.984473 0.984956 0.981181 0.983097 0.969830 0.978648 0.985354 0.984957 0.981181 0.983097 0.969830 0.978648 0.985352 0.981955 0.978512 0.980214 0.970074 0.977721 0.983612 0.981954 0.978513 0.980213 0.970075 0.977723 0.983613
0.981778 0.980362 0.981724 0.975539 0.977910 0.983389 0.983321 0.980512 0.981523 0.966238 0.977199 0.983798 0.983322 0.980513 0.981524 0.966239 0.977199 0.983796 0.980745 0.977946 0.978841 0.967610 0.976901 0.982562 0.980745 0.977947 0.978841 0.967610 0.976902 0.982563
0.980845 0.979581 0.980823 0.974241 0.976481 0.982205 0.981310 0.978408 0.978790 0.957415 0.974113 0.981764 0.981310 0.978408 0.978790 0.957416 0.974114 0.981762 0.979809 0.976359 0.976879 0.963324 0.975678 0.981468 0.979808 0.976360 0.976878 0.963324 0.975679 0.981470
0.983945 0.981369 0.983727 0.976791 0.979783 0.984917 0.984873 0.980799 0.982271 0.966489 0.978683 0.984969 0.984873 0.980800 0.982271 0.966491 0.978684 0.984968 0.983188 0.978621 0.980065 0.967963 0.978913 0.984282 0.983188 0.978621 0.980064 0.967962 0.978915 0.984283
0.985498 0.981866 0.984565 0.978000 0.980391 0.985745 0.985960 0.980860 0.982452 0.964661 0.978497 0.985581 0.985961 0.980860 0.982452 0.964662 0.978498 0.985581 0.984616 0.979023 0.980864 0.968263 0.979386 0.985038 0.984616 0.979023 0.980863 0.968263 0.979388 0.985039
0.983172 0.981313 0.983768 0.976202 0.978220 0.984053 0.982667 0.979415 0.980145 0.960900 0.975084 0.983031 0.982668 0.979415 0.980145 0.960901 0.975086 0.983030 0.982189 0.977622 0.978358 0.964632 0.977082 0.983208 0.982190 0.977622 0.978357 0.964633 0.977085 0.983209
0.981426 0.980692 0.982640 0.974918 0.976051 0.982578 0.980710 0.978408 0.978377 0.957398 0.972388 0.981308 0.980711 0.978408 0.978378 0.957400 0.972391 0.981307 0.980051 0.976671 0.976362 0.962312 0.974489 0.981406 0.980052 0.976670 0.976362 0.962311 0.974493 0.981407
0.983886 0.981542 0.984109 0.976981 0.978578 0.984537 0.983338 0.979580 0.980464 0.961844 0.975420 0.983542 0.983338 0.979579 0.980464 0.961846 0.975422 0.983541 0.982764 0.977891 0.978771 0.965746 0.977353 0.983658 0.982764 0.977891 0.978770 0.965748 0.977356 0.983659
0.985121 0.981913 0.984671 0.977759 0.980057 0.985539 0.985399 0.980715 0.982411 0.965943 0.978034 0.985269 0.985399 0.980715 0.982411 0.965944 0.978036 0.985268 0.983971 0.978965 0.980829 0.968682 0.978914 0.984690 0.983971 0.978964 0.980828 0.968682 0.978916 0.984691
0.984227 0.981775 0.984054 0.976838 0.979394 0.984843 0.984225 0.980177 0.981032 0.963088 0.976949 0.984061 0.984224 0.980176 0.981032 0.963090 0.976950 0.984060 0.983155 0.978283 0.979190 0.966457 0.978390 0.984134 0.983155 0.978284 0.979189 0.966458 0.978391 0.984135
0.983125 0.981511 0.983426 0.975789 0.978516 0.984099 0.983186 0.979988 0.980667 0.963072 0.976344 0.983273 0.983186 0.979987 0.980667 0.963074 0.976346 0.983272 0.981987 0.978019 0.978613 0.965691 0.977432 0.983334 0.981988 0.978018 0.978612 0.965691 0.977434 0.983335
0.985284 0.982017 0.984696 0.977515 0.980695 0.985647 0.985367 0.980826 0.982421 0.965349 0.978567 0.984987 0.985367 0.980826 0.982421 0.965351 0.978568 0.984986 0.984439 0.979057 0.980856 0.968510 0.979932 0.985107 0.984438 0.979057 0.980854 0.968509 0.979933 0.985108
0.984763 0.981750 0.984918 0.977572 0.980347 0.985715 0.985202 0.980961 0.983297 0.969110 0.979020 0.985392 0.985202 0.980960 0.983297 0.969112 0.979021 0.985391 0.983860 0.979217 0.981581 0.969932 0.979325 0.985059 0.983860 0.979217 0.981580 0.969932 0.979327 0.985060
0.984550 0.980598 0.983625 0.976935 0.979785 0.984615 0.983832 0.978825 0.980018 0.957656 0.975983 0.983093 0.983832 0.978824 0.980019 0.957657 0.975983 0.983092 0.983842 0.977288 0.978971 0.965096 0.979390 0.984206 0.983842 0.977289 0.978969 0.965095 0.979390 0.984207
0.974754 0.977540 0.979054 0.969318 0.971021 0.979122 0.976347 0.976761 0.978377 0.964780 0.971843 0.979268 0.976347 0.976761 0.978377 0.964781 0.971844 0.979267 0.972301 0.973397 0.973900 0.960596 0.968291 0.976765 0.972302 0.973399 0.973900 0.960595 0.968293 0.976767
0.983044 0.978948 0.982137 0.976767 0.979733 0.984784 0.985453 0.979900 0.982976 0.970223 0.981150 0.986252 0.985453 0.979900 0.982976 0.970224 0.981150 0.986251 0.982108 0.977748 0.980363 0.970875 0.978531 0.984043 0.982107 0.977749 0.980361 0.970874 0.978531 0.984045
0.971796 0.967540 0.969121 0.966053 0.969262 0.974417 0.980923 0.975208 0.978344 0.965253 0.976680 0.981855 0.980923 0.975207 0.978344 0.965253 0.976679 0.981853 0.967738 0.968472 0.969472 0.962827 0.965494 0.970920 0.967739 0.968473 0.969471 0.962825 0.965493 0.970922
0.969781 0.970093 0.970328 0.968025 0.966627 0.976939 0.974884 0.973543 0.975425 0.966075 0.971851 0.980162 0.974884 0.973542 0.975426 0.966075 0.971851 0.980161 0.968604 0.970332 0.970290 0.964162 0.964994 0.976204 0.968604 0.970333 0.970289 0.964160 0.964994 0.976205
0.943622 0.944188 0.943375 0.947620 0.938874 0.955511 0.956245 0.958138 0.958517 0.953325 0.950481 0.965447 0.956244 0.958136 0.958519 0.953323 0.950477 0.965447 0.937133 0.944420 0.943322 0.944150 0.933087 0.950849 0.937130 0.944423 0.943322 0.944148 0.933083 0.950851
0.808806 0.832944 0.821697 0.851837 0.808412 0.821473 0.815772 0.841208 0.830573 0.856584 0.809370 0.819582 0.815770 0.841203 0.830576 0.856587 0.809370 0.819583 0.784309 0.814090 0.805792 0.841393 0.787561 0.796173 0.784295 0.814098 0.805794 0.841391 0.787558 0.796180
0.727510 0.755991 0.727240 0.791043 0.720544 0.708126 0.710002 0.711773 0.680869 0.764550 0.685583 0.679030 0.710001 0.711771 0.680872 0.764550 0.685577 0.679033 0.699084 0.718767 0.695450 0.766853 0.697966 0.682527 0.699073 0.718766 0.695448 0.766854 0.697958 0.682539
0.628129 0.646162 0.610553 0.721024 0.607239 0.602775 0.572045 0.548272 0.522088 0.613060 0.539472 0.549040 0.572047 0.548274 0.522091 0.613061 0.539470 0.549046 0.602455 0.601824 0.575441 0.677069 0.587960 0.577956 0.602449 0.601831 0.575445 0.677070 0.587952 0.577963
0.573423 0.588393 0.558802 0.672928 0.554017 0.553701 0.511230 0.482356 0.457193 0.551277 0.483426 0.496487 0.511229 0.482356 0.457199 0.551277 0.483423 0.496493 0.549432 0.539620 0.517587 0.623033 0.536569 0.530493 0.549427 0.539622 0.517592 0.623038 0.536566 0.530498
0.595427 0.611021 0.580720 0.688439 0.571579 0.575462 0.528386 0.497845 0.471233 0.570656 0.498699 0.514534 0.528386 0.497843 0.471235 0.570656 0.498694 0.514541 0.574548 0.560036 0.536014 0.641435 0.557224 0.555813 0.574545 0.560038 0.536021 0.641438 0.557221 0.555821
0.590674 0.605341 0.576302 0.682546 0.566053 0.570603 0.520431 0.489539 0.463164 0.560047 0.490784 0.507577 0.520430 0.489538 0.463166 0.560047 0.490780 0.507587 0.570614 0.553525 0.530381 0.633717 0.552556 0.551729 0.570608 0.553525 0.530388 0.633722 0.552554 0.551740
0.552593 0.567974 0.541732 0.649496 0.531865 0.535450 0.481060 0.451904 0.427848 0.516389 0.455797 0.472179 0.481058 0.451904 0.427849 0.516390 0.455794 0.472185 0.530208 0.514818 0.495526 0.595526 0.516488 0.514315 0.530203 0.514818 0.495530 0.595528 0.516487 0.514320
0.543737 0.561171 0.536655 0.645328 0.526061 0.528352 0.473826 0.442041 0.421035 0.507481 0.450285 0.466551 0.473824 0.442040 0.421037 0.507481 0.450282 0.466558 0.518146 0.501952 0.486002 0.585484 0.507989 0.504309 0.518143 0.501954 0.486006 0.585485 0.507987 0.504313
0.585899 0.609908 0.582469 0.684567 0.570959 0.570005 0.526352 0.490260 0.470374 0.563840 0.500288 0.514854 0.526352 0.490258 0.470374 0.563840 0.500285 0.514859 0.555326 0.542596 0.527773 0.626794 0.549199 0.542563 0.555320 0.542600 0.527771 0.626794 0.549198 0.542563
0.631731 0.661926 0.635177 0.720851 0.621065 0.615774 0.583523 0.549444 0.528658 0.623005 0.556384 0.567905 0.583522 0.549445 0.528658 0.623004 0.556381 0.567913 0.598791 0.593301 0.577208 0.668394 0.596841 0.587137 0.598787 0.593300 0.577207 0.668397 0.596840 0.587140
0.656625 0.689961 0.662177 0.738954 0.645523 0.639580 0.609179 0.579172 0.557835 0.642681 0.582317 0.591511 0.609177 0.579173 0.557835 0.642682 0.582313 0.591518 0.622975 0.620589 0.602706 0.685892 0.619860 0.610309 0.622969 0.620589 0.602705 0.685895 0.619860 0.610310
0.680005 0.716965 0.688507 0.755230 0.670413 0.663906 0.637060 0.616386 0.593759 0.666814 0.610915 0.618552 0.637061 0.616386 0.593757 0.666815 0.610912 0.618557 0.644925 0.650181 0.630267 0.703271 0.642332 0.632987 0.644918 0.650181 0.630266 0.703273 0.642332 0.632992
0.714218 0.752477 0.728933 0.778808 0.709991 0.705194 0.684844 0.681386 0.655789 0.716875 0.662402 0.666131 0.684842 0.681387 0.655787 0.716876 0.662401 0.666134 0.678800 0.695644 0.676786 0.735753 0.680426 0.673005 0.678793 0.695644 0.676785 0.735756 0.680425 0.673014
0.756363 0.788757 0.775119 0.811509 0.755435 0.764294 0.739090 0.753163 0.729360 0.773734 0.726041 0.729266 0.739089 0.753165 0.729359 0.773734 0.726039 0.729269 0.723337 0.742101 0.731373 0.775911 0.727718 0.733064 0.723331 0.742101 0.731372 0.775911 0.727719 0.733071
0.796632 0.818921 0.813001 0.843933 0.795987 0.813387 0.786754 0.801683 0.790033 0.818488 0.779396 0.795042 0.786758 0.801683 0.790031 0.818489 0.779395 0.795044 0.766747 0.778443 0.775669 0.811728 0.771097 0.785132 0.766747 0.778444 0.775667 0.811728 0.771097 0.785138
0.827183 0.842644 0.840868 0.865768 0.827834 0.844960 0.824332 0.832970 0.831418 0.852597 0.819381 0.839528 0.824336 0.832971 0.831414 0.852596 0.819383 0.839531 0.798804 0.807236 0.810173 0.836990 0.804798 0.819112 0.798799 0.807241 0.810173 0.836989 0.804798 0.819115
0.872435 0.879860 0.880314 0.896435 0.869722 0.886547 0.872239 0.874649 0.877696 0.890308 0.864349 0.884866 0.872240 0.874647 0.877693 0.890306 0.864353 0.884863 0.848835 0.852798 0.856401 0.872264 0.850358 0.865949 0.848830 0.852802 0.856402 0.872259 0.850356 0.865958
0.921132 0.922200 0.923840 0.930120 0.916718 0.934907 0.931310 0.929429 0.932127 0.933050 0.922595 0.940798 0.931308 0.929428 0.932130 0.933049 0.922596 0.940795 0.903968 0.904109 0.906538 0.913662 0.902172 0.921219 0.903966 0.904112 0.906541 0.913661 0.902172 0.921220
0.949063 0.948676 0.949964 0.950610 0.945416 0.959598 0.962218 0.956784 0.959756 0.955152 0.956982 0.968722 0.962217 0.956783 0.959757 0.955153 0.956981 0.968722 0.938054 0.935376 0.937674 0.939034 0.936061 0.951359 0.938052 0.935377 0.937673 0.939033 0.936058 0.951359
0.961774 0.960199 0.962036 0.960637 0.959578 0.969533 0.974098 0.969890 0.973215 0.966658 0.970234 0.978017 0.974097 0.969890 0.973215 0.966658 0.970233 0.978017 0.954774 0.954097 0.956402 0.953524 0.953637 0.964331 0.954771 0.954097 0.956400 0.953523 0.953636 0.964333
0.964002 0.962565 0.964744 0.962578 0.962391 0.970927 0.975846 0.972642 0.976089 0.968480 0.972143 0.979349 0.975846 0.972642 0.976090 0.968479 0.972143 0.979348 0.957023 0.959008 0.961043 0.955954 0.956601 0.965669 0.957022 0.959008 0.961043 0.955955 0.956602 0.965671
0.962920 0.961715 0.963958 0.961364 0.962454 0.969899 0.976561 0.973604 0.977191 0.969339 0.973321 0.979364 0.976561 0.973604 0.977192 0.969339 0.973321 0.979364 0.955195 0.960319 0.962493 0.956992 0.956338 0.964026 0.955194 0.960320 0.962493 0.956992 0.956337 0.964028
0.969174 0.966217 0.968579 0.966552 0.967642 0.974562 0.980093 0.976010 0.979876 0.971678 0.976672 0.981784 0.980094 0.976010 0.979876 0.971678 0.976672 0.981784 0.964236 0.966998 0.969634 0.964927 0.963504 0.970792 0.964233 0.966999 0.969634 0.964927 0.963504 0.970793
0.974823 0.971155 0.973553 0.971566 0.972694 0.978983 0.981698 0.977239 0.981199 0.971915 0.978454 0.983480 0.981698 0.977238 0.981199 0.971915 0.978453 0.983480 0.972685 0.972085 0.974930 0.969667 0.970531 0.977167 0.972683 0.972086 0.974930 0.969667 0.970530 0.977168
0.976157 0.972276 0.974642 0.972303 0.973924 0.979910 0.982650 0.977806 0.981745 0.972379 0.979271 0.984150 0.982649 0.977805 0.981745 0.972380 0.979270 0.984150 0.974256 0.972927 0.975721 0.970249 0.972031 0.978308 0.974255 0.972927 0.975720 0.970249 0.972031 0.978310
0.975100 0.971249 0.973422 0.970696 0.972710 0.978858 0.983001 0.977840 0.981553 0.972536 0.979153 0.984051 0.983001 0.977839 0.981553 0.972537 0.979153 0.984051 0.972138 0.971200 0.973570 0.968028 0.970051 0.976561 0.972136 0.971200 0.973571 0.968028 0.970050 0.976562
0.976288 0.972639 0.974833 0.971508 0.973672 0.979957 0.983386 0.978120 0.981882 0.973086 0.979374 0.984468 0.983385 0.978120 0.981882 0.973087 0.979373 0.984469 0.973646 0.971787 0.974091 0.968184 0.971204 0.977946 0.973645 0.971788 0.974091 0.968183 0.971205 0.977946
0.978960 0.974584 0.977115 0.974274 0.976158 0.981758 0.984186 0.978860 0.982772 0.973818 0.980136 0.985142 0.984185 0.978860 0.982772 0.973819 0.980135 0.985142 0.977588 0.973949 0.976599 0.971211 0.974744 0.980552 0.977587 0.973949 0.976598 0.971211 0.974744 0.980552
0.979674 0.975113 0.977865 0.975013 0.976874 0.982249 0.984405 0.979044 0.983028 0.973884 0.980213 0.985204 0.984404 0.979044 0.983028 0.973884 0.980212 0.985204 0.978613 0.974568 0.977462 0.972145 0.975767 0.981261 0.978613 0.974568 0.977462 0.972145 0.975768 0.981261
0.979263 0.975167 0.977508 0.974352 0.976152 0.981911 0.984458 0.979182 0.983179 0.974067 0.980034 0.985307 0.984457 0.979182 0.983179 0.974068 0.980034 0.985307 0.977774 0.974711 0.977314 0.971555 0.974520 0.980573 0.977773 0.974711 0.977314 0.971555 0.974521 0.980573
0.978315 0.973987 0.976213 0.973130 0.975148 0.980828 0.984763 0.979250 0.983153 0.973694 0.980110 0.985118 0.984762 0.979250 0.983154 0.973695 0.980109 0.985117 0.976114 0.974177 0.976837 0.970913 0.972978 0.978973 0.976112 0.974177 0.976838 0.970912 0.972979 0.978974
0.980123 0.975925 0.978358 0.975011 0.977136 0.982559 0.984991 0.979496 0.983569 0.973504 0.980718 0.985704 0.984990 0.979496 0.983568 0.973504 0.980718 0.985704 0.978874 0.976422 0.979449 0.972760 0.975718 0.981412 0.978874 0.976422 0.979449 0.972760 0.975720 0.981412
0.980821 0.976146 0.978824 0.975674 0.978035 0.982915 0.985258 0.979329 0.983237 0.972129 0.981176 0.985788 0.985257 0.979328 0.983237 0.972130 0.981176 0.985788 0.979874 0.976614 0.979948 0.972787 0.977024 0.982027 0.979875 0.976613 0.979947 0.972785 0.977025 0.982026
0.980412 0.976065 0.978558 0.975057 0.977546 0.982781 0.985324 0.979499 0.983544 0.972888 0.981232 0.985899 0.985323 0.979499 0.983543 0.972888 0.981231 0.985899 0.979148 0.976716 0.979850 0.972662 0.976152 0.981697 0.979148 0.976715 0.979850 0.972661 0.976153 0.981697
0.979509 0.975303 0.977635 0.973997 0.976501 0.982067 0.985163 0.979490 0.983570 0.973250 0.980949 0.985688 0.985163 0.979491 0.983570 0.973250 0.980948 0.985688 0.977708 0.975958 0.978899 0.971882 0.974631 0.980617 0.977707 0.975957 0.978900 0.971881 0.974632 0.980617
0.980385 0.975887 0.978399 0.975038 0.977476 0.982704 0.985325 0.979560 0.983655 0.973357 0.981206 0.985872 0.985325 0.979561 0.983655 0.973357 0.981206 0.985873 0.979096 0.976329 0.979360 0.972593 0.976117 0.981634 0.979096 0.976328 0.979361 0.972592 0.976118 0.981633
0.980811 0.976536 0.979266 0.975673 0.978017 0.983282 0.984915 0.979546 0.983629 0.973604 0.980940 0.985740 0.984914 0.979547 0.983628 0.973605 0.980940 0.985741 0.979954 0.976698 0.979839 0.973113 0.977071 0.982537 0.979954 0.976698 0.979839 0.973112 0.977072 0.982536
0.980732 0.976052 0.978773 0.975424 0.977766 0.982950 0.985251 0.979635 0.983761 0.973826 0.981065 0.985863 0.985251 0.979636 0.983761 0.973827 0.981064 0.985863 0.979650 0.976159 0.979240 0.972901 0.976655 0.982037 0.979650 0.976158 0.979240 0.972901 0.976656 0.982036
0.980008 0.975808 0.978381 0.974436 0.976951 0.982618 0.985045 0.979521 0.983643 0.974066 0.980763 0.985777 0.985045 0.979522 0.983643 0.974067 0.980762 0.985777 0.978534 0.975634 0.978399 0.971870 0.975403 0.981462 0.978534 0.975634 0.978400 0.971869 0.975404 0.981461
0.980754 0.976044 0.978794 0.975139 0.977742 0.982944 0.985393 0.979639 0.983755 0.973527 0.981159 0.985923 0.985393 0.979640 0.983755 0.973528 0.981159 0.985923 0.979537 0.976283 0.979310 0.972671 0.976511 0.981956 0.979536 0.976283 0.979311 0.972670 0.976511 0.981955
0.981271 0.976786 0.979727 0.975720 0.978478 0.983574 0.985130 0.979505 0.983565 0.972940 0.981172 0.985900 0.985130 0.979505 0.983565 0.972941 0.981172 0.985900 0.980419 0.977022 0.980268 0.973096 0.977597 0.982897 0.980419 0.977022 0.980269 0.973095 0.977597 0.982897
0.981144 0.976417 0.979332 0.975433 0.978320 0.983313 0.985350 0.979438 0.983488 0.972461 0.981347 0.985952 0.985350 0.979438 0.983488 0.972462 0.981347 0.985952 0.980122 0.976884 0.980092 0.972775 0.977299 0.982507 0.980122 0.976884 0.980092 0.972773 0.977300 0.982506
0.980568 0.976012 0.978819 0.974650 0.977641 0.982956 0.985346 0.979456 0.983552 0.972863 0.981298 0.985940 0.985345 0.979456 0.983552 0.972864 0.981298 0.985940 0.979202 0.976555 0.979611 0.972297 0.976241 0.981906 0.979202 0.976555 0.979612 0.972295 0.976242 0.981905
0.980857 0.976250 0.979148 0.975120 0.978024 0.983212 0.985314 0.979441 0.983564 0.972903 0.981363 0.985987 0.985313 0.979442 0.983563 0.972903 0.981363 0.985987 0.979715 0.976744 0.979898 0.972637 0.976843 0.982313 0.979715 0.976744 0.979899 0.972636 0.976843 0.982312
0.981193 0.976535 0.979584 0.975722 0.978470 0.983493 0.985109 0.979396 0.983519 0.972822 0.981288 0.985911 0.985109 0.979396 0.983518 0.972823 0.981287 0.985911 0.980362 0.976928 0.980236 0.973046 0.977610 0.982808 0.980362 0.976928 0.980237 0.973044 0.977609 0.982808
0.981037 0.976580 0.979565 0.975549 0.978221 0.983497 0.985095 0.979534 0.983733 0.973571 0.981220 0.985991 0.985094 0.979535 0.983732 0.973572 0.981219 0.985991 0.980125 0.976832 0.980025 0.973018 0.977223 0.982748 0.980125 0.976831 0.980025 0.973017 0.977223 0.982748
0.980791 0.976129 0.979008 0.975135 0.977802 0.983123 0.985361 0.979612 0.983814 0.973604 0.981302 0.985996 0.985361 0.979612 0.983814 0.973604 0.981301 0.985995 0.979581 0.976342 0.979367 0.972460 0.976537 0.982154 0.979580 0.976342 0.979367 0.972458 0.976537 0.982154
0.981124 0.976812 0.979811 0.975556 0.978226 0.983654 0.985105 0.979635 0.983832 0.973810 0.981211 0.986048 0.985105 0.979635 0.983831 0.973810 0.981210 0.986048 0.980211 0.976897 0.980057 0.972978 0.977200 0.982924 0.980211 0.976896 0.980058 0.972976 0.977200 0.982924
0.981475 0.976614 0.979715 0.975885 0.978650 0.983572 0.985364 0.979566 0.983684 0.972691 0.981441 0.985981 0.985363 0.979566 0.983684 0.972691 0.981440 0.985981 0.980620 0.976926 0.980279 0.973011 0.977792 0.982898 0.980619 0.976925 0.980279 0.973009 0.977791 0.982899
0.981069 0.976909 0.979888 0.975338 0.978155 0.983709 0.985136 0.979609 0.983730 0.973639 0.981306 0.986115 0.985135 0.979609 0.983729 0.973640 0.981305 0.986115 0.980078 0.977017 0.980167 0.972825 0.977064 0.982954 0.980077 0.977016 0.980167 0.972823 0.977063 0.982954
0.980886 0.975823 0.978727 0.975032 0.977858 0.982890 0.985676 0.979508 0.983579 0.972020 0.981489 0.985972 0.985676 0.979509 0.983580 0.972020 0.981488 0.985972 0.979596 0.976511 0.979672 0.972216 0.976620 0.981907 0.979595 0.976511 0.979672 0.972215 0.976620 0.981906
0.980986 0.977114 0.980123 0.975485 0.978202 0.983893 0.984744 0.979431 0.983446 0.973472 0.981131 0.986031 0.984744 0.979431 0.983445 0.973472 0.981131 0.986031 0.980202 0.977218 0.980402 0.973018 0.977301 0.983309 0.980201 0.977218 0.980402 0.973016 0.977300 0.983309
0.980780 0.975690 0.978673 0.975228 0.977987 0.982871 0.985371 0.979248 0.983354 0.971551 0.981385 0.985798 0.985370 0.979248 0.983355 0.971552 0.981385 0.985798 0.979685 0.976424 0.979731 0.972438 0.976992 0.982060 0.979685 0.976424 0.979732 0.972436 0.976992 0.982060
0.980687 0.976756 0.979630 0.975241 0.977904 0.983627 0.984760 0.979497 0.983639 0.973634 0.981161 0.986017 0.984760 0.979497 0.983638 0.973635 0.981161 0.986017 0.979715 0.976945 0.980092 0.972823 0.976837 0.982912 0.979714 0.976944 0.980092 0.972822 0.976836 0.982912
0.980522 0.976121 0.978872 0.975051 0.977706 0.983163 0.985162 0.979568 0.983805 0.973366 0.981394 0.986037 0.985161 0.979568 0.983805 0.973367 0.981393 0.986037 0.979281 0.976507 0.979560 0.972478 0.976453 0.982258 0.979280 0.976507 0.979560 0.972477 0.976452 0.982259
0.980709 0.976145 0.979014 0.975498 0.978085 0.983289 0.985047 0.979526 0.983795 0.973200 0.981425 0.985997 0.985046 0.979526 0.983795 0.973201 0.981424 0.985997 0.979681 0.976673 0.979964 0.972994 0.977073 0.982545 0.979680 0.976672 0.979964 0.972993 0.977072 0.982545
0.980509 0.976854 0.979711 0.975537 0.977963 0.983686 0.984236 0.979373 0.983548 0.973483 0.980870 0.985740 0.984236 0.979373 0.983548 0.973484 0.980869 0.985740 0.979756 0.977186 0.980461 0.973205 0.977066 0.983124 0.979755 0.977185 0.980461 0.973204 0.977065 0.983125
0.980144 0.975444 0.978152 0.974829 0.977533 0.982680 0.985211 0.979541 0.983848 0.973242 0.981478 0.985958 0.985210 0.979541 0.983848 0.973243 0.981478 0.985958 0.978845 0.976319 0.979485 0.972640 0.976287 0.981727 0.978844 0.976318 0.979485 0.972638 0.976287 0.981728
0.980567 0.976454 0.979193 0.975363 0.978028 0.983384 0.984853 0.979527 0.983791 0.973447 0.981343 0.986028 0.984852 0.979527 0.983790 0.973448 0.981343 0.986028 0.979568 0.977089 0.980331 0.973141 0.976987 0.982654 0.979566 0.977088 0.980332 0.973140 0.976986 0.982655
0.980779 0.976653 0.979465 0.975562 0.978296 0.983569 0.984840 0.979492 0.983715 0.973216 0.981383 0.986018 0.984839 0.979493 0.983714 0.973217 0.981383 0.986018 0.979882 0.977245 0.980566 0.973272 0.977368 0.982930 0.979880 0.977244 0.980566 0.973271 0.977367 0.982931
0.980504 0.975762 0.978554 0.975089 0.977991 0.982933 0.985262 0.979581 0.983821 0.972917 0.981591 0.986007 0.985261 0.979581 0.983821 0.972918 0.981590 0.986007 0.979334 0.976696 0.979971 0.972926 0.976911 0.982116 0.979333 0.976696 0.979971 0.972925 0.976911 0.982116
0.980901 0.976812 0.979679 0.975590 0.978349 0.983704 0.984838 0.979610 0.983819 0.973509 0.981355 0.986034 0.984837 0.979610 0.983818 0.973510 0.981354 0.986034 0.980048 0.977285 0.980563 0.973340 0.977453 0.983104 0.980047 0.977284 0.980563 0.973338 0.977452 0.983104
0.980824 0.976363 0.979157 0.975419 0.978231 0.983372 0.985177 0.979763 0.984016 0.973639 0.981527 0.986104 0.985176 0.979763 0.984016 0.973640 0.981527 0.986104 0.979803 0.976955 0.980154 0.973173 0.977231 0.982653 0.979802 0.976955 0.980154 0.973172 0.977231 0.982653
0.980831 0.976172 0.978998 0.975452 0.978231 0.983268 0.985282 0.979825 0.984087 0.973731 0.981571 0.986108 0.985282 0.979824 0.984088 0.973732 0.981570 0.986109 0.979796 0.976816 0.980036 0.973214 0.977241 0.982534 0.979795 0.976816 0.980036 0.973213 0.977241 0.982535
0.981059 0.976931 0.979888 0.975840 0.978463 0.983841 0.984826 0.979747 0.983993 0.973983 0.981276 0.986004 0.984825 0.979746 0.983993 0.973984 0.981276 0.986004 0.980333 0.977353 0.980688 0.973646 0.977654 0.983309 0.980332 0.977353 0.980688 0.973645 0.977654 0.983310
0.980954 0.976116 0.978962 0.975522 0.978304 0.983235 0.985516 0.979931 0.984209 0.973814 0.981686 0.986192 0.985515 0.979931 0.984209 0.973815 0.981686 0.986193 0.979902 0.976888 0.980173 0.973340 0.977298 0.982461 0.979901 0.976888 0.980173 0.973338 0.977299 0.982462
0.981312 0.976812 0.979719 0.975867 0.978635 0.983736 0.985383 0.979926 0.984190 0.973890 0.981636 0.986257 0.985382 0.979926 0.984189 0.973891 0.981635 0.986257 0.980444 0.977428 0.980792 0.973625 0.977735 0.983086 0.980444 0.977427 0.980792 0.973624 0.977735 0.983087
0.981562 0.976960 0.979900 0.976022 0.978864 0.983854 0.985570 0.979985 0.984219 0.973676 0.981769 0.986341 0.985569 0.979985 0.984219 0.973677 0.981768 0.986342 0.980706 0.977614 0.981045 0.973698 0.977991 0.983212 0.980706 0.977613 0.981045 0.973697 0.977991 0.983213
0.981615 0.976655 0.979560 0.975930 0.978867 0.983615 0.985957 0.980118 0.984337 0.973407 0.981963 0.986422 0.985956 0.980118 0.984337 0.973409 0.981962 0.986423 0.980615 0.977511 0.980953 0.973604 0.977921 0.982870 0.980614 0.977511 0.980952 0.973603 0.977921 0.982871
0.981895 0.977398 0.980405 0.976195 0.979068 0.984153 0.985649 0.980105 0.984297 0.973822 0.981760 0.986418 0.985648 0.980105 0.984296 0.973823 0.981760 0.986418 0.981113 0.977906 0.981342 0.973840 0.978243 0.983564 0.981112 0.977906 0.981342 0.973839 0.978242 0.983564
0.981805 0.976743 0.979620 0.975971 0.978910 0.983658 0.986184 0.980326 0.984529 0.973649 0.981993 0.986502 0.986184 0.980326 0.984529 0.973651 0.981992 0.986502 0.980770 0.977564 0.980958 0.973690 0.977950 0.982889 0.980769 0.977564 0.980958 0.973689 0.977950 0.982890
0.982049 0.977435 0.980395 0.976244 0.979090 0.984187 0.985851 0.980298 0.984513 0.974157 0.981790 0.986497 0.985850 0.980298 0.984513 0.974158 0.981790 0.986497 0.981239 0.977928 0.981332 0.973981 0.978260 0.983581 0.981239 0.977928 0.981331 0.973981 0.978260 0.983581
0.982054 0.977106 0.980007 0.976209 0.979087 0.983942 0.986181 0.980433 0.984659 0.974048 0.981954 0.986563 0.986180 0.980433 0.984659 0.974049 0.981954 0.986564 0.981120 0.977786 0.981200 0.973960 0.978201 0.983245 0.981119 0.977786 0.981201 0.973959 0.978201 0.983245
0.982099 0.977297 0.980228 0.976217 0.979096 0.984066 0.986113 0.980430 0.984668 0.974190 0.981907 0.986575 0.986113 0.980430 0.984667 0.974191 0.981906 0.986576 0.981204 0.977925 0.981344 0.974000 0.978213 0.983391 0.981203 0.977924 0.981344 0.973998 0.978213 0.983392
0.982205 0.977377 0.980334 0.976297 0.979196 0.984138 0.986175 0.980451 0.984681 0.974087 0.981958 0.986614 0.986174 0.980451 0.984680 0.974089 0.981957 0.986615 0.981330 0.978048 0.981514 0.974054 0.978333 0.983476 0.981329 0.978047 0.981513 0.974053 0.978333 0.983477
0.982300 0.977312 0.980268 0.976352 0.979288 0.984112 0.986350 0.980500 0.984713 0.973826 0.982076 0.986673 0.986350 0.980500 0.984712 0.973827 0.982075 0.986673 0.981395 0.978105 0.981610 0.974047 0.978421 0.983428 0.981394 0.978104 0.981610 0.974046 0.978421 0.983429
0.982290 0.977579 0.980591 0.976287 0.979240 0.984310 0.986147 0.980431 0.984630 0.973987 0.981974 0.986659 0.986146 0.980431 0.984630 0.973988 0.981973 0.986659 0.981454 0.978228 0.981701 0.973984 0.978384 0.983674 0.981454 0.978228 0.981701 0.973983 0.978383 0.983675
0.982290 0.977107 0.980050 0.976272 0.979234 0.984006 0.986516 0.980546 0.984729 0.973503 0.982160 0.986718 0.986515 0.980546 0.984729 0.973505 0.982159 0.986718 0.981316 0.978083 0.981577 0.973909 0.978328 0.983273 0.981315 0.978083 0.981577 0.973908 0.978328 0.983273
0.982115 0.977628 0.980693 0.976118 0.979070 0.984398 0.985855 0.980327 0.984487 0.974149 0.981803 0.986584 0.985855 0.980327 0.984487 0.974149 0.981802 0.986584 0.981336 0.978183 0.981596 0.973877 0.978232 0.983808 0.981335 0.978182 0.981596 0.973876 0.978232 0.983809
0.981887 0.976403 0.979340 0.975990 0.978894 0.983552 0.986495 0.980491 0.984652 0.973195 0.982085 0.986585 0.986494 0.980491 0.984652 0.973196 0.982084 0.986585 0.980798 0.977693 0.981139 0.973709 0.977937 0.982740 0.980797 0.977693 0.981139 0.973708 0.977937 0.982741
0.981602 0.977452 0.980566 0.975778 0.978625 0.984307 0.985212 0.980080 0.984119 0.974234 0.981390 0.986317 0.985212 0.980080 0.984118 0.974235 0.981389 0.986317 0.980872 0.977893 0.981149 0.973616 0.977804 0.983772 0.980872 0.977893 0.981149 0.973615 0.977803 0.983773
0.980580 0.975033 0.977826 0.974986 0.977860 0.982588 0.985983 0.980171 0.984290 0.972907 0.981739 0.986177 0.985983 0.980172 0.984290 0.972907 0.981738 0.986176 0.979251 0.976822 0.980041 0.973031 0.976701 0.981624 0.979250 0.976822 0.980040 0.973029 0.976701 0.981625
0.981444 0.977108 0.980157 0.975820 0.978615 0.984169 0.985018 0.979952 0.983894 0.973564 0.981400 0.986173 0.985018 0.979952 0.983894 0.973565 0.981399 0.986173 0.980700 0.977780 0.981051 0.973498 0.977813 0.983659 0.980700 0.977780 0.981051 0.973497 0.977813 0.983660
0.981004 0.976325 0.979241 0.975464 0.978319 0.983588 0.985348 0.979995 0.984113 0.973725 0.981656 0.986257 0.985348 0.979995 0.984112 0.973726 0.981655 0.986257 0.979994 0.977503 0.980743 0.973486 0.977308 0.982882 0.979993 0.977503 0.980743 0.973485 0.977308 0.982882
0.979406 0.974381 0.976730 0.973985 0.977007 0.981824 0.985423 0.979974 0.984192 0.973829 0.981577 0.985932 0.985423 0.979974 0.984192 0.973829 0.981576 0.985932 0.977894 0.976643 0.979666 0.972985 0.975574 0.980670 0.977893 0.976643 0.979665 0.972984 0.975574 0.980671
