0.181465 0.176219 0.197000 0.133300 0.204486 0.177775 0.181938 0.251823 0.265162 0.200161 0.205330 0.177831 0.181937 0.251825 0.265176 0.200159 0.205326 0.177835 0.181330 0.239645 0.254519 0.190061 0.204388 0.179148 0.181330 0.239633 0.254523 0.190057 0.204388 0.179143
0.265318 0.291380 0.292212 0.284996 0.310553 0.273429 0.276893 0.351219 0.348220 0.349783 0.322302 0.283711 0.276898 0.351238 0.348227 0.349770 0.322301 0.283701 0.251496 0.331337 0.331431 0.333621 0.297915 0.262851 0.251500 0.331341 0.331425 0.333644 0.297916 0.262847
0.782637 0.788160 0.778967 0.838565 0.768971 0.793137 0.787366 0.811860 0.797574 0.859217 0.773594 0.798599 0.787373 0.811859 0.797575 0.859221 0.773604 0.798595 0.777377 0.806371 0.792284 0.855683 0.764477 0.787933 0.777387 0.806373 0.792279 0.855687 0.764470 0.787933
0.796759 0.805312 0.792574 0.852374 0.780081 0.804728 0.800654 0.818054 0.802519 0.862651 0.784086 0.809963 0.800661 0.818055 0.802514 0.862650 0.784091 0.809956 0.792301 0.810342 0.795283 0.857035 0.775981 0.799209 0.792300 0.810337 0.795280 0.857027 0.775975 0.799209
0.801724 0.811738 0.797843 0.856804 0.784306 0.808967 0.806279 0.824954 0.808891 0.867120 0.788867 0.814984 0.806288 0.824951 0.808887 0.867119 0.788873 0.814978 0.796314 0.814996 0.799695 0.859943 0.779375 0.802214 0.796314 0.814993 0.799697 0.859948 0.779369 0.802217
0.300528 0.294562 0.297406 0.238403 0.299937 0.285690 0.292986 0.274310 0.282648 0.217826 0.294993 0.278814 0.292975 0.274318 0.282644 0.217828 0.294983 0.278820 0.314008 0.286798 0.292747 0.233041 0.309080 0.298745 0.314014 0.286805 0.292744 0.233042 0.309079 0.298741
0.816638 0.828497 0.812578 0.866115 0.795723 0.823295 0.822501 0.843026 0.825024 0.876348 0.801717 0.830941 0.822499 0.843017 0.825028 0.876345 0.801712 0.830943 0.810758 0.833204 0.814791 0.868524 0.790477 0.815745 0.810756 0.833204 0.814793 0.868518 0.790481 0.815757
0.811164 0.822136 0.807848 0.863197 0.792437 0.819404 0.816382 0.836312 0.818388 0.874419 0.797730 0.826220 0.816380 0.836306 0.818389 0.874416 0.797730 0.826216 0.805826 0.827071 0.809930 0.868087 0.787544 0.812538 0.805820 0.827072 0.809928 0.868089 0.787538 0.812547
0.814961 0.826139 0.811045 0.865593 0.795045 0.822233 0.820417 0.844224 0.825116 0.879367 0.800744 0.829540 0.820414 0.844219 0.825115 0.879367 0.800744 0.829537 0.809530 0.838701 0.819490 0.874878 0.789866 0.814975 0.809534 0.838705 0.819492 0.874874 0.789859 0.814982
0.819691 0.830939 0.814951 0.868086 0.798125 0.826085 0.825203 0.850566 0.830776 0.883105 0.804100 0.833806 0.825205 0.850566 0.830780 0.883102 0.804096 0.833806 0.814474 0.848452 0.827417 0.879998 0.792713 0.818604 0.814481 0.848467 0.827418 0.879996 0.792714 0.818613
0.839405 0.851156 0.831147 0.879793 0.809822 0.840160 0.842804 0.864186 0.840739 0.890115 0.815090 0.846943 0.842812 0.864180 0.840740 0.890114 0.815091 0.846949 0.836767 0.861836 0.835961 0.886603 0.805531 0.834112 0.836777 0.861838 0.835957 0.886600 0.805531 0.834128
0.851427 0.864796 0.840749 0.886308 0.816724 0.849669 0.855202 0.875649 0.847895 0.894596 0.822755 0.857072 0.855204 0.875641 0.847901 0.894597 0.822753 0.857074 0.848466 0.870100 0.839931 0.888799 0.812144 0.843000 0.848461 0.870102 0.839926 0.888788 0.812142 0.843012
0.858235 0.871003 0.845234 0.891108 0.822978 0.856659 0.863138 0.884120 0.853908 0.898951 0.829809 0.864976 0.863136 0.884119 0.853910 0.898954 0.829804 0.864978 0.854321 0.874959 0.842897 0.891586 0.817839 0.849395 0.854310 0.874962 0.842895 0.891584 0.817835 0.849405
0.862245 0.875132 0.848307 0.894832 0.828544 0.863556 0.867769 0.887154 0.857593 0.901992 0.835963 0.872279 0.867769 0.887146 0.857595 0.901991 0.835955 0.872278 0.858037 0.876480 0.845210 0.894845 0.823350 0.856718 0.858027 0.876487 0.845214 0.894838 0.823350 0.856721
0.862125 0.875640 0.848567 0.895070 0.830628 0.866438 0.868595 0.888334 0.859588 0.903429 0.838698 0.875888 0.868594 0.888328 0.859591 0.903427 0.838690 0.875890 0.856948 0.876066 0.845399 0.895958 0.824741 0.858880 0.856939 0.876073 0.845402 0.895953 0.824740 0.858890
0.865684 0.879827 0.853105 0.897391 0.834856 0.871664 0.872741 0.892428 0.864253 0.906083 0.843530 0.881721 0.872737 0.892424 0.864256 0.906082 0.843521 0.881722 0.859944 0.878919 0.848707 0.897996 0.828424 0.863611 0.859937 0.878927 0.848710 0.897992 0.828426 0.863622
0.875497 0.890857 0.864742 0.904626 0.844397 0.882232 0.882912 0.902027 0.874370 0.912339 0.853648 0.892561 0.882910 0.902024 0.874373 0.912339 0.853644 0.892560 0.870087 0.887744 0.858115 0.903842 0.837899 0.874357 0.870082 0.887748 0.858117 0.903840 0.837899 0.874365
0.885258 0.902384 0.876953 0.911763 0.855311 0.893146 0.893984 0.912315 0.885510 0.918522 0.865961 0.904171 0.893984 0.912314 0.885511 0.918522 0.865959 0.904171 0.879985 0.896724 0.868016 0.908764 0.848709 0.885264 0.879986 0.896726 0.868017 0.908762 0.848710 0.885269
0.893386 0.913993 0.889369 0.917125 0.867266 0.903108 0.904917 0.924137 0.899729 0.924357 0.880753 0.916190 0.904917 0.924135 0.899727 0.924359 0.880750 0.916192 0.886398 0.904015 0.877360 0.909301 0.858926 0.893227 0.886402 0.904012 0.877360 0.909297 0.858927 0.893230
0.907294 0.931636 0.905086 0.924484 0.879364 0.913079 0.915954 0.936778 0.911519 0.928589 0.889301 0.923522 0.915951 0.936777 0.911518 0.928591 0.889299 0.923523 0.899000 0.919580 0.890272 0.914736 0.870009 0.902286 0.899004 0.919577 0.890272 0.914734 0.870006 0.902287
0.912423 0.933721 0.913403 0.921482 0.885727 0.919621 0.916484 0.936669 0.918367 0.923308 0.892551 0.927568 0.916487 0.936669 0.918369 0.923310 0.892551 0.927569 0.904932 0.922124 0.897096 0.912282 0.875844 0.908702 0.904939 0.922122 0.897097 0.912282 0.875844 0.908703
0.922798 0.937900 0.919492 0.931506 0.898512 0.930745 0.935244 0.947009 0.930719 0.938868 0.912939 0.943319 0.935249 0.947008 0.930718 0.938869 0.912940 0.943323 0.914750 0.930387 0.907847 0.923904 0.888337 0.921170 0.914742 0.930385 0.907849 0.923904 0.888338 0.921174
0.916958 0.929533 0.916607 0.920458 0.897085 0.926615 0.929772 0.941744 0.933398 0.930330 0.912478 0.939710 0.929772 0.941745 0.933396 0.930329 0.912485 0.939711 0.909179 0.929249 0.910694 0.918219 0.886844 0.918089 0.909161 0.929241 0.910691 0.918213 0.886832 0.918087
0.926919 0.945733 0.923613 0.929438 0.898353 0.933585 0.931334 0.947732 0.928567 0.930074 0.905245 0.938999 0.931330 0.947734 0.928569 0.930072 0.905244 0.938994 0.920471 0.937633 0.910826 0.923466 0.890274 0.926530 0.920473 0.937636 0.910828 0.923465 0.890268 0.926530
0.918724 0.936581 0.919537 0.920598 0.894839 0.927530 0.922241 0.935375 0.922102 0.914210 0.900997 0.932864 0.922236 0.935375 0.922104 0.914208 0.900997 0.932857 0.913709 0.929374 0.906026 0.910035 0.886869 0.920785 0.913713 0.929374 0.906025 0.910027 0.886863 0.920793
0.899697 0.916010 0.895256 0.911049 0.881888 0.913203 0.923529 0.941001 0.924035 0.935385 0.907484 0.933260 0.923537 0.941002 0.924034 0.935388 0.907494 0.933254 0.891828 0.919546 0.894454 0.914890 0.872691 0.906616 0.891825 0.919535 0.894458 0.914893 0.872677 0.906627
0.916423 0.931429 0.913927 0.926918 0.899490 0.931932 0.932536 0.948357 0.934181 0.942693 0.917327 0.945014 0.932539 0.948357 0.934182 0.942695 0.917329 0.945012 0.906316 0.931212 0.909574 0.927728 0.888860 0.923143 0.906311 0.931214 0.909572 0.927728 0.888853 0.923151
0.927981 0.945341 0.923972 0.935366 0.904908 0.939180 0.939530 0.954618 0.938154 0.944106 0.918055 0.948539 0.939529 0.954618 0.938157 0.944106 0.918051 0.948534 0.918249 0.941502 0.915888 0.931840 0.894230 0.930133 0.918248 0.941510 0.915890 0.931840 0.894228 0.930137
0.931371 0.948525 0.926915 0.936812 0.907096 0.939318 0.939342 0.952481 0.935338 0.937478 0.916445 0.946438 0.939344 0.952479 0.935340 0.937477 0.916442 0.946434 0.922754 0.941975 0.915984 0.929291 0.897400 0.930757 0.922754 0.941982 0.915989 0.929290 0.897396 0.930762
0.934282 0.950440 0.932414 0.941556 0.914519 0.943320 0.942724 0.953929 0.939045 0.941404 0.924218 0.950316 0.942725 0.953929 0.939049 0.941405 0.924216 0.950312 0.927777 0.944894 0.922277 0.933799 0.906348 0.936818 0.927776 0.944897 0.922280 0.933794 0.906348 0.936821
0.939532 0.953082 0.938176 0.946367 0.924401 0.949437 0.949787 0.958875 0.946806 0.950660 0.936442 0.957371 0.949788 0.958876 0.946807 0.950662 0.936444 0.957371 0.934315 0.949284 0.930310 0.941049 0.917887 0.944441 0.934310 0.949282 0.930310 0.941048 0.917879 0.944439
0.944383 0.955785 0.942980 0.949599 0.930608 0.953543 0.955777 0.962460 0.953162 0.956105 0.944336 0.962623 0.955777 0.962461 0.953162 0.956110 0.944339 0.962623 0.939698 0.952240 0.935800 0.944630 0.924518 0.948862 0.939690 0.952238 0.935800 0.944629 0.924509 0.948860
0.952069 0.960748 0.952707 0.954148 0.941268 0.960019 0.962476 0.967244 0.962906 0.960964 0.953995 0.968450 0.962477 0.967245 0.962904 0.960967 0.953999 0.968452 0.948012 0.957852 0.948033 0.949552 0.934970 0.955564 0.948007 0.957848 0.948034 0.949553 0.934960 0.955566
0.953437 0.962128 0.957414 0.955747 0.945716 0.961168 0.964637 0.967603 0.966156 0.960545 0.957207 0.970394 0.964634 0.967604 0.966156 0.960548 0.957212 0.970392 0.946143 0.949167 0.942755 0.940784 0.936177 0.953407 0.946136 0.949161 0.942755 0.940785 0.936164 0.953409
0.959089 0.966823 0.961739 0.958339 0.947483 0.965020 0.960314 0.963650 0.958022 0.936706 0.944819 0.966683 0.960313 0.963651 0.958021 0.936709 0.944816 0.966675 0.955719 0.959781 0.950391 0.943773 0.943279 0.961720 0.955723 0.959778 0.950392 0.943773 0.943271 0.961723
0.959547 0.966799 0.961127 0.958896 0.948353 0.964946 0.961485 0.964651 0.959564 0.937982 0.946120 0.967039 0.961484 0.964651 0.959562 0.937985 0.946117 0.967031 0.955788 0.961007 0.951799 0.946544 0.944169 0.961558 0.955793 0.961009 0.951800 0.946543 0.944158 0.961559
0.963111 0.966474 0.962766 0.962224 0.956520 0.966853 0.972360 0.972772 0.971865 0.964208 0.963990 0.974335 0.972359 0.972773 0.971864 0.964211 0.963991 0.974329 0.958888 0.965210 0.961308 0.958656 0.951875 0.963161 0.958889 0.965209 0.961307 0.958657 0.951867 0.963169
0.967502 0.969065 0.967948 0.963645 0.962068 0.971465 0.977087 0.974876 0.976856 0.968132 0.970272 0.978738 0.977088 0.974876 0.976855 0.968134 0.970273 0.978733 0.962094 0.964300 0.962612 0.955066 0.956205 0.966926 0.962097 0.964298 0.962613 0.955070 0.956195 0.966935
0.958723 0.960369 0.959057 0.956902 0.952930 0.964114 0.967470 0.969960 0.971274 0.958405 0.955940 0.971184 0.967473 0.969960 0.971275 0.958408 0.955936 0.971177 0.950762 0.955308 0.954280 0.949917 0.945665 0.957765 0.950756 0.955307 0.954276 0.949917 0.945654 0.957775
0.939136 0.954497 0.944870 0.932035 0.922815 0.944964 0.935764 0.950514 0.944874 0.917024 0.918389 0.941667 0.935763 0.950513 0.944876 0.917023 0.918387 0.941662 0.933826 0.948842 0.935951 0.925589 0.916684 0.939668 0.933825 0.948842 0.935950 0.925587 0.916684 0.939665
0.950347 0.961777 0.953311 0.950963 0.937058 0.956946 0.953313 0.959580 0.952669 0.938643 0.939423 0.958729 0.953312 0.959581 0.952671 0.938642 0.939421 0.958725 0.945672 0.954289 0.941830 0.939036 0.931296 0.952704 0.945676 0.954291 0.941829 0.939033 0.931296 0.952707
0.944978 0.952240 0.943789 0.951077 0.936610 0.953686 0.960108 0.963291 0.958504 0.958177 0.952037 0.965257 0.960107 0.963293 0.958503 0.958179 0.952039 0.965254 0.939013 0.952910 0.942171 0.948570 0.930132 0.948582 0.939013 0.952911 0.942168 0.948569 0.930128 0.948588
0.935669 0.943511 0.934647 0.942524 0.927634 0.945847 0.954767 0.962069 0.957643 0.958652 0.947080 0.960758 0.954766 0.962071 0.957643 0.958654 0.947081 0.960754 0.928506 0.948091 0.937552 0.944850 0.919898 0.939887 0.928506 0.948093 0.937553 0.944851 0.919895 0.939890
0.951017 0.957265 0.949539 0.952500 0.940403 0.959338 0.963856 0.967537 0.964521 0.960540 0.954167 0.968654 0.963857 0.967539 0.964521 0.960541 0.954168 0.968654 0.944406 0.957732 0.948888 0.950600 0.932556 0.953817 0.944405 0.957732 0.948887 0.950599 0.932553 0.953822
0.953146 0.961988 0.953526 0.952610 0.939436 0.960628 0.962691 0.968624 0.964522 0.954820 0.949594 0.967793 0.962691 0.968624 0.964521 0.954819 0.949593 0.967791 0.945379 0.959613 0.949421 0.946850 0.930147 0.954292 0.945376 0.959615 0.949420 0.946847 0.930146 0.954294
0.952913 0.963332 0.953512 0.950658 0.937055 0.959553 0.960589 0.968404 0.963300 0.949889 0.945699 0.965947 0.960588 0.968405 0.963299 0.949889 0.945698 0.965946 0.944794 0.960298 0.948428 0.943864 0.927386 0.952624 0.944792 0.960301 0.948429 0.943861 0.927386 0.952629
0.954724 0.964880 0.955178 0.952464 0.938873 0.960500 0.961191 0.968790 0.963507 0.950007 0.946099 0.966080 0.961192 0.968790 0.963507 0.950007 0.946096 0.966078 0.947994 0.961940 0.950545 0.946057 0.930350 0.954566 0.947991 0.961943 0.950548 0.946053 0.930354 0.954571
0.956215 0.965348 0.956734 0.955607 0.942586 0.961961 0.962897 0.969280 0.964388 0.953873 0.949436 0.967332 0.962897 0.969280 0.964389 0.953874 0.949434 0.967331 0.950832 0.962612 0.952606 0.950220 0.935569 0.957362 0.950828 0.962615 0.952607 0.950217 0.935571 0.957363
0.957874 0.965741 0.958725 0.958280 0.947242 0.964000 0.965211 0.969447 0.965399 0.958373 0.954756 0.969382 0.965213 0.969447 0.965400 0.958373 0.954753 0.969381 0.953584 0.962303 0.953749 0.952833 0.941588 0.960696 0.953584 0.962305 0.953750 0.952830 0.941585 0.960696
0.959796 0.966697 0.960839 0.960116 0.950843 0.966145 0.967275 0.969691 0.965761 0.960564 0.959093 0.971513 0.967276 0.969691 0.965761 0.960565 0.959092 0.971513 0.956312 0.961631 0.953062 0.952091 0.945987 0.963425 0.956313 0.961631 0.953064 0.952089 0.945984 0.963428
0.959980 0.967646 0.961762 0.960232 0.951416 0.966536 0.967995 0.970322 0.965818 0.961242 0.960980 0.972417 0.967995 0.970324 0.965817 0.961243 0.960979 0.972417 0.956533 0.961395 0.951948 0.950347 0.946461 0.963084 0.956533 0.961394 0.951950 0.950343 0.946459 0.963087
0.958205 0.966884 0.960954 0.958981 0.950242 0.965777 0.966792 0.970061 0.965606 0.961229 0.960738 0.972485 0.966794 0.970062 0.965605 0.961229 0.960737 0.972485 0.954669 0.960642 0.950863 0.948506 0.945019 0.961954 0.954668 0.960643 0.950866 0.948503 0.945017 0.961959
0.962799 0.968302 0.964344 0.961655 0.956122 0.969091 0.970556 0.971660 0.968807 0.963177 0.965371 0.975029 0.970557 0.971660 0.968807 0.963177 0.965370 0.975029 0.960319 0.963348 0.956375 0.952624 0.952269 0.966688 0.960320 0.963349 0.956378 0.952621 0.952269 0.966693
0.966523 0.968650 0.966108 0.962509 0.959955 0.970863 0.973523 0.972302 0.971836 0.961582 0.967787 0.976548 0.973524 0.972302 0.971836 0.961582 0.967786 0.976547 0.964069 0.965767 0.962967 0.956413 0.956608 0.968927 0.964069 0.965767 0.962968 0.956411 0.956609 0.968930
0.968447 0.969897 0.967713 0.962704 0.961270 0.972511 0.975696 0.974168 0.974452 0.962273 0.969335 0.978320 0.975697 0.974168 0.974453 0.962272 0.969334 0.978319 0.964621 0.967619 0.965101 0.956202 0.956437 0.969569 0.964621 0.967619 0.965104 0.956199 0.956439 0.969573
0.967530 0.969866 0.968067 0.962447 0.960921 0.973185 0.976225 0.975758 0.975759 0.965907 0.970293 0.979548 0.976225 0.975758 0.975758 0.965907 0.970292 0.979547 0.962014 0.967080 0.963008 0.954350 0.954712 0.968928 0.962014 0.967082 0.963009 0.954347 0.954712 0.968934
0.972199 0.972453 0.971269 0.965610 0.965703 0.975586 0.978099 0.974932 0.975163 0.959743 0.971397 0.980059 0.978099 0.974932 0.975163 0.959744 0.971396 0.980056 0.969021 0.968900 0.967005 0.956088 0.962003 0.973247 0.969020 0.968902 0.967007 0.956084 0.962003 0.973251
0.971594 0.971679 0.970657 0.965230 0.965218 0.974554 0.975416 0.971907 0.972374 0.951623 0.967878 0.977560 0.975416 0.971906 0.972375 0.951622 0.967877 0.977558 0.969303 0.967553 0.966560 0.954640 0.962988 0.972953 0.969302 0.967556 0.966561 0.954635 0.962987 0.972956
0.976092 0.975028 0.975096 0.970272 0.971354 0.978556 0.980537 0.978139 0.978274 0.965023 0.974345 0.981511 0.980537 0.978139 0.978275 0.965023 0.974344 0.981509 0.974431 0.972615 0.971601 0.962735 0.969641 0.977308 0.974430 0.972617 0.971602 0.962731 0.969641 0.977310
0.978110 0.975728 0.976885 0.971848 0.973582 0.980427 0.984067 0.979713 0.980664 0.970135 0.977520 0.984436 0.984067 0.979713 0.980665 0.970135 0.977518 0.984434 0.975432 0.972184 0.970792 0.962786 0.970805 0.978335 0.975430 0.972188 0.970794 0.962784 0.970804 0.978338
0.976907 0.974072 0.974893 0.970737 0.971833 0.978761 0.983420 0.979292 0.980018 0.968132 0.974581 0.983401 0.983420 0.979292 0.980019 0.968131 0.974579 0.983398 0.973307 0.970795 0.970051 0.962626 0.968583 0.976094 0.973307 0.970798 0.970051 0.962623 0.968582 0.976097
0.977175 0.976228 0.976889 0.972924 0.974088 0.979824 0.981460 0.980080 0.981108 0.972533 0.975953 0.982382 0.981460 0.980079 0.981109 0.972533 0.975951 0.982380 0.975617 0.975369 0.975793 0.969816 0.972680 0.978534 0.975616 0.975372 0.975793 0.969815 0.972678 0.978537
0.974360 0.974514 0.973879 0.970290 0.969991 0.977039 0.978313 0.978044 0.977394 0.966156 0.970482 0.979123 0.978313 0.978043 0.977395 0.966156 0.970481 0.979121 0.971900 0.971991 0.971072 0.965369 0.967845 0.975251 0.971900 0.971995 0.971072 0.965368 0.967844 0.975255
0.980030 0.976909 0.978321 0.974439 0.976270 0.981605 0.984297 0.980457 0.981811 0.972412 0.977589 0.984302 0.984297 0.980457 0.981812 0.972412 0.977589 0.984300 0.978089 0.974976 0.976029 0.970346 0.974701 0.980266 0.978089 0.974979 0.976029 0.970345 0.974701 0.980270
0.976145 0.974941 0.975748 0.969478 0.971379 0.978659 0.983135 0.980420 0.982675 0.973771 0.975957 0.983504 0.983136 0.980420 0.982676 0.973771 0.975957 0.983502 0.972048 0.973921 0.974242 0.966914 0.967405 0.975535 0.972048 0.973923 0.974243 0.966914 0.967405 0.975538
0.978015 0.974959 0.976249 0.970844 0.971886 0.979266 0.981387 0.978312 0.979788 0.962629 0.971291 0.981837 0.981388 0.978311 0.979790 0.962627 0.971291 0.981834 0.974538 0.972107 0.973564 0.965103 0.968937 0.976675 0.974538 0.972109 0.973565 0.965102 0.968938 0.976677
0.965456 0.971908 0.968341 0.961441 0.958024 0.968340 0.968296 0.974575 0.971303 0.958089 0.959668 0.969972 0.968296 0.974575 0.971304 0.958088 0.959670 0.969972 0.962406 0.968899 0.964140 0.955742 0.954247 0.965197 0.962407 0.968899 0.964141 0.955743 0.954247 0.965199
0.967021 0.972034 0.969595 0.963762 0.960709 0.970518 0.970028 0.974313 0.971904 0.958485 0.962097 0.972180 0.970029 0.974314 0.971905 0.958485 0.962099 0.972179 0.964264 0.968843 0.965344 0.957399 0.957491 0.967876 0.964265 0.968843 0.965346 0.957400 0.957491 0.967881
0.976932 0.973051 0.975302 0.972153 0.973201 0.979164 0.982530 0.977726 0.980485 0.968583 0.975842 0.983493 0.982532 0.977726 0.980486 0.968583 0.975843 0.983493 0.973937 0.971351 0.973861 0.967301 0.970256 0.976696 0.973935 0.971351 0.973861 0.967301 0.970257 0.976700
0.970001 0.967777 0.968353 0.965063 0.965917 0.972889 0.981060 0.977676 0.980538 0.970592 0.973234 0.981377 0.981062 0.977676 0.980538 0.970592 0.973237 0.981377 0.962857 0.967187 0.968418 0.961993 0.959677 0.967520 0.962854 0.967188 0.968417 0.961994 0.959676 0.967522
0.975706 0.975170 0.976063 0.971740 0.972493 0.979375 0.981159 0.978868 0.980905 0.972487 0.977090 0.982763 0.981161 0.978868 0.980904 0.972487 0.977091 0.982763 0.973832 0.974923 0.975847 0.968742 0.970110 0.977765 0.973830 0.974923 0.975846 0.968744 0.970111 0.977768
0.974010 0.974114 0.974134 0.971013 0.970598 0.977806 0.978489 0.976888 0.977123 0.966788 0.973030 0.980504 0.978490 0.976888 0.977123 0.966788 0.973031 0.980503 0.971851 0.972042 0.971815 0.965296 0.968413 0.976246 0.971850 0.972043 0.971814 0.965296 0.968412 0.976250
0.973266 0.971367 0.972097 0.970607 0.970014 0.977307 0.978348 0.975034 0.976406 0.964329 0.971404 0.980691 0.978348 0.975034 0.976407 0.964328 0.971405 0.980690 0.970549 0.969956 0.971086 0.965552 0.967681 0.975484 0.970548 0.969958 0.971085 0.965551 0.967681 0.975485
0.972063 0.969584 0.970106 0.968741 0.967793 0.976006 0.977804 0.974819 0.976693 0.963493 0.969049 0.979983 0.977804 0.974819 0.976693 0.963491 0.969048 0.979982 0.968785 0.969169 0.970374 0.965094 0.965035 0.973849 0.968786 0.969171 0.970372 0.965092 0.965035 0.973850
0.974369 0.972818 0.973805 0.970564 0.970262 0.978353 0.977451 0.975463 0.976874 0.962691 0.969513 0.980188 0.977451 0.975463 0.976875 0.962690 0.969513 0.980186 0.972046 0.970945 0.971951 0.965360 0.968217 0.976917 0.972046 0.970947 0.971951 0.965359 0.968217 0.976920
0.975205 0.975045 0.976174 0.970900 0.971193 0.979292 0.977163 0.976834 0.977988 0.964565 0.970520 0.980124 0.977163 0.976834 0.977988 0.964565 0.970520 0.980122 0.973497 0.972892 0.973750 0.966026 0.969402 0.978173 0.973497 0.972893 0.973749 0.966026 0.969402 0.978176
0.977142 0.976110 0.977716 0.972053 0.972980 0.980626 0.979923 0.978610 0.980572 0.968721 0.974090 0.982258 0.979923 0.978610 0.980572 0.968722 0.974091 0.982256 0.975377 0.974056 0.975128 0.966891 0.970718 0.979298 0.975377 0.974056 0.975127 0.966891 0.970719 0.979302
0.975958 0.973863 0.974773 0.970128 0.971069 0.978778 0.982018 0.978544 0.981059 0.970526 0.975248 0.983273 0.982018 0.978544 0.981058 0.970526 0.975249 0.983272 0.972098 0.970328 0.970708 0.963192 0.966896 0.975756 0.972098 0.970329 0.970707 0.963192 0.966896 0.975761
0.971590 0.969546 0.969539 0.966229 0.967240 0.974913 0.981250 0.977166 0.979753 0.970443 0.974278 0.982107 0.981250 0.977166 0.979753 0.970443 0.974279 0.982106 0.966124 0.965984 0.966196 0.959984 0.961960 0.970711 0.966124 0.965985 0.966195 0.959985 0.961961 0.970715
0.974968 0.972036 0.973063 0.970825 0.971377 0.978231 0.982223 0.977936 0.981171 0.972402 0.977001 0.983384 0.982223 0.977936 0.981171 0.972402 0.977002 0.983384 0.972018 0.971459 0.973134 0.967511 0.968141 0.975945 0.972016 0.971459 0.973134 0.967511 0.968142 0.975949
0.973370 0.972659 0.973324 0.970819 0.970591 0.977609 0.978948 0.976745 0.978502 0.968942 0.974531 0.981108 0.978949 0.976745 0.978502 0.968942 0.974532 0.981108 0.971486 0.972158 0.973278 0.967019 0.968463 0.976120 0.971485 0.972158 0.973277 0.967019 0.968464 0.976124
0.971879 0.972684 0.972343 0.969648 0.968315 0.976140 0.977128 0.976054 0.976368 0.965576 0.971879 0.979472 0.977128 0.976055 0.976368 0.965576 0.971880 0.979472 0.969724 0.971352 0.970708 0.963735 0.965862 0.974410 0.969723 0.971353 0.970706 0.963733 0.965862 0.974414
0.974742 0.974109 0.974661 0.971600 0.971434 0.978364 0.979420 0.976828 0.977729 0.965139 0.974174 0.981356 0.979421 0.976829 0.977729 0.965139 0.974174 0.981356 0.972876 0.972754 0.973166 0.965090 0.969319 0.976975 0.972875 0.972754 0.973165 0.965089 0.969320 0.976979
0.978431 0.975516 0.976820 0.973474 0.974526 0.980809 0.983200 0.978581 0.980769 0.966572 0.977258 0.984275 0.983200 0.978581 0.980768 0.966571 0.977259 0.984276 0.976442 0.975131 0.976867 0.967934 0.972135 0.979301 0.976441 0.975130 0.976866 0.967932 0.972136 0.979303
0.977876 0.975341 0.975934 0.971273 0.972426 0.979968 0.983615 0.979344 0.981440 0.966160 0.975811 0.984343 0.983616 0.979344 0.981439 0.966160 0.975812 0.984341 0.974189 0.974660 0.975058 0.965033 0.968430 0.977216 0.974188 0.974661 0.975058 0.965033 0.968429 0.977218
0.978658 0.976697 0.977323 0.971193 0.972813 0.980775 0.983805 0.979963 0.981847 0.967330 0.975958 0.984497 0.983806 0.979964 0.981847 0.967331 0.975959 0.984495 0.974712 0.974856 0.974762 0.964120 0.968609 0.977884 0.974711 0.974856 0.974761 0.964122 0.968609 0.977885
0.982025 0.979205 0.980680 0.975031 0.977144 0.983406 0.984980 0.980780 0.982781 0.968067 0.977871 0.985322 0.984980 0.980780 0.982780 0.968068 0.977871 0.985320 0.980181 0.977669 0.978866 0.968517 0.974919 0.982033 0.980179 0.977669 0.978865 0.968518 0.974919 0.982033
0.980640 0.978329 0.979977 0.975125 0.976896 0.982425 0.982650 0.979822 0.981137 0.964232 0.975418 0.983343 0.982651 0.979822 0.981136 0.964233 0.975417 0.983341 0.979471 0.976859 0.978672 0.968561 0.975785 0.981602 0.979470 0.976861 0.978672 0.968560 0.975786 0.981603
0.980880 0.978580 0.980178 0.975549 0.977280 0.982458 0.983074 0.980477 0.981911 0.967163 0.975996 0.983463 0.983075 0.980477 0.981911 0.967163 0.975995 0.983461 0.979776 0.977203 0.979095 0.969945 0.976331 0.981621 0.979775 0.977204 0.979095 0.969946 0.976331 0.981622
0.982889 0.979573 0.982013 0.976896 0.978861 0.984337 0.985499 0.981064 0.984093 0.973271 0.979158 0.985881 0.985500 0.981064 0.984093 0.973271 0.979158 0.985880 0.981949 0.978229 0.980852 0.972656 0.977803 0.983457 0.981948 0.978229 0.980853 0.972656 0.977803 0.983459
0.982585 0.977844 0.980037 0.976252 0.977954 0.983141 0.986515 0.981447 0.984109 0.971454 0.978681 0.985921 0.986515 0.981447 0.984109 0.971455 0.978680 0.985920 0.980901 0.976806 0.979289 0.971791 0.976416 0.981745 0.980900 0.976807 0.979288 0.971791 0.976416 0.981747
0.983269 0.979038 0.981461 0.976507 0.978831 0.984238 0.986910 0.981566 0.984490 0.973175 0.980378 0.986590 0.986910 0.981566 0.984490 0.973175 0.980378 0.986589 0.981721 0.977486 0.979849 0.971611 0.977232 0.982919 0.981720 0.977486 0.979850 0.971612 0.977233 0.982921
0.983522 0.979708 0.982086 0.976725 0.979496 0.984386 0.986253 0.981466 0.983918 0.970819 0.980227 0.985946 0.986253 0.981467 0.983918 0.970819 0.980227 0.985945 0.982531 0.978218 0.980548 0.971389 0.978503 0.983475 0.982530 0.978219 0.980548 0.971389 0.978504 0.983477
0.982791 0.979120 0.981394 0.975928 0.978477 0.983444 0.984735 0.980127 0.981975 0.963752 0.977817 0.984423 0.984736 0.980127 0.981975 0.963752 0.977817 0.984422 0.981822 0.977306 0.979541 0.968562 0.977644 0.982593 0.981821 0.977307 0.979540 0.968562 0.977645 0.982594
0.984526 0.980362 0.983137 0.977056 0.979859 0.985084 0.987068 0.981713 0.984328 0.970662 0.980485 0.986534 0.987069 0.981713 0.984328 0.970663 0.980485 0.986533 0.983132 0.978558 0.980926 0.970973 0.978389 0.983895 0.983131 0.978558 0.980926 0.970972 0.978391 0.983896
0.984546 0.980067 0.982909 0.976860 0.979138 0.984770 0.987283 0.981756 0.984358 0.969385 0.979396 0.986461 0.987283 0.981756 0.984359 0.969386 0.979397 0.986461 0.982481 0.978306 0.980783 0.970574 0.977125 0.983087 0.982480 0.978307 0.980782 0.970574 0.977127 0.983088
0.985419 0.980989 0.984046 0.978106 0.980703 0.985530 0.987096 0.981726 0.984306 0.969863 0.979938 0.986411 0.987096 0.981726 0.984306 0.969864 0.979939 0.986410 0.984517 0.979301 0.982187 0.972286 0.979790 0.984669 0.984517 0.979300 0.982187 0.972286 0.979792 0.984670
0.984984 0.980929 0.983876 0.977934 0.980528 0.985221 0.986103 0.981123 0.983223 0.967777 0.979020 0.985553 0.986103 0.981123 0.983223 0.967778 0.979021 0.985553 0.984326 0.978915 0.981545 0.971321 0.980005 0.984586 0.984327 0.978915 0.981543 0.971321 0.980007 0.984588
0.985611 0.981056 0.984055 0.978275 0.980767 0.985640 0.987399 0.981827 0.984497 0.970609 0.980003 0.986637 0.987398 0.981827 0.984497 0.970610 0.980004 0.986636 0.984596 0.979500 0.982490 0.973102 0.979881 0.984765 0.984596 0.979500 0.982489 0.973101 0.979883 0.984766
0.985000 0.980670 0.983373 0.977222 0.979815 0.985156 0.987598 0.982188 0.985091 0.971889 0.980116 0.986756 0.987598 0.982187 0.985091 0.971889 0.980117 0.986755 0.983382 0.979450 0.982333 0.973190 0.978317 0.983853 0.983381 0.979450 0.982333 0.973189 0.978319 0.983854
0.985814 0.981329 0.984214 0.978057 0.981152 0.985903 0.987409 0.981840 0.984255 0.969512 0.980479 0.986561 0.987409 0.981840 0.984256 0.969512 0.980480 0.986561 0.984826 0.979492 0.982193 0.972284 0.980401 0.985186 0.984825 0.979492 0.982192 0.972283 0.980403 0.985187
0.985553 0.981490 0.984287 0.977813 0.981171 0.985845 0.986800 0.981738 0.984014 0.969290 0.980376 0.986141 0.986800 0.981738 0.984015 0.969291 0.980376 0.986141 0.984779 0.979551 0.982129 0.971950 0.980623 0.985308 0.984779 0.979551 0.982128 0.971949 0.980624 0.985310
0.986010 0.981318 0.984293 0.977940 0.981145 0.986006 0.987692 0.982102 0.984689 0.969915 0.980665 0.986715 0.987692 0.982102 0.984690 0.969916 0.980666 0.986715 0.984900 0.979462 0.982146 0.972062 0.980222 0.985222 0.984899 0.979462 0.982145 0.972061 0.980224 0.985223
0.985336 0.981015 0.984253 0.977768 0.980615 0.985832 0.987590 0.982235 0.985443 0.973503 0.980988 0.987030 0.987590 0.982235 0.985443 0.973504 0.980989 0.987030 0.984160 0.979427 0.982337 0.973125 0.979424 0.984901 0.984159 0.979427 0.982337 0.973124 0.979425 0.984902
0.985752 0.980315 0.983756 0.978093 0.980825 0.985382 0.986491 0.980754 0.982915 0.963395 0.978552 0.985343 0.986492 0.980754 0.982915 0.963396 0.978552 0.985342 0.984918 0.978650 0.981506 0.969792 0.980389 0.984827 0.984919 0.978650 0.981505 0.969790 0.980390 0.984827
0.981025 0.979653 0.982377 0.975245 0.977356 0.983627 0.982536 0.980155 0.983074 0.972051 0.977934 0.984105 0.982536 0.980156 0.983073 0.972053 0.977934 0.984104 0.980445 0.978429 0.980897 0.971022 0.976423 0.982921 0.980445 0.978428 0.980896 0.971022 0.976425 0.982923
0.985073 0.980418 0.983690 0.977563 0.980749 0.985722 0.987500 0.981747 0.984822 0.971485 0.981634 0.987010 0.987500 0.981747 0.984822 0.971486 0.981635 0.987010 0.983808 0.979015 0.981801 0.971950 0.979515 0.984777 0.983807 0.979015 0.981799 0.971949 0.979516 0.984778
0.981746 0.975826 0.978947 0.974601 0.976636 0.982025 0.985121 0.978817 0.981729 0.959761 0.977163 0.984704 0.985121 0.978817 0.981729 0.959761 0.977163 0.984704 0.979162 0.975259 0.978041 0.966506 0.974584 0.980157 0.979164 0.975261 0.978039 0.966504 0.974584 0.980159
0.977510 0.978134 0.978568 0.972346 0.973945 0.980358 0.979951 0.978803 0.979256 0.966727 0.975523 0.981467 0.979951 0.978803 0.979256 0.966728 0.975524 0.981467 0.976295 0.976127 0.976050 0.966396 0.972838 0.979400 0.976294 0.976126 0.976049 0.966396 0.972838 0.979402
0.976510 0.977245 0.977354 0.971684 0.972419 0.979299 0.978740 0.977652 0.977389 0.962252 0.973461 0.980187 0.978740 0.977652 0.977388 0.962253 0.973461 0.980187 0.974896 0.974787 0.973974 0.964026 0.970948 0.978145 0.974896 0.974786 0.973972 0.964025 0.970947 0.978147
0.981243 0.976386 0.979164 0.975788 0.977940 0.982835 0.984991 0.979327 0.982310 0.966201 0.979300 0.985328 0.984992 0.979328 0.982310 0.966202 0.979300 0.985328 0.979426 0.976085 0.979045 0.970811 0.976622 0.981711 0.979426 0.976086 0.979043 0.970811 0.976621 0.981711
0.978899 0.974723 0.976466 0.971935 0.974550 0.980461 0.985197 0.980687 0.983674 0.970685 0.978804 0.985162 0.985198 0.980687 0.983674 0.970685 0.978803 0.985162 0.975530 0.974902 0.977001 0.969092 0.971707 0.978066 0.975530 0.974903 0.976999 0.969092 0.971708 0.978067
0.980110 0.977700 0.979662 0.974033 0.976139 0.983006 0.984712 0.980655 0.983944 0.974902 0.980034 0.985747 0.984712 0.980656 0.983944 0.974903 0.980034 0.985747 0.978391 0.977416 0.979230 0.971822 0.974285 0.981691 0.978390 0.977415 0.979229 0.971822 0.974285 0.981692
0.982039 0.979094 0.981558 0.976118 0.978835 0.984193 0.984685 0.980922 0.983667 0.972176 0.980090 0.985472 0.984685 0.980922 0.983667 0.972177 0.980090 0.985472 0.980911 0.978273 0.980723 0.972534 0.977846 0.983476 0.980912 0.978272 0.980722 0.972534 0.977846 0.983477
0.981372 0.977333 0.980141 0.975959 0.978610 0.983408 0.983927 0.979728 0.982705 0.967561 0.978595 0.984895 0.983927 0.979729 0.982705 0.967562 0.978594 0.984895 0.979988 0.976635 0.979883 0.971742 0.977604 0.982612 0.979988 0.976635 0.979882 0.971741 0.977604 0.982612
0.980773 0.977168 0.980073 0.975563 0.978080 0.983211 0.982811 0.978977 0.981882 0.965744 0.977565 0.984254 0.982811 0.978978 0.981882 0.965746 0.977564 0.984254 0.979481 0.976152 0.979376 0.970622 0.977098 0.982479 0.979481 0.976152 0.979375 0.970622 0.977098 0.982480
0.980221 0.978242 0.980997 0.974961 0.977481 0.983299 0.981555 0.978989 0.981248 0.965978 0.976967 0.983403 0.981555 0.978990 0.981247 0.965980 0.976967 0.983403 0.979285 0.976632 0.979137 0.969244 0.976572 0.982730 0.979284 0.976632 0.979136 0.969242 0.976571 0.982730
0.981043 0.978864 0.981652 0.975210 0.977748 0.983787 0.982989 0.979886 0.982456 0.969463 0.978737 0.984581 0.982989 0.979887 0.982455 0.969464 0.978737 0.984581 0.980142 0.977165 0.979307 0.969672 0.976552 0.983072 0.980141 0.977165 0.979306 0.969671 0.976552 0.983074
0.979915 0.977154 0.979275 0.973361 0.975797 0.982149 0.984660 0.980017 0.983241 0.971298 0.979438 0.985284 0.984660 0.980018 0.983241 0.971300 0.979438 0.985284 0.977073 0.974400 0.975989 0.966807 0.972877 0.979872 0.977073 0.974399 0.975989 0.966806 0.972876 0.979874
0.977616 0.974420 0.976103 0.971100 0.973795 0.979976 0.984421 0.979643 0.982975 0.970892 0.978920 0.984841 0.984421 0.979644 0.982974 0.970894 0.978919 0.984841 0.973752 0.973041 0.974659 0.966088 0.970235 0.976952 0.973751 0.973041 0.974659 0.966087 0.970235 0.976953
0.980170 0.975952 0.978647 0.974819 0.977325 0.982656 0.984608 0.979242 0.982496 0.970133 0.980454 0.985596 0.984608 0.979243 0.982495 0.970135 0.980454 0.985596 0.978614 0.975873 0.978689 0.970917 0.975808 0.981515 0.978613 0.975872 0.978688 0.970916 0.975808 0.981516
0.978193 0.975394 0.977462 0.974055 0.975622 0.981440 0.981973 0.977773 0.979674 0.966907 0.977931 0.983613 0.981973 0.977774 0.979673 0.966909 0.977930 0.983613 0.976772 0.974557 0.976127 0.968354 0.974416 0.980513 0.976771 0.974557 0.976126 0.968353 0.974416 0.980514
0.977952 0.975325 0.977024 0.973897 0.975069 0.981073 0.981772 0.977780 0.979354 0.966482 0.977313 0.983277 0.981772 0.977780 0.979353 0.966483 0.977313 0.983278 0.976367 0.974441 0.975560 0.968058 0.973714 0.980061 0.976366 0.974441 0.975559 0.968057 0.973714 0.980062
0.980182 0.975986 0.978273 0.975017 0.977186 0.982319 0.984263 0.979159 0.981752 0.968940 0.979491 0.984963 0.984262 0.979160 0.981752 0.968941 0.979490 0.984963 0.978553 0.975796 0.978104 0.970733 0.975914 0.981319 0.978553 0.975795 0.978103 0.970732 0.975914 0.981320
0.981121 0.976324 0.978623 0.974544 0.977313 0.982532 0.985929 0.980645 0.983856 0.971275 0.980214 0.985949 0.985929 0.980646 0.983856 0.971276 0.980213 0.985949 0.979038 0.976697 0.979186 0.971719 0.975520 0.981119 0.979037 0.976696 0.979186 0.971718 0.975519 0.981120
0.981560 0.977242 0.979362 0.973936 0.976937 0.982711 0.986130 0.981323 0.984406 0.971909 0.979714 0.985946 0.986130 0.981323 0.984405 0.971910 0.979713 0.985946 0.979144 0.976805 0.978667 0.970466 0.974721 0.980968 0.979143 0.976803 0.978666 0.970465 0.974720 0.980969
0.983667 0.979256 0.981899 0.976021 0.979123 0.984519 0.986574 0.981875 0.985023 0.972070 0.980175 0.986331 0.986574 0.981876 0.985023 0.972071 0.980174 0.986331 0.982078 0.978399 0.980671 0.971984 0.977581 0.983394 0.982077 0.978398 0.980670 0.971983 0.977581 0.983395
0.984453 0.979818 0.983000 0.977306 0.980353 0.985188 0.985654 0.981665 0.984606 0.968841 0.978808 0.985581 0.985654 0.981666 0.984606 0.968843 0.978807 0.985580 0.983499 0.979177 0.982230 0.972905 0.979609 0.984605 0.983498 0.979175 0.982230 0.972904 0.979607 0.984607
0.984164 0.979442 0.982825 0.977526 0.980182 0.984947 0.984694 0.981019 0.983762 0.965376 0.977201 0.984659 0.984694 0.981020 0.983762 0.965377 0.977200 0.984659 0.983362 0.978937 0.982300 0.972403 0.979690 0.984481 0.983363 0.978936 0.982299 0.972402 0.979689 0.984482
0.984962 0.979982 0.983585 0.978219 0.980877 0.985478 0.985680 0.981303 0.984114 0.966512 0.978246 0.985247 0.985680 0.981304 0.984114 0.966513 0.978245 0.985246 0.984325 0.979442 0.982899 0.972551 0.980427 0.985060 0.984325 0.979441 0.982898 0.972551 0.980426 0.985061
0.985644 0.980370 0.983936 0.978469 0.980994 0.985822 0.987390 0.981856 0.985125 0.970730 0.980152 0.986707 0.987391 0.981857 0.985124 0.970732 0.980151 0.986707 0.984832 0.979732 0.982987 0.972900 0.980085 0.985131 0.984832 0.979731 0.982986 0.972900 0.980085 0.985133
0.984841 0.979223 0.982439 0.977430 0.979774 0.984924 0.987912 0.981890 0.985233 0.970556 0.980037 0.986950 0.987913 0.981890 0.985232 0.970557 0.980036 0.986950 0.983281 0.979180 0.982176 0.972252 0.978225 0.983680 0.983280 0.979179 0.982175 0.972252 0.978225 0.983682
0.985619 0.979496 0.983095 0.978698 0.981068 0.985550 0.987952 0.981517 0.984628 0.968123 0.980344 0.986976 0.987952 0.981518 0.984628 0.968124 0.980343 0.986975 0.984698 0.979654 0.983138 0.972834 0.980265 0.984792 0.984698 0.979654 0.983137 0.972834 0.980264 0.984794
0.985069 0.980033 0.983672 0.978426 0.981243 0.985500 0.986551 0.980921 0.983457 0.967106 0.980126 0.985901 0.986551 0.980922 0.983457 0.967107 0.980126 0.985900 0.984617 0.979322 0.982396 0.971508 0.980886 0.985142 0.984617 0.979321 0.982395 0.971508 0.980886 0.985143
0.985439 0.980196 0.983767 0.978525 0.981406 0.985735 0.987067 0.981336 0.984042 0.968271 0.980588 0.986360 0.987068 0.981337 0.984042 0.968273 0.980588 0.986360 0.984877 0.979618 0.982719 0.972357 0.980965 0.985322 0.984878 0.979617 0.982718 0.972357 0.980964 0.985323
0.985368 0.979721 0.982955 0.977925 0.980486 0.985388 0.987820 0.981958 0.984902 0.969322 0.980448 0.986836 0.987820 0.981958 0.984902 0.969323 0.980447 0.986835 0.984119 0.979478 0.982372 0.972621 0.979402 0.984473 0.984119 0.979477 0.982372 0.972621 0.979400 0.984474
0.985363 0.980113 0.983359 0.977719 0.980541 0.985557 0.987845 0.982326 0.985516 0.972076 0.980895 0.986993 0.987845 0.982326 0.985516 0.972077 0.980894 0.986993 0.984112 0.979572 0.982462 0.973236 0.979373 0.984638 0.984113 0.979571 0.982462 0.973236 0.979373 0.984639
0.986085 0.980944 0.984352 0.978741 0.981569 0.986074 0.987291 0.982381 0.985308 0.971079 0.980300 0.986423 0.987292 0.982381 0.985308 0.971081 0.980300 0.986423 0.985543 0.980363 0.983490 0.974207 0.981150 0.985680 0.985544 0.980362 0.983490 0.974207 0.981150 0.985680
0.985957 0.981055 0.984440 0.978709 0.981422 0.985938 0.986645 0.982177 0.984861 0.969639 0.979353 0.985731 0.986645 0.982178 0.984861 0.969641 0.979352 0.985730 0.985544 0.980413 0.983513 0.973878 0.981170 0.985645 0.985545 0.980412 0.983513 0.973878 0.981170 0.985646
0.986287 0.981169 0.984678 0.978868 0.981418 0.986272 0.987617 0.982485 0.985770 0.972717 0.980483 0.986865 0.987617 0.982485 0.985770 0.972719 0.980482 0.986864 0.985697 0.980622 0.983991 0.974688 0.980832 0.985782 0.985698 0.980621 0.983991 0.974688 0.980832 0.985783
0.986254 0.980836 0.983985 0.978502 0.980852 0.985934 0.988033 0.982529 0.985571 0.970689 0.980137 0.986959 0.988034 0.982529 0.985571 0.970690 0.980137 0.986958 0.985280 0.980547 0.983629 0.973780 0.979928 0.985173 0.985280 0.980547 0.983629 0.973780 0.979928 0.985174
0.986413 0.981304 0.984794 0.978929 0.981749 0.986404 0.987810 0.982033 0.985110 0.970861 0.981021 0.987024 0.987810 0.982034 0.985109 0.970862 0.981020 0.987023 0.985839 0.980584 0.983895 0.973500 0.981167 0.985931 0.985839 0.980584 0.983895 0.973501 0.981167 0.985932
0.986441 0.981339 0.984688 0.978990 0.981904 0.986316 0.987365 0.981197 0.983586 0.966063 0.980414 0.986420 0.987365 0.981197 0.983586 0.966063 0.980413 0.986419 0.985981 0.980105 0.983004 0.971132 0.981572 0.985992 0.985981 0.980105 0.983003 0.971132 0.981573 0.985993
0.986392 0.981228 0.984568 0.978749 0.981818 0.986412 0.988036 0.981768 0.984690 0.969428 0.981489 0.987180 0.988036 0.981768 0.984689 0.969429 0.981489 0.987180 0.985674 0.980368 0.983470 0.972480 0.981137 0.985880 0.985675 0.980367 0.983469 0.972480 0.981138 0.985881
0.985988 0.980832 0.983984 0.978158 0.981113 0.986086 0.988176 0.982080 0.985237 0.970487 0.981445 0.987289 0.988176 0.982080 0.985236 0.970488 0.981444 0.987289 0.984884 0.980293 0.983322 0.972765 0.980043 0.985283 0.984884 0.980293 0.983322 0.972765 0.980043 0.985284
0.986443 0.981224 0.984464 0.978824 0.981790 0.986408 0.988041 0.982124 0.985148 0.970077 0.981338 0.987148 0.988041 0.982125 0.985148 0.970078 0.981337 0.987148 0.985724 0.980588 0.983714 0.973200 0.981158 0.985895 0.985725 0.980587 0.983713 0.973200 0.981159 0.985896
0.986119 0.981399 0.984769 0.978752 0.981789 0.986393 0.987320 0.982112 0.985156 0.971258 0.981046 0.986662 0.987320 0.982112 0.985155 0.971260 0.981045 0.986661 0.985662 0.980730 0.983965 0.973809 0.981380 0.986062 0.985662 0.980729 0.983964 0.973809 0.981381 0.986062
0.986586 0.981499 0.984747 0.979072 0.981900 0.986527 0.987784 0.982434 0.985478 0.970937 0.980887 0.986909 0.987784 0.982434 0.985477 0.970938 0.980886 0.986908 0.986050 0.980950 0.984107 0.974096 0.981471 0.986145 0.986050 0.980949 0.984106 0.974096 0.981473 0.986145
0.986086 0.981230 0.984501 0.978455 0.981277 0.986377 0.987971 0.982523 0.985955 0.973180 0.981292 0.987337 0.987971 0.982523 0.985954 0.973181 0.981291 0.987337 0.985255 0.980650 0.983746 0.974250 0.980474 0.985767 0.985255 0.980649 0.983746 0.974250 0.980475 0.985767
0.986719 0.981634 0.984825 0.978998 0.981906 0.986648 0.988081 0.982430 0.985508 0.970941 0.981160 0.987203 0.988082 0.982430 0.985507 0.970943 0.981159 0.987202 0.986075 0.980995 0.984074 0.973848 0.981382 0.986190 0.986075 0.980995 0.984074 0.973848 0.981382 0.986190
0.986475 0.981767 0.985132 0.978900 0.982094 0.986717 0.987598 0.981955 0.984931 0.970632 0.981321 0.986906 0.987599 0.981955 0.984930 0.970633 0.981320 0.986906 0.986003 0.980813 0.983967 0.973351 0.981717 0.986406 0.986003 0.980813 0.983966 0.973351 0.981717 0.986406
0.986730 0.981743 0.985049 0.978966 0.982187 0.986777 0.987953 0.981835 0.984748 0.969407 0.981456 0.987114 0.987954 0.981835 0.984747 0.969408 0.981455 0.987113 0.986156 0.980750 0.983830 0.972713 0.981750 0.986399 0.986156 0.980749 0.983830 0.972713 0.981750 0.986400
0.986396 0.981404 0.984748 0.978494 0.981752 0.986622 0.988213 0.982005 0.985231 0.970902 0.981830 0.987441 0.988213 0.982005 0.985230 0.970903 0.981829 0.987441 0.985554 0.980643 0.983771 0.973071 0.980989 0.986040 0.985554 0.980642 0.983771 0.973070 0.980989 0.986041
0.986572 0.981548 0.985035 0.978827 0.982056 0.986777 0.988113 0.981940 0.985160 0.970823 0.981824 0.987375 0.988113 0.981940 0.985159 0.970824 0.981823 0.987375 0.985907 0.980738 0.983977 0.973225 0.981468 0.986323 0.985907 0.980737 0.983977 0.973224 0.981468 0.986324
0.986618 0.981722 0.985296 0.979073 0.982249 0.986812 0.987671 0.981805 0.984889 0.970210 0.981440 0.986951 0.987671 0.981805 0.984888 0.970211 0.981439 0.986951 0.986190 0.980818 0.984103 0.973157 0.981893 0.986531 0.986189 0.980818 0.984103 0.973156 0.981893 0.986532
0.986449 0.981606 0.985260 0.978945 0.982011 0.986793 0.987749 0.982075 0.985477 0.972073 0.981627 0.987185 0.987749 0.982075 0.985476 0.972074 0.981626 0.987185 0.985959 0.980886 0.984324 0.973991 0.981525 0.986439 0.985959 0.980886 0.984325 0.973990 0.981525 0.986440
0.986659 0.981594 0.985115 0.978900 0.981877 0.986776 0.988117 0.982327 0.985736 0.971690 0.981539 0.987351 0.988117 0.982327 0.985735 0.971691 0.981538 0.987351 0.985975 0.980958 0.984261 0.973787 0.981231 0.986294 0.985975 0.980958 0.984261 0.973786 0.981231 0.986295
0.986288 0.981614 0.985255 0.978759 0.981836 0.986763 0.987689 0.982158 0.985649 0.972769 0.981710 0.987228 0.987689 0.982158 0.985647 0.972770 0.981709 0.987228 0.985756 0.980879 0.984315 0.974171 0.981283 0.986377 0.985755 0.980878 0.984315 0.974170 0.981282 0.986378
0.986865 0.981958 0.985364 0.979120 0.982259 0.986861 0.987682 0.981885 0.984831 0.968916 0.981131 0.986832 0.987683 0.981886 0.984830 0.968917 0.981130 0.986832 0.986408 0.981001 0.984206 0.972772 0.981929 0.986579 0.986408 0.981001 0.984206 0.972771 0.981929 0.986581
0.985967 0.981475 0.985029 0.978398 0.981621 0.986658 0.987697 0.981991 0.985476 0.972967 0.982023 0.987352 0.987697 0.981991 0.985475 0.972967 0.982022 0.987352 0.985307 0.980641 0.983990 0.973908 0.980953 0.986192 0.985306 0.980640 0.983990 0.973907 0.980952 0.986194
0.986897 0.981674 0.984793 0.978879 0.981789 0.986653 0.988116 0.981698 0.984539 0.967014 0.981032 0.987047 0.988115 0.981699 0.984539 0.967015 0.981031 0.987046 0.986143 0.980817 0.983810 0.971745 0.981237 0.986145 0.986143 0.980817 0.983809 0.971745 0.981236 0.986147
0.985520 0.981322 0.984893 0.978245 0.981457 0.986531 0.987233 0.981673 0.985057 0.973061 0.982007 0.987173 0.987233 0.981673 0.985057 0.973061 0.982007 0.987173 0.984992 0.980408 0.983709 0.973839 0.980901 0.986164 0.984991 0.980407 0.983710 0.973839 0.980900 0.986166
0.986716 0.981479 0.984624 0.979027 0.981807 0.986477 0.987573 0.981114 0.983800 0.964658 0.980452 0.986562 0.987573 0.981114 0.983800 0.964660 0.980451 0.986562 0.986089 0.980542 0.983596 0.971052 0.981467 0.986085 0.986090 0.980542 0.983596 0.971052 0.981467 0.986087
0.985658 0.981305 0.984814 0.978232 0.981465 0.986559 0.987473 0.981888 0.985406 0.973027 0.982080 0.987303 0.987473 0.981888 0.985406 0.973027 0.982080 0.987304 0.984988 0.980527 0.983879 0.973934 0.980779 0.986101 0.984987 0.980527 0.983879 0.973934 0.980778 0.986103
0.986359 0.981525 0.984882 0.978598 0.981782 0.986701 0.988041 0.982142 0.985541 0.971222 0.981931 0.987431 0.988041 0.982142 0.985540 0.971223 0.981930 0.987431 0.985558 0.980807 0.984022 0.973437 0.981053 0.986180 0.985558 0.980806 0.984022 0.973436 0.981053 0.986182
0.986610 0.981667 0.985117 0.979009 0.982170 0.986833 0.987820 0.981967 0.985197 0.969895 0.981637 0.987184 0.987819 0.981967 0.985197 0.969896 0.981636 0.987184 0.986012 0.980915 0.984263 0.973297 0.981677 0.986478 0.986011 0.980915 0.984263 0.973296 0.981676 0.986480
0.985588 0.981361 0.984997 0.978422 0.981582 0.986541 0.987024 0.981689 0.985106 0.972433 0.981752 0.986920 0.987024 0.981690 0.985105 0.972434 0.981752 0.986920 0.985113 0.980575 0.984014 0.973874 0.981052 0.986230 0.985112 0.980574 0.984014 0.973873 0.981051 0.986232
0.986717 0.981464 0.984900 0.978985 0.982050 0.986755 0.988186 0.981997 0.985285 0.969463 0.981624 0.987371 0.988186 0.981998 0.985285 0.969464 0.981623 0.987371 0.985975 0.980903 0.984233 0.973126 0.981447 0.986300 0.985975 0.980902 0.984233 0.973125 0.981446 0.986301
0.986226 0.981493 0.985090 0.978693 0.981990 0.986772 0.987814 0.981831 0.985298 0.971624 0.982079 0.987383 0.987813 0.981831 0.985298 0.971625 0.982079 0.987383 0.985587 0.980732 0.984173 0.973673 0.981395 0.986380 0.985585 0.980731 0.984173 0.973672 0.981394 0.986381
0.986269 0.981575 0.985180 0.978734 0.982129 0.986815 0.987716 0.981707 0.985062 0.971142 0.982065 0.987290 0.987715 0.981708 0.985061 0.971143 0.982065 0.987289 0.985684 0.980688 0.984082 0.973457 0.981614 0.986477 0.985683 0.980688 0.984082 0.973456 0.981612 0.986479
0.986713 0.981531 0.984943 0.978923 0.982176 0.986764 0.988067 0.981763 0.984917 0.968644 0.981623 0.987244 0.988067 0.981764 0.984917 0.968645 0.981623 0.987244 0.985995 0.980792 0.984083 0.972734 0.981658 0.986361 0.985994 0.980792 0.984082 0.972733 0.981657 0.986363
0.986140 0.981505 0.985107 0.978576 0.982011 0.986759 0.987639 0.981811 0.985233 0.971811 0.982090 0.987265 0.987639 0.981811 0.985232 0.971812 0.982089 0.987265 0.985549 0.980666 0.984057 0.973750 0.981485 0.986414 0.985548 0.980665 0.984057 0.973749 0.981485 0.986415
0.986497 0.981541 0.985049 0.978745 0.982104 0.986787 0.987976 0.982045 0.985448 0.971075 0.981944 0.987344 0.987976 0.982045 0.985447 0.971076 0.981944 0.987344 0.985819 0.980837 0.984204 0.973678 0.981554 0.986396 0.985819 0.980836 0.984204 0.973678 0.981554 0.986397
0.986651 0.981520 0.985047 0.978916 0.982168 0.986803 0.988021 0.982115 0.985482 0.970650 0.981761 0.987289 0.988021 0.982115 0.985482 0.970652 0.981760 0.987289 0.985998 0.980919 0.984324 0.973727 0.981665 0.986431 0.985997 0.980919 0.984324 0.973726 0.981665 0.986433
0.986130 0.981444 0.985170 0.978691 0.981974 0.986745 0.987482 0.981906 0.985410 0.972383 0.981896 0.987107 0.987482 0.981906 0.985409 0.972385 0.981896 0.987107 0.985653 0.980747 0.984268 0.974205 0.981521 0.986463 0.985652 0.980746 0.984268 0.974204 0.981521 0.986465
0.986806 0.981489 0.985065 0.979067 0.982211 0.986840 0.988146 0.982126 0.985488 0.970411 0.981686 0.987316 0.988146 0.982126 0.985488 0.970413 0.981686 0.987316 0.986172 0.980979 0.984442 0.973726 0.981723 0.986468 0.986172 0.980979 0.984442 0.973725 0.981723 0.986470
0.986567 0.981557 0.985237 0.978903 0.982179 0.986881 0.987952 0.981986 0.985437 0.971606 0.981987 0.987343 0.987952 0.981986 0.985437 0.971607 0.981986 0.987343 0.986013 0.980871 0.984367 0.973905 0.981687 0.986548 0.986013 0.980871 0.984366 0.973904 0.981687 0.986549
0.986710 0.981668 0.985323 0.978981 0.982287 0.986948 0.988016 0.981933 0.985282 0.971039 0.981982 0.987347 0.988015 0.981933 0.985281 0.971041 0.981981 0.987347 0.986166 0.980900 0.984349 0.973636 0.981821 0.986626 0.986166 0.980900 0.984349 0.973636 0.981821 0.986628
0.987025 0.981723 0.985248 0.979146 0.982349 0.986972 0.988238 0.981961 0.985146 0.969445 0.981702 0.987326 0.988238 0.981961 0.985146 0.969447 0.981702 0.987327 0.986419 0.981019 0.984394 0.973148 0.981891 0.986611 0.986419 0.981019 0.984394 0.973148 0.981891 0.986612
0.986627 0.981747 0.985406 0.978857 0.982215 0.986966 0.987930 0.981949 0.985312 0.971640 0.982026 0.987326 0.987930 0.981949 0.985312 0.971641 0.982026 0.987326 0.986119 0.980924 0.984344 0.973792 0.981755 0.986660 0.986119 0.980923 0.984344 0.973791 0.981755 0.986662
0.987128 0.981791 0.985224 0.979151 0.982286 0.986989 0.988298 0.982144 0.985318 0.969504 0.981547 0.987306 0.988298 0.982145 0.985318 0.969505 0.981546 0.987307 0.986517 0.981201 0.984531 0.973359 0.981841 0.986612 0.986517 0.981201 0.984530 0.973359 0.981841 0.986613
0.986769 0.981837 0.985380 0.978912 0.982193 0.987019 0.988026 0.982163 0.985565 0.971869 0.981916 0.987345 0.988026 0.982163 0.985564 0.971870 0.981916 0.987346 0.986261 0.981135 0.984555 0.974107 0.981753 0.986710 0.986261 0.981135 0.984555 0.974106 0.981753 0.986711
0.987119 0.981911 0.985381 0.979158 0.982318 0.987080 0.988255 0.982281 0.985570 0.970640 0.981648 0.987336 0.988255 0.982282 0.985569 0.970642 0.981648 0.987336 0.986576 0.981333 0.984726 0.973888 0.981909 0.986751 0.986575 0.981333 0.984727 0.973887 0.981909 0.986752
0.987008 0.981917 0.985457 0.979057 0.982265 0.987091 0.988224 0.982275 0.985663 0.971444 0.981802 0.987393 0.988223 0.982275 0.985663 0.971445 0.981801 0.987393 0.986478 0.981305 0.984750 0.974067 0.981831 0.986773 0.986478 0.981305 0.984750 0.974066 0.981831 0.986774
0.987070 0.981991 0.985528 0.979108 0.982311 0.987137 0.988242 0.982237 0.985581 0.971205 0.981800 0.987396 0.988241 0.982238 0.985581 0.971207 0.981799 0.987396 0.986559 0.981337 0.984771 0.973926 0.981893 0.986831 0.986559 0.981337 0.984771 0.973925 0.981892 0.986832
0.987251 0.982094 0.985553 0.979239 0.982385 0.987190 0.988333 0.982205 0.985419 0.970230 0.981680 0.987385 0.988333 0.982205 0.985419 0.970231 0.981679 0.987385 0.986741 0.981415 0.984782 0.973545 0.981988 0.986877 0.986740 0.981414 0.984782 0.973544 0.981988 0.986878
0.986962 0.982045 0.985562 0.978993 0.982245 0.987160 0.988217 0.982168 0.985503 0.971511 0.981982 0.987471 0.988217 0.982168 0.985503 0.971512 0.981982 0.987471 0.986463 0.981283 0.984668 0.973779 0.981793 0.986843 0.986463 0.981283 0.984668 0.973778 0.981793 0.986844
0.987366 0.982125 0.985437 0.979297 0.982322 0.987179 0.988411 0.982170 0.985226 0.969027 0.981485 0.987361 0.988411 0.982170 0.985226 0.969029 0.981484 0.987361 0.986833 0.981480 0.984730 0.973035 0.981924 0.986824 0.986833 0.981480 0.984730 0.973035 0.981924 0.986825
0.986572 0.981865 0.985400 0.978696 0.982012 0.987054 0.987977 0.982104 0.985526 0.972466 0.982104 0.987447 0.987977 0.982104 0.985526 0.972467 0.982104 0.987447 0.986087 0.981116 0.984510 0.973988 0.981525 0.986733 0.986088 0.981115 0.984510 0.973987 0.981525 0.986734
0.987291 0.981779 0.985076 0.979357 0.982106 0.986969 0.988227 0.982024 0.984926 0.967056 0.980883 0.987067 0.988227 0.982024 0.984926 0.967058 0.980882 0.987067 0.986724 0.981435 0.984658 0.972560 0.981764 0.986594 0.986724 0.981435 0.984658 0.972560 0.981764 0.986596
0.985778 0.981395 0.985010 0.978150 0.981509 0.986705 0.987375 0.981890 0.985382 0.973397 0.982038 0.987197 0.987374 0.981890 0.985381 0.973397 0.982038 0.987198 0.985284 0.980689 0.984044 0.974109 0.980983 0.986393 0.985284 0.980689 0.984044 0.974107 0.980983 0.986395
0.986570 0.980908 0.984200 0.978960 0.981484 0.986393 0.987831 0.981769 0.984682 0.965625 0.980475 0.986815 0.987832 0.981769 0.984682 0.965626 0.980475 0.986814 0.985824 0.980980 0.984232 0.972231 0.981045 0.985895 0.985825 0.980980 0.984232 0.972231 0.981045 0.985897
0.985803 0.981527 0.984741 0.978090 0.981554 0.986586 0.987222 0.981844 0.985065 0.971735 0.981930 0.986993 0.987222 0.981844 0.985064 0.971736 0.981930 0.986993 0.985230 0.980737 0.983904 0.973389 0.980991 0.986215 0.985230 0.980736 0.983904 0.973388 0.980991 0.986216
0.986388 0.981494 0.984947 0.978556 0.982000 0.986819 0.987849 0.982056 0.985349 0.971123 0.982130 0.987330 0.987849 0.982056 0.985348 0.971124 0.982130 0.987330 0.985738 0.981001 0.984244 0.973555 0.981419 0.986416 0.985738 0.981001 0.984244 0.973554 0.981418 0.986417
0.986568 0.980892 0.984359 0.978764 0.981780 0.986513 0.988325 0.982211 0.985525 0.969391 0.981638 0.987373 0.988326 0.982211 0.985525 0.969392 0.981638 0.987373 0.985728 0.981073 0.984465 0.973428 0.981096 0.985964 0.985728 0.981073 0.984465 0.973428 0.981096 0.985965
