0.017193 0.024172 0.040602 0.032514 0.021869 0.022923 0.015747 0.027445 0.045684 0.037574 0.015441 0.020851 0.015775 0.027353 0.045642 0.037482 0.015474 0.020767 0.011274 0.021051 0.033980 0.036865 0.016021 0.016154 0.011245 0.021192 0.034086 0.036846 0.016101 0.016255
0.509535 0.419310 0.459476 0.553550 0.513445 0.541970 0.509535 0.419310 0.459476 0.553550 0.513445 0.541970 0.509535 0.419310 0.459476 0.553550 0.513445 0.541970 0.509535 0.419310 0.459476 0.553550 0.513445 0.541970 0.509535 0.419310 0.459476 0.553550 0.513445 0.541970
0.509535 0.419310 0.459476 0.553550 0.513445 0.541970 0.509535 0.419310 0.459476 0.553550 0.513445 0.541970 0.509535 0.419310 0.459476 0.553550 0.513445 0.541970 0.509535 0.419310 0.459476 0.553550 0.513445 0.541970 0.509535 0.419310 0.459476 0.553550 0.513445 0.541970
0.509535 0.419310 0.459476 0.553550 0.513445 0.541970 0.509535 0.419310 0.459476 0.553550 0.513445 0.541970 0.509535 0.419310 0.459476 0.553550 0.513445 0.541970 0.509535 0.419310 0.459476 0.553550 0.513445 0.541970 0.509535 0.419310 0.459476 0.553550 0.513445 0.541970
0.509535 0.419310 0.459476 0.553550 0.513445 0.541970 0.509535 0.419310 0.459476 0.553550 0.513445 0.541970 0.509535 0.419310 0.459476 0.553550 0.513445 0.541970 0.509535 0.419310 0.459476 0.553550 0.513445 0.541970 0.509535 0.419310 0.459476 0.553550 0.513445 0.541970
0.509535 0.419310 0.459476 0.553550 0.513445 0.541970 0.509535 0.419310 0.459476 0.553550 0.513445 0.541970 0.509535 0.419310 0.459476 0.553550 0.513445 0.541970 0.509535 0.419310 0.459476 0.553550 0.513445 0.541970 0.509535 0.419310 0.459476 0.553550 0.513445 0.541970
0.509535 0.419310 0.459476 0.553550 0.513445 0.541970 0.509535 0.419310 0.459476 0.553550 0.513445 0.541970 0.509535 0.419310 0.459476 0.553550 0.513445 0.541970 0.509535 0.419310 0.459476 0.553550 0.513445 0.541970 0.509535 0.419310 0.459476 0.553550 0.513445 0.541970
0.509535 0.419310 0.459476 0.553550 0.513445 0.541970 0.509535 0.419310 0.459476 0.553550 0.513445 0.541970 0.509535 0.419310 0.459476 0.553550 0.513445 0.541970 0.509535 0.419310 0.459476 0.553550 0.513445 0.541970 0.509535 0.419310 0.459476 0.553550 0.513445 0.541970
0.509535 0.419310 0.459476 0.553550 0.513445 0.541970 0.509535 0.419310 0.459476 0.553550 0.513445 0.541970 0.509535 0.419310 0.459476 0.553550 0.513445 0.541970 0.509535 0.419310 0.459476 0.553550 0.513445 0.541970 0.509535 0.419310 0.459476 0.553550 0.513445 0.541970
0.510360 0.420074 0.460720 0.554588 0.513752 0.542754 0.510631 0.426251 0.466632 0.559172 0.514012 0.542949 0.510636 0.426250 0.466638 0.559160 0.514010 0.542948 0.510511 0.426582 0.465017 0.558577 0.513868 0.542966 0.510509 0.426569 0.465049 0.558573 0.513876 0.542978
0.512283 0.422343 0.463367 0.556304 0.515209 0.544267 0.512897 0.427736 0.467959 0.560277 0.515904 0.544761 0.512891 0.427742 0.467927 0.560277 0.515903 0.544749 0.511979 0.427905 0.465722 0.559411 0.515073 0.544322 0.512009 0.427877 0.465746 0.559421 0.515085 0.544328
0.509596 0.419409 0.459625 0.553745 0.513091 0.542015 0.509673 0.427153 0.468325 0.560252 0.513209 0.542099 0.509674 0.427150 0.468335 0.560256 0.513199 0.542105 0.509626 0.428223 0.466961 0.560046 0.513093 0.542063 0.509628 0.428211 0.466998 0.560029 0.513088 0.542069
0.509733 0.419597 0.459835 0.553922 0.513214 0.542151 0.509892 0.427931 0.469667 0.561062 0.513374 0.542278 0.509895 0.427936 0.469680 0.561067 0.513375 0.542278 0.509733 0.429442 0.468626 0.561261 0.513196 0.542205 0.509743 0.429453 0.468616 0.561255 0.513191 0.542203
0.512823 0.423090 0.463997 0.556858 0.515342 0.544776 0.513250 0.433416 0.474228 0.565081 0.515896 0.545131 0.513249 0.433421 0.474222 0.565062 0.515899 0.545170 0.512618 0.433326 0.470405 0.563194 0.515045 0.544568 0.512609 0.433323 0.470385 0.563202 0.515029 0.544606
0.527827 0.437392 0.477201 0.569833 0.526332 0.560646 0.526568 0.440847 0.480246 0.569769 0.525845 0.559423 0.526550 0.440817 0.480228 0.569748 0.525855 0.559394 0.529836 0.437931 0.473065 0.565784 0.527639 0.562750 0.529847 0.437916 0.473062 0.565773 0.527611 0.562795
0.698821 0.621487 0.639731 0.750592 0.668634 0.719149 0.689866 0.613778 0.631300 0.742847 0.662093 0.714732 0.689778 0.613822 0.631324 0.742855 0.662091 0.714728 0.708998 0.628869 0.637195 0.751897 0.676069 0.723460 0.708936 0.628897 0.637214 0.751812 0.676080 0.723446
0.714975 0.647345 0.658759 0.767723 0.680301 0.729280 0.713360 0.654305 0.671414 0.775303 0.681226 0.733104 0.713347 0.654166 0.671458 0.775370 0.681229 0.733074 0.714011 0.676791 0.678894 0.780824 0.679038 0.723976 0.714156 0.676840 0.678759 0.780775 0.679056 0.724012
0.723437 0.635721 0.665749 0.766060 0.685054 0.737542 0.717093 0.651913 0.680914 0.774980 0.684262 0.742036 0.717144 0.651912 0.680902 0.774987 0.684217 0.742190 0.734543 0.685672 0.694224 0.787852 0.691278 0.740841 0.734447 0.685697 0.694206 0.787779 0.691272 0.740765
0.651198 0.561845 0.605153 0.712542 0.638419 0.691228 0.652418 0.572428 0.617323 0.718054 0.641543 0.699089 0.652490 0.572383 0.617392 0.718045 0.641494 0.699039 0.653273 0.581376 0.614590 0.709372 0.639487 0.686752 0.653244 0.581359 0.614707 0.709362 0.639460 0.686760
0.667570 0.581391 0.627695 0.707340 0.650232 0.701136 0.682183 0.604632 0.648652 0.723984 0.667006 0.719846 0.682235 0.604634 0.648632 0.723961 0.667018 0.719826 0.660635 0.592267 0.631390 0.710293 0.644829 0.690372 0.660601 0.592379 0.631397 0.710229 0.644828 0.690245
0.680092 0.601986 0.646064 0.721690 0.670363 0.721530 0.694846 0.622302 0.665495 0.735525 0.688501 0.740781 0.694819 0.622284 0.665443 0.735537 0.688453 0.740784 0.672379 0.600365 0.634829 0.702421 0.662590 0.708675 0.672318 0.600374 0.634752 0.702433 0.662533 0.708553
0.739290 0.686041 0.708339 0.782181 0.724597 0.778490 0.757006 0.714442 0.737268 0.800575 0.746199 0.798521 0.756968 0.714373 0.737241 0.800525 0.746182 0.798462 0.729765 0.688336 0.698607 0.774025 0.715605 0.762261 0.729751 0.688503 0.698606 0.774005 0.715617 0.762179
0.672107 0.602771 0.642991 0.720708 0.676119 0.727349 0.691115 0.642077 0.682271 0.748619 0.699618 0.748559 0.691139 0.642032 0.682248 0.748631 0.699686 0.748514 0.668100 0.615914 0.643121 0.713205 0.668931 0.717427 0.668096 0.615958 0.643162 0.713145 0.668919 0.717478
0.800401 0.772256 0.772340 0.813851 0.767468 0.813272 0.805363 0.777364 0.782079 0.813146 0.770400 0.819156 0.805393 0.777309 0.782039 0.813197 0.770326 0.819163 0.790888 0.772569 0.757254 0.800135 0.756296 0.796025 0.790892 0.772609 0.757215 0.800139 0.756283 0.796034
0.727484 0.657626 0.693197 0.754345 0.706592 0.761808 0.740244 0.678125 0.713367 0.766783 0.722909 0.777352 0.740198 0.678128 0.713380 0.766793 0.722844 0.777384 0.724594 0.664005 0.687577 0.747442 0.698510 0.753600 0.724647 0.664020 0.687524 0.747400 0.698609 0.753562
0.723307 0.653278 0.676167 0.757921 0.706358 0.768255 0.737335 0.694655 0.717104 0.784849 0.726544 0.783080 0.737348 0.694628 0.717066 0.784834 0.726576 0.783084 0.734595 0.692564 0.701196 0.779076 0.713837 0.774669 0.734515 0.692448 0.701214 0.779046 0.713756 0.774701
0.799576 0.792577 0.786471 0.834122 0.788528 0.837756 0.824811 0.822494 0.816198 0.856364 0.815897 0.862282 0.824830 0.822372 0.816206 0.856348 0.815853 0.862260 0.783242 0.785092 0.768854 0.822303 0.772031 0.819507 0.783345 0.785049 0.768816 0.822397 0.771984 0.819451
0.822877 0.814801 0.803097 0.847790 0.798878 0.854118 0.839346 0.832425 0.825370 0.860292 0.817263 0.869672 0.839369 0.832433 0.825479 0.860215 0.817231 0.869705 0.810099 0.812193 0.788121 0.837560 0.785236 0.837494 0.810044 0.812099 0.788187 0.837597 0.785297 0.837602
0.796888 0.746143 0.763606 0.821320 0.773386 0.832186 0.802848 0.771451 0.790094 0.835415 0.784602 0.840237 0.802803 0.771416 0.790075 0.835404 0.784535 0.840174 0.802429 0.781974 0.776823 0.832205 0.773048 0.828937 0.802421 0.782041 0.776785 0.832250 0.773107 0.829077
0.777133 0.709722 0.740222 0.803869 0.760929 0.818785 0.781442 0.735526 0.766897 0.821670 0.769918 0.826702 0.781448 0.735521 0.766822 0.821689 0.769887 0.826652 0.788773 0.754961 0.765644 0.822515 0.764534 0.820895 0.788745 0.754944 0.765683 0.822553 0.764625 0.820916
0.795472 0.736348 0.761882 0.818573 0.777223 0.829287 0.804066 0.756820 0.784862 0.832047 0.791918 0.842028 0.804058 0.756794 0.784927 0.832036 0.791898 0.842067 0.802409 0.766309 0.774107 0.827682 0.777191 0.829004 0.802399 0.766329 0.774126 0.827637 0.777212 0.828993
0.826720 0.804342 0.807559 0.845354 0.808659 0.852143 0.845963 0.818910 0.828298 0.857465 0.830362 0.869742 0.846082 0.818954 0.828319 0.857450 0.830439 0.869729 0.818239 0.803372 0.795606 0.837305 0.796633 0.837918 0.818136 0.803376 0.795695 0.837259 0.796737 0.837920
0.827189 0.831212 0.817035 0.849072 0.812001 0.844333 0.845059 0.851540 0.844615 0.868203 0.828540 0.859200 0.844982 0.851529 0.844685 0.868203 0.828600 0.859139 0.806003 0.819765 0.800488 0.836933 0.791011 0.819445 0.805918 0.819664 0.800463 0.836929 0.791058 0.819397
0.838150 0.816143 0.820539 0.854753 0.826073 0.864905 0.857802 0.817323 0.839556 0.864185 0.844838 0.880650 0.857767 0.817235 0.839437 0.864163 0.844898 0.880657 0.828971 0.773639 0.782708 0.825888 0.814489 0.851972 0.828921 0.773589 0.782606 0.825858 0.814441 0.852017
0.828572 0.780395 0.808772 0.844006 0.809826 0.854341 0.834648 0.791044 0.818821 0.837210 0.810873 0.860229 0.834618 0.791058 0.818876 0.837220 0.810860 0.860247 0.829711 0.800641 0.809787 0.842457 0.804933 0.848869 0.829686 0.800603 0.809804 0.842349 0.805029 0.848930
0.835072 0.787529 0.815774 0.847398 0.816024 0.856478 0.840772 0.801189 0.827274 0.838752 0.816922 0.862106 0.840706 0.801159 0.827245 0.838753 0.816950 0.862102 0.835039 0.807732 0.817331 0.845550 0.810917 0.850864 0.834977 0.807866 0.817350 0.845471 0.811028 0.850948
0.851432 0.827031 0.835302 0.862818 0.836887 0.869742 0.872493 0.848218 0.860746 0.875042 0.847641 0.884017 0.872408 0.848204 0.860664 0.875051 0.847618 0.884043 0.842310 0.834457 0.832722 0.861094 0.824849 0.857455 0.842224 0.834504 0.832704 0.861058 0.824890 0.857511
0.837228 0.843138 0.838828 0.862662 0.825889 0.855232 0.842002 0.865525 0.862693 0.869865 0.819046 0.860968 0.842145 0.865496 0.862680 0.869843 0.819013 0.860951 0.812917 0.835797 0.828470 0.850405 0.803503 0.831223 0.813018 0.835785 0.828461 0.850404 0.803616 0.831193
0.807214 0.741005 0.771748 0.820530 0.812572 0.840443 0.838539 0.795439 0.833653 0.861313 0.836497 0.865135 0.838537 0.795443 0.833650 0.861300 0.836445 0.865102 0.811628 0.777802 0.802354 0.841743 0.814880 0.845709 0.811585 0.777699 0.802304 0.841709 0.814913 0.845684
0.804228 0.817065 0.807537 0.798748 0.767191 0.805075 0.785299 0.804232 0.800294 0.751470 0.732904 0.781795 0.785260 0.804307 0.800329 0.751527 0.732926 0.781832 0.784435 0.803300 0.785616 0.778692 0.746311 0.779731 0.784477 0.803346 0.785686 0.778619 0.746380 0.779626
0.837242 0.829849 0.829791 0.843593 0.806643 0.843980 0.837143 0.828010 0.828018 0.815563 0.801395 0.843883 0.837201 0.828028 0.828089 0.815663 0.801402 0.843968 0.820834 0.818892 0.806508 0.819580 0.788594 0.825012 0.820897 0.818855 0.806468 0.819498 0.788562 0.825050
0.826286 0.793064 0.803636 0.846204 0.812998 0.850726 0.851080 0.824445 0.840140 0.864660 0.837229 0.871423 0.851100 0.824469 0.840045 0.864650 0.837245 0.871422 0.819444 0.808683 0.807378 0.846621 0.803381 0.840996 0.819397 0.808729 0.807419 0.846535 0.803403 0.840964
0.811987 0.778149 0.789278 0.839828 0.802875 0.843700 0.841090 0.821735 0.834728 0.866076 0.832408 0.868370 0.841148 0.821786 0.834681 0.866072 0.832399 0.868402 0.806342 0.800337 0.797909 0.843132 0.794680 0.834962 0.806329 0.800359 0.797968 0.843086 0.794798 0.834993
0.845765 0.835542 0.834757 0.868106 0.831977 0.871891 0.864549 0.850697 0.854108 0.870619 0.847886 0.887154 0.864531 0.850623 0.854079 0.870637 0.847879 0.887096 0.830467 0.831353 0.821997 0.851284 0.815887 0.855088 0.830516 0.831330 0.822007 0.851205 0.815917 0.854967
0.838624 0.849507 0.836011 0.860525 0.814495 0.856733 0.845715 0.846107 0.829767 0.822244 0.806202 0.860757 0.845693 0.846067 0.829747 0.822338 0.806152 0.860727 0.813428 0.819064 0.796641 0.816220 0.791107 0.827937 0.813372 0.819018 0.796675 0.816233 0.791043 0.828026
0.825719 0.845096 0.825323 0.843520 0.796140 0.838141 0.816027 0.831609 0.805373 0.766725 0.763747 0.832134 0.816031 0.831680 0.805373 0.766764 0.763654 0.832079 0.796540 0.805672 0.777029 0.789451 0.769755 0.804714 0.796530 0.805690 0.777102 0.789378 0.769732 0.804793
0.838199 0.846348 0.833350 0.854711 0.809659 0.851943 0.837000 0.841631 0.826091 0.804280 0.788290 0.850756 0.836862 0.841570 0.826167 0.804246 0.788378 0.850834 0.814573 0.820580 0.796889 0.813566 0.787289 0.824582 0.814472 0.820557 0.796906 0.813563 0.787329 0.824611
0.847860 0.839091 0.837372 0.863594 0.823150 0.866400 0.855424 0.843487 0.844015 0.848909 0.819309 0.871857 0.855441 0.843391 0.844043 0.848975 0.819284 0.871822 0.832612 0.830583 0.817401 0.841641 0.806956 0.846890 0.832681 0.830560 0.817409 0.841665 0.806934 0.846871
0.849185 0.831565 0.837423 0.864240 0.827860 0.871415 0.861454 0.839448 0.849491 0.862887 0.834092 0.879231 0.861441 0.839470 0.849481 0.862906 0.834090 0.879236 0.839910 0.831329 0.826188 0.851537 0.815365 0.856766 0.839912 0.831321 0.826119 0.851494 0.815344 0.856772
0.852783 0.839240 0.842261 0.866496 0.833325 0.875298 0.866913 0.848783 0.856271 0.869591 0.842332 0.882517 0.866809 0.848791 0.856247 0.869616 0.842395 0.882502 0.842767 0.836882 0.830319 0.854674 0.819061 0.859166 0.842720 0.836906 0.830325 0.854650 0.819140 0.859096
0.852011 0.854484 0.844025 0.867204 0.830623 0.867502 0.865417 0.861285 0.857567 0.869710 0.836165 0.874850 0.865501 0.861264 0.857516 0.869777 0.836131 0.874942 0.835281 0.839255 0.824322 0.848011 0.811669 0.846396 0.835263 0.839213 0.824243 0.848047 0.811700 0.846372
0.812889 0.838145 0.827028 0.844881 0.797971 0.838023 0.813342 0.839896 0.834701 0.838263 0.793446 0.840098 0.813389 0.839879 0.834688 0.838221 0.793465 0.840003 0.783461 0.812343 0.797809 0.816629 0.770105 0.807224 0.783507 0.812213 0.797833 0.816634 0.770085 0.807320
0.854346 0.855178 0.847741 0.869064 0.835122 0.871769 0.867686 0.864185 0.859710 0.871742 0.840801 0.879394 0.867672 0.864249 0.859705 0.871788 0.840826 0.879435 0.838230 0.839840 0.825904 0.850043 0.817429 0.852487 0.838165 0.839811 0.825814 0.850039 0.817456 0.852536
0.859000 0.839226 0.848911 0.870054 0.845599 0.884932 0.875307 0.854992 0.861647 0.875091 0.857601 0.894866 0.875306 0.854995 0.861623 0.875058 0.857643 0.894902 0.852994 0.843676 0.837360 0.861823 0.834787 0.874673 0.853004 0.843623 0.837289 0.861786 0.834849 0.874692
0.865856 0.853572 0.857345 0.877634 0.849276 0.889525 0.881705 0.864486 0.863168 0.869966 0.854150 0.896893 0.881658 0.864519 0.863184 0.869857 0.854097 0.896859 0.856249 0.850250 0.838301 0.859259 0.836196 0.875431 0.856210 0.850237 0.838253 0.859150 0.836287 0.875374
0.845225 0.862095 0.853309 0.865968 0.819883 0.865294 0.835883 0.850181 0.834913 0.817522 0.790659 0.860850 0.836004 0.850332 0.834838 0.817506 0.790688 0.860848 0.819897 0.829710 0.808185 0.820470 0.794610 0.838106 0.819704 0.829750 0.808170 0.820454 0.794618 0.838228
0.874385 0.865002 0.866496 0.881904 0.847927 0.891212 0.882457 0.863915 0.854502 0.841877 0.833345 0.891769 0.882454 0.863951 0.854443 0.841900 0.833321 0.891777 0.861719 0.849526 0.831722 0.846571 0.832544 0.874120 0.861669 0.849477 0.831700 0.846526 0.832445 0.874133
0.870714 0.845589 0.862195 0.876162 0.851170 0.891029 0.878620 0.854631 0.857122 0.844171 0.840675 0.892199 0.878621 0.854679 0.857135 0.844158 0.840753 0.892277 0.865178 0.848993 0.839495 0.855049 0.839986 0.882019 0.865165 0.849034 0.839560 0.854974 0.839948 0.881982
0.881729 0.871395 0.874541 0.883167 0.847505 0.891174 0.877160 0.872801 0.862881 0.839318 0.818195 0.883801 0.877160 0.872733 0.862819 0.839281 0.818210 0.883761 0.868619 0.857565 0.841945 0.854749 0.832600 0.874647 0.868584 0.857648 0.842003 0.854607 0.832593 0.874709
0.867638 0.877719 0.879527 0.883309 0.841247 0.891469 0.844789 0.867129 0.857894 0.819082 0.795346 0.875295 0.844765 0.867186 0.857883 0.819082 0.795390 0.875296 0.847281 0.857238 0.843174 0.846256 0.820310 0.872506 0.847308 0.857215 0.843178 0.846251 0.820302 0.872575
0.897477 0.867629 0.879884 0.897191 0.880966 0.914465 0.904408 0.884185 0.886963 0.875885 0.864948 0.917385 0.904307 0.884128 0.886985 0.875929 0.864976 0.917389 0.890620 0.873111 0.870597 0.885314 0.872223 0.910313 0.890651 0.873162 0.870639 0.885290 0.872240 0.910341
0.850625 0.871123 0.873554 0.869106 0.826406 0.876809 0.826193 0.856768 0.854802 0.819492 0.780258 0.855870 0.826146 0.856723 0.854787 0.819425 0.780214 0.855914 0.827524 0.854207 0.844057 0.838389 0.802302 0.855767 0.827527 0.854189 0.844083 0.838421 0.802245 0.855758
0.884444 0.851924 0.876152 0.885508 0.871141 0.902432 0.893040 0.872020 0.880305 0.870181 0.851874 0.899762 0.893046 0.871966 0.880267 0.870150 0.851862 0.899756 0.882069 0.864312 0.864260 0.875606 0.863374 0.897857 0.882026 0.864339 0.864274 0.875635 0.863306 0.897859
0.899607 0.879508 0.893416 0.902066 0.879543 0.916404 0.890288 0.887607 0.886502 0.870251 0.849345 0.908950 0.890301 0.887532 0.886512 0.870235 0.849323 0.908859 0.891297 0.875180 0.872920 0.882935 0.869315 0.909553 0.891357 0.875184 0.872879 0.882940 0.869381 0.909503
0.853786 0.866134 0.873027 0.874926 0.841253 0.888512 0.823022 0.848821 0.853056 0.813367 0.792481 0.869231 0.822933 0.848781 0.852999 0.813448 0.792551 0.869220 0.829961 0.846758 0.844481 0.837640 0.820344 0.870926 0.829983 0.846806 0.844434 0.837712 0.820351 0.870945
0.875876 0.827440 0.849533 0.870794 0.870074 0.895724 0.893291 0.863462 0.885709 0.878998 0.870782 0.906974 0.893288 0.863456 0.885646 0.879000 0.870808 0.906938 0.875097 0.862517 0.874780 0.889062 0.867082 0.897453 0.875118 0.862553 0.874796 0.889096 0.867065 0.897476
0.857936 0.865798 0.858599 0.855823 0.814220 0.856174 0.828509 0.865419 0.847994 0.803746 0.761008 0.834531 0.828469 0.865504 0.847990 0.803746 0.760983 0.834496 0.837153 0.850759 0.834509 0.833135 0.793527 0.834446 0.837307 0.850753 0.834584 0.833058 0.793535 0.834546
0.869066 0.863541 0.864995 0.866471 0.834134 0.872281 0.858790 0.865149 0.858074 0.831401 0.798574 0.859451 0.858868 0.865154 0.858066 0.831332 0.798572 0.859389 0.854693 0.854083 0.841877 0.846452 0.816940 0.854545 0.854707 0.854086 0.841843 0.846427 0.816972 0.854553
0.882755 0.838413 0.861007 0.883108 0.878141 0.904826 0.896135 0.864019 0.885872 0.882916 0.879446 0.913796 0.896135 0.863972 0.885891 0.882944 0.879463 0.913893 0.881466 0.861863 0.875094 0.888117 0.874177 0.905762 0.881489 0.861901 0.875071 0.888128 0.874171 0.905747
0.881181 0.841205 0.850412 0.876517 0.873689 0.897041 0.906475 0.880337 0.897935 0.890655 0.882627 0.914641 0.906512 0.880340 0.897915 0.890656 0.882722 0.914681 0.874024 0.869249 0.880488 0.892798 0.867091 0.893707 0.874041 0.869255 0.880390 0.892860 0.867130 0.893670
0.808632 0.841005 0.839589 0.838823 0.790270 0.839793 0.775182 0.816460 0.813607 0.767573 0.740909 0.818267 0.775100 0.816461 0.813618 0.767642 0.740925 0.818246 0.776392 0.807819 0.796650 0.789602 0.760512 0.809569 0.776320 0.807607 0.796661 0.789575 0.760459 0.809545
0.871922 0.868514 0.872699 0.881783 0.848050 0.886651 0.868908 0.868406 0.860716 0.837848 0.819343 0.878259 0.868910 0.868449 0.860831 0.837824 0.819338 0.878229 0.852165 0.852053 0.841541 0.849118 0.828350 0.867984 0.852212 0.852074 0.841538 0.849155 0.828270 0.867955
0.879167 0.843239 0.868110 0.887249 0.873273 0.906198 0.888226 0.860484 0.877826 0.869059 0.868007 0.909851 0.888157 0.860472 0.877768 0.869031 0.868010 0.909917 0.877291 0.857328 0.865827 0.877940 0.868113 0.904198 0.877289 0.857346 0.865814 0.877951 0.868152 0.904183
0.866755 0.818963 0.843568 0.870996 0.862597 0.891803 0.882721 0.851318 0.875183 0.873051 0.866355 0.903097 0.882740 0.851298 0.875185 0.873096 0.866337 0.903095 0.866535 0.850369 0.866239 0.880963 0.859786 0.894238 0.866620 0.850391 0.866176 0.880937 0.859727 0.894206
0.881052 0.858440 0.876966 0.890511 0.866986 0.907519 0.881901 0.864071 0.874970 0.856369 0.848944 0.903651 0.881907 0.864066 0.874996 0.856340 0.848920 0.903675 0.874082 0.859384 0.859941 0.871531 0.856786 0.900261 0.874028 0.859406 0.859970 0.871500 0.856751 0.900290
0.861828 0.867601 0.867378 0.874257 0.832721 0.880727 0.846746 0.861670 0.853025 0.810655 0.791444 0.863318 0.846686 0.861678 0.853060 0.810605 0.791559 0.863428 0.838096 0.845387 0.832269 0.839106 0.810763 0.857562 0.838083 0.845384 0.832285 0.839108 0.810780 0.857637
0.842407 0.859322 0.855731 0.861687 0.814779 0.863948 0.820035 0.852376 0.840989 0.791901 0.765054 0.844440 0.819948 0.852332 0.840933 0.791865 0.765022 0.844394 0.813019 0.833091 0.818495 0.823908 0.787391 0.834518 0.812988 0.833110 0.818438 0.823991 0.787234 0.834475
0.860520 0.865327 0.869888 0.883029 0.846934 0.888182 0.855065 0.866578 0.864292 0.840208 0.815237 0.881014 0.855040 0.866542 0.864309 0.840210 0.815224 0.880973 0.836299 0.848037 0.841090 0.852400 0.824345 0.866524 0.836260 0.848004 0.841100 0.852488 0.824382 0.866564
0.877400 0.864870 0.870224 0.892327 0.870551 0.902919 0.886771 0.875855 0.884506 0.878459 0.859921 0.906588 0.886798 0.875855 0.884436 0.878430 0.859983 0.906584 0.860059 0.859454 0.862009 0.876759 0.855998 0.890040 0.860108 0.859437 0.861932 0.876824 0.855995 0.890140
0.876784 0.863885 0.872308 0.892218 0.867920 0.903109 0.887857 0.875053 0.881423 0.878295 0.860582 0.905660 0.887935 0.875079 0.881397 0.878287 0.860599 0.905728 0.861421 0.859549 0.858245 0.874783 0.854127 0.889345 0.861440 0.859544 0.858348 0.874828 0.854059 0.889416
0.873571 0.863981 0.869428 0.885242 0.856733 0.892629 0.880424 0.871315 0.871384 0.863919 0.846664 0.891734 0.880465 0.871371 0.871309 0.863838 0.846588 0.891721 0.857029 0.855712 0.849539 0.862535 0.840261 0.875873 0.856944 0.855661 0.849614 0.862455 0.840315 0.875938
0.874637 0.864853 0.870201 0.883531 0.854464 0.889341 0.879501 0.869756 0.867718 0.853925 0.841926 0.887961 0.879496 0.869766 0.867720 0.853951 0.841976 0.887986 0.859092 0.856017 0.847673 0.858277 0.838426 0.873940 0.859121 0.855989 0.847803 0.858304 0.838501 0.873874
0.881750 0.866034 0.876535 0.889156 0.863361 0.899689 0.885985 0.870508 0.870473 0.852379 0.848897 0.897336 0.886049 0.870503 0.870519 0.852365 0.848928 0.897401 0.870499 0.860232 0.853768 0.862588 0.849172 0.886952 0.870619 0.860276 0.853645 0.862615 0.849086 0.886884
0.888188 0.866661 0.882302 0.896562 0.876306 0.911745 0.894874 0.874196 0.878966 0.856639 0.861983 0.911440 0.894895 0.874222 0.878967 0.856626 0.862086 0.911492 0.880860 0.867668 0.865618 0.873883 0.866341 0.903966 0.880896 0.867624 0.865647 0.873812 0.866348 0.904022
0.893640 0.871136 0.882509 0.899294 0.880877 0.914539 0.897299 0.877820 0.881441 0.850635 0.859326 0.915373 0.897294 0.877816 0.881427 0.850676 0.859344 0.915396 0.884455 0.871333 0.872056 0.877500 0.870565 0.908144 0.884490 0.871273 0.872129 0.877467 0.870536 0.908157
0.890296 0.880510 0.889736 0.898798 0.869879 0.911752 0.872251 0.872413 0.868862 0.815710 0.826157 0.901555 0.872319 0.872365 0.868862 0.815715 0.826136 0.901525 0.875421 0.866882 0.863066 0.860500 0.855684 0.899695 0.875426 0.866935 0.862996 0.860480 0.855678 0.899712
0.891685 0.882121 0.893649 0.899287 0.867717 0.910562 0.873160 0.875688 0.870545 0.815441 0.822562 0.898172 0.873121 0.875705 0.870561 0.815394 0.822649 0.898153 0.878422 0.869912 0.865682 0.863031 0.853034 0.898712 0.878323 0.869929 0.865679 0.863011 0.853062 0.898736
0.895028 0.867520 0.888248 0.896478 0.879256 0.912837 0.895688 0.881129 0.886549 0.850954 0.853556 0.909313 0.895684 0.881129 0.886592 0.850984 0.853571 0.909309 0.890530 0.876397 0.879599 0.881130 0.870824 0.907619 0.890530 0.876385 0.879603 0.881202 0.870835 0.907590
0.899163 0.870584 0.890372 0.899405 0.880781 0.913752 0.896070 0.885573 0.890127 0.856698 0.853577 0.909897 0.896043 0.885536 0.890146 0.856670 0.853584 0.909941 0.894509 0.879463 0.883948 0.885322 0.872663 0.908856 0.894583 0.879519 0.884000 0.885224 0.872654 0.908856
0.875587 0.879799 0.890757 0.889547 0.854636 0.902495 0.845013 0.866049 0.869769 0.820179 0.806393 0.883083 0.844957 0.865945 0.869719 0.820184 0.806438 0.883063 0.859257 0.865640 0.866663 0.857512 0.837775 0.888911 0.859232 0.865677 0.866711 0.857548 0.837768 0.888805
0.903801 0.860495 0.878425 0.899145 0.892191 0.916414 0.910571 0.889047 0.902559 0.885540 0.879571 0.922928 0.910568 0.889059 0.902554 0.885591 0.879606 0.922952 0.901404 0.879005 0.890357 0.900707 0.888687 0.916382 0.901352 0.879030 0.890347 0.900694 0.888697 0.916341
0.898613 0.881859 0.898484 0.903462 0.882107 0.918730 0.880973 0.883865 0.888499 0.848432 0.842146 0.907942 0.881027 0.883918 0.888464 0.848471 0.842187 0.907945 0.889446 0.878914 0.885736 0.883513 0.871700 0.911381 0.889447 0.878885 0.885799 0.883488 0.871688 0.911421
0.901104 0.882649 0.898644 0.903433 0.879557 0.917114 0.885434 0.884432 0.885078 0.838517 0.839636 0.904598 0.885382 0.884394 0.885094 0.838556 0.839690 0.904625 0.893347 0.881652 0.884002 0.879620 0.869839 0.910286 0.893347 0.881614 0.883952 0.879627 0.869817 0.910214
0.895038 0.853999 0.882400 0.893145 0.887369 0.913739 0.901784 0.880068 0.891336 0.853410 0.866140 0.913147 0.901840 0.879980 0.891337 0.853403 0.866193 0.913174 0.894783 0.875085 0.886968 0.886456 0.882975 0.912874 0.894831 0.875050 0.886966 0.886451 0.882948 0.912856
0.901923 0.886218 0.903581 0.902930 0.881246 0.919873 0.879203 0.881427 0.881173 0.822860 0.834264 0.903461 0.879209 0.881458 0.881245 0.822815 0.834210 0.903409 0.892914 0.881341 0.883316 0.874739 0.870509 0.913045 0.892963 0.881286 0.883383 0.874775 0.870483 0.912956
0.913969 0.880010 0.896832 0.906425 0.899087 0.924159 0.903036 0.888820 0.898141 0.850394 0.866767 0.919356 0.903108 0.888815 0.898132 0.850461 0.866794 0.919381 0.910729 0.885069 0.896721 0.890043 0.894020 0.921979 0.910724 0.885051 0.896713 0.890053 0.894027 0.922013
0.909795 0.883216 0.901198 0.904430 0.890172 0.923241 0.888917 0.886012 0.888489 0.837139 0.848890 0.911090 0.888920 0.885997 0.888496 0.837120 0.848989 0.911074 0.904104 0.884805 0.890175 0.882452 0.882694 0.919828 0.904137 0.884757 0.890177 0.882541 0.882723 0.919834
0.908930 0.874116 0.896838 0.901673 0.890631 0.921046 0.894189 0.885214 0.888891 0.842862 0.854953 0.912615 0.894111 0.885259 0.888930 0.842929 0.854933 0.912619 0.905109 0.882697 0.891249 0.883017 0.884594 0.918472 0.905115 0.882668 0.891252 0.883023 0.884609 0.918476
0.913261 0.883091 0.899412 0.906378 0.894753 0.924577 0.895336 0.887990 0.894257 0.848179 0.859576 0.916079 0.895335 0.887989 0.894219 0.848211 0.859629 0.916053 0.908661 0.885959 0.895335 0.887876 0.888956 0.922175 0.908738 0.885945 0.895288 0.887870 0.889010 0.922186
0.912892 0.884052 0.897942 0.905858 0.896593 0.923952 0.896842 0.888505 0.897427 0.851725 0.862530 0.916804 0.896895 0.888552 0.897425 0.851716 0.862558 0.916875 0.907190 0.886363 0.897167 0.889213 0.890052 0.920051 0.907206 0.886365 0.897143 0.889283 0.890181 0.920059
0.911587 0.879183 0.898542 0.906416 0.895393 0.924364 0.901259 0.888297 0.895426 0.852247 0.863872 0.916915 0.901219 0.888288 0.895382 0.852259 0.863886 0.916923 0.907634 0.884730 0.895318 0.888936 0.889985 0.922387 0.907664 0.884788 0.895325 0.888984 0.889983 0.922373
0.908562 0.879535 0.900651 0.904678 0.890892 0.922518 0.895152 0.886606 0.891012 0.846397 0.854908 0.911730 0.895164 0.886621 0.891019 0.846438 0.854932 0.911732 0.903037 0.884623 0.891863 0.884951 0.884244 0.918927 0.903059 0.884620 0.891813 0.884992 0.884226 0.918881
0.912835 0.875575 0.895586 0.905491 0.900456 0.923813 0.907549 0.889527 0.903236 0.864236 0.874862 0.920860 0.907606 0.889572 0.903249 0.864283 0.874871 0.920868 0.910188 0.884604 0.899614 0.893726 0.896487 0.922440 0.910159 0.884544 0.899639 0.893696 0.896406 0.922444
0.905846 0.886537 0.905446 0.904218 0.890890 0.922074 0.881294 0.883236 0.893429 0.842140 0.848718 0.908026 0.881260 0.883248 0.893447 0.842129 0.848714 0.908044 0.898076 0.881536 0.893666 0.880961 0.881897 0.917231 0.898145 0.881551 0.893654 0.880996 0.881877 0.917265
0.892444 0.831459 0.862107 0.881520 0.893689 0.907235 0.908217 0.874041 0.899381 0.878781 0.891604 0.917307 0.908240 0.874049 0.899384 0.878782 0.891625 0.917281 0.897636 0.862899 0.889316 0.894671 0.896008 0.911840 0.897576 0.862932 0.889367 0.894657 0.895981 0.911837
0.825468 0.850819 0.861772 0.854767 0.809770 0.858347 0.796898 0.827507 0.826936 0.772040 0.762726 0.834747 0.796976 0.827502 0.826878 0.772010 0.762667 0.834766 0.796172 0.820926 0.821015 0.803062 0.782682 0.832080 0.796215 0.820886 0.821059 0.803093 0.782794 0.832051
0.907724 0.868137 0.887952 0.901611 0.900903 0.920584 0.912514 0.888014 0.906149 0.886310 0.891969 0.924125 0.912497 0.887985 0.906178 0.886325 0.891967 0.924176 0.906248 0.881559 0.898616 0.898053 0.898205 0.919384 0.906216 0.881555 0.898705 0.898074 0.898242 0.919411
0.820094 0.745958 0.774686 0.808371 0.825378 0.843408 0.871940 0.832336 0.858127 0.875422 0.874123 0.885974 0.871949 0.832305 0.858152 0.875409 0.874164 0.885962 0.823034 0.800254 0.818277 0.848227 0.826286 0.846057 0.823040 0.800266 0.818291 0.848205 0.826310 0.846041
0.887500 0.865847 0.879578 0.892561 0.873145 0.909435 0.893862 0.878517 0.887613 0.879066 0.870221 0.908521 0.893820 0.878557 0.887600 0.879052 0.870220 0.908510 0.882473 0.873387 0.876283 0.881345 0.865117 0.902487 0.882441 0.873460 0.876329 0.881325 0.865084 0.902485
0.873452 0.832746 0.855028 0.879222 0.871396 0.904513 0.890025 0.858704 0.882528 0.885521 0.881867 0.911485 0.890030 0.858652 0.882524 0.885557 0.881871 0.911466 0.877091 0.855281 0.872070 0.884495 0.870355 0.905074 0.877027 0.855255 0.872113 0.884533 0.870339 0.905077
0.801722 0.725879 0.754667 0.797483 0.810904 0.832299 0.849764 0.797436 0.825905 0.855273 0.854895 0.874010 0.849797 0.797467 0.825943 0.855296 0.854905 0.874006 0.811708 0.770551 0.794255 0.832815 0.818230 0.841777 0.811692 0.770533 0.794237 0.832824 0.818275 0.841864
0.756829 0.689957 0.720631 0.758629 0.775608 0.794381 0.827333 0.777188 0.797800 0.826933 0.830004 0.850499 0.827385 0.777222 0.797868 0.826886 0.830029 0.850522 0.760001 0.728415 0.745469 0.785584 0.776660 0.797455 0.759989 0.728404 0.745505 0.785565 0.776631 0.797476
0.863200 0.823949 0.829455 0.863859 0.860210 0.890774 0.888428 0.862815 0.874907 0.895023 0.884330 0.912155 0.888391 0.862777 0.874876 0.895029 0.884328 0.912153 0.861133 0.839633 0.842959 0.875188 0.857295 0.889679 0.861117 0.839666 0.843005 0.875241 0.857329 0.889729
0.835574 0.767988 0.790100 0.828530 0.836679 0.864828 0.870199 0.819805 0.840234 0.870142 0.871212 0.897560 0.870217 0.819855 0.840213 0.870146 0.871175 0.897574 0.845023 0.795683 0.815221 0.848542 0.843284 0.873745 0.844980 0.795733 0.815227 0.848554 0.843231 0.873737
0.734492 0.644781 0.684648 0.733992 0.743890 0.773260 0.787091 0.706850 0.746555 0.789608 0.796724 0.821571 0.787055 0.706889 0.746575 0.789623 0.796732 0.821578 0.748683 0.667524 0.703120 0.757287 0.756341 0.785747 0.748695 0.667497 0.703135 0.757268 0.756372 0.785748
0.734178 0.640912 0.681104 0.733187 0.740066 0.772395 0.783911 0.701318 0.742125 0.788264 0.792631 0.819678 0.783858 0.701342 0.742118 0.788225 0.792619 0.819632 0.748189 0.662130 0.699145 0.755526 0.753358 0.785117 0.748123 0.662098 0.699168 0.755492 0.753363 0.785103
0.809602 0.726913 0.761876 0.806479 0.810250 0.842885 0.838598 0.772655 0.810517 0.844499 0.844801 0.874840 0.838569 0.772700 0.810520 0.844427 0.844814 0.874840 0.824060 0.752079 0.783631 0.827936 0.822202 0.856118 0.824052 0.752062 0.783636 0.827930 0.822174 0.856132
0.843818 0.781373 0.804397 0.839083 0.840985 0.875830 0.868640 0.824681 0.849933 0.873879 0.867990 0.900649 0.868641 0.824646 0.849949 0.873862 0.867985 0.900722 0.852181 0.801173 0.819671 0.855555 0.845625 0.882758 0.852181 0.801200 0.819615 0.855579 0.845628 0.882772
0.801210 0.737271 0.764252 0.796566 0.804523 0.837207 0.855247 0.810696 0.828275 0.862418 0.852041 0.883080 0.855218 0.810666 0.828308 0.862374 0.851988 0.883030 0.798131 0.760438 0.780163 0.812494 0.802588 0.835061 0.798107 0.760351 0.780131 0.812440 0.802569 0.835119
0.755942 0.688509 0.724504 0.756954 0.771937 0.795445 0.823140 0.783715 0.803992 0.839479 0.827476 0.854603 0.823108 0.783767 0.804047 0.839471 0.827501 0.854593 0.754938 0.723857 0.749934 0.781728 0.771581 0.794138 0.754998 0.723890 0.749901 0.781756 0.771583 0.794170
0.805081 0.730281 0.757772 0.798025 0.808140 0.837254 0.848781 0.811466 0.834987 0.866224 0.853911 0.878708 0.848745 0.811504 0.834998 0.866273 0.853951 0.878687 0.813627 0.783485 0.801763 0.841694 0.814265 0.845484 0.813571 0.783510 0.801756 0.841746 0.814248 0.845483
0.832151 0.765480 0.797915 0.836097 0.837839 0.868463 0.860637 0.821702 0.849547 0.873413 0.866168 0.893632 0.860587 0.821743 0.849605 0.873418 0.866153 0.893595 0.842752 0.814048 0.835296 0.866318 0.845548 0.878381 0.842702 0.814040 0.835350 0.866379 0.845589 0.878431
0.838384 0.774418 0.804694 0.842780 0.843173 0.874068 0.865661 0.826746 0.853253 0.876180 0.869826 0.897146 0.865649 0.826779 0.853209 0.876179 0.869848 0.897187 0.847505 0.820431 0.839251 0.870519 0.849496 0.883415 0.847480 0.820392 0.839266 0.870580 0.849511 0.883409
0.838953 0.774517 0.799890 0.837633 0.844747 0.870218 0.872741 0.834274 0.859162 0.880638 0.876337 0.898835 0.872727 0.834287 0.859203 0.880656 0.876367 0.898789 0.847004 0.820075 0.837460 0.868587 0.850777 0.878598 0.846992 0.820034 0.837456 0.868605 0.850718 0.878643
0.835080 0.773764 0.790008 0.824722 0.839212 0.861002 0.880493 0.842571 0.860735 0.883347 0.879011 0.898906 0.880444 0.842576 0.860756 0.883377 0.879027 0.898906 0.839737 0.814089 0.824081 0.857666 0.841360 0.865517 0.839757 0.814120 0.824070 0.857673 0.841372 0.865446
0.852897 0.799844 0.809841 0.840001 0.851675 0.874795 0.896247 0.858960 0.873867 0.892098 0.889595 0.908058 0.896240 0.858985 0.873859 0.892147 0.889601 0.908065 0.851973 0.820825 0.825034 0.858664 0.849760 0.874540 0.851894 0.820863 0.825025 0.858689 0.849741 0.874533
0.881361 0.834519 0.843251 0.871941 0.876360 0.898552 0.908625 0.872528 0.890828 0.901276 0.899514 0.920688 0.908618 0.872540 0.890797 0.901275 0.899525 0.920681 0.881702 0.846706 0.851229 0.880343 0.874436 0.898673 0.881679 0.846708 0.851209 0.880382 0.874494 0.898577
0.879866 0.823522 0.842209 0.870490 0.879560 0.900239 0.906845 0.863353 0.888182 0.897015 0.900566 0.918929 0.906831 0.863357 0.888190 0.897006 0.900623 0.918882 0.885055 0.844551 0.858464 0.882078 0.880985 0.904218 0.885110 0.844588 0.858483 0.882047 0.880998 0.904191
0.868226 0.804698 0.830011 0.860423 0.872967 0.891283 0.896925 0.849395 0.880356 0.889105 0.895974 0.911052 0.896921 0.849370 0.880306 0.889126 0.895995 0.911027 0.875611 0.831557 0.853255 0.877360 0.877051 0.897766 0.875588 0.831589 0.853190 0.877407 0.877052 0.897754
0.878282 0.817840 0.841709 0.869082 0.881370 0.897892 0.906829 0.863798 0.893227 0.896624 0.901178 0.916639 0.906795 0.863792 0.893194 0.896620 0.901145 0.916648 0.884913 0.847341 0.867908 0.886624 0.883995 0.902817 0.884935 0.847277 0.867936 0.886608 0.884040 0.902816
0.893858 0.843919 0.858166 0.884698 0.887683 0.907338 0.914948 0.883843 0.906119 0.903695 0.901656 0.923526 0.914948 0.883848 0.906120 0.903705 0.901657 0.923526 0.893268 0.868687 0.879590 0.896318 0.885159 0.906741 0.893249 0.868752 0.879606 0.896379 0.885128 0.906742
0.873529 0.813788 0.829247 0.861175 0.869835 0.887276 0.911617 0.880619 0.902457 0.903914 0.898414 0.917329 0.911621 0.880619 0.902477 0.903939 0.898387 0.917254 0.869735 0.852115 0.861294 0.885582 0.864528 0.884444 0.869699 0.852074 0.861278 0.885630 0.864542 0.884436
0.872887 0.807394 0.827449 0.861509 0.873438 0.887977 0.910356 0.876078 0.900776 0.902669 0.901348 0.915771 0.910351 0.876099 0.900842 0.902659 0.901385 0.915736 0.875066 0.858190 0.874030 0.893296 0.872904 0.889354 0.875086 0.858214 0.874082 0.893307 0.872862 0.889341
0.893876 0.837281 0.863061 0.886788 0.893087 0.908849 0.913490 0.880139 0.904980 0.896565 0.900930 0.923709 0.913446 0.880104 0.904975 0.896580 0.900904 0.923765 0.898156 0.871605 0.893168 0.900935 0.894091 0.912198 0.898074 0.871617 0.893232 0.901005 0.894141 0.912198
0.893726 0.837528 0.861237 0.886404 0.892776 0.908891 0.913840 0.880155 0.904447 0.899121 0.901111 0.923526 0.913862 0.880156 0.904454 0.899100 0.901172 0.923507 0.897873 0.870969 0.890976 0.901383 0.893670 0.911676 0.897922 0.871006 0.890978 0.901414 0.893595 0.911644
0.878481 0.816375 0.834260 0.867206 0.878282 0.892386 0.912742 0.875920 0.898518 0.902570 0.901431 0.917036 0.912713 0.875866 0.898521 0.902579 0.901456 0.917019 0.880986 0.855490 0.871012 0.893004 0.878246 0.894038 0.880917 0.855498 0.870928 0.892984 0.878252 0.894013
0.894154 0.839851 0.854048 0.883560 0.888855 0.905168 0.918081 0.884352 0.905379 0.904564 0.902168 0.923127 0.918096 0.884354 0.905381 0.904566 0.902189 0.923131 0.894568 0.865522 0.879016 0.898207 0.887937 0.905502 0.894549 0.865495 0.879031 0.898236 0.887946 0.905513
0.897179 0.839080 0.861631 0.887293 0.894685 0.910025 0.917026 0.881079 0.904436 0.904252 0.900987 0.925003 0.917007 0.881089 0.904478 0.904257 0.900989 0.924978 0.901468 0.864094 0.882242 0.899742 0.895428 0.913848 0.901471 0.864045 0.882311 0.899769 0.895488 0.913814
0.892503 0.831074 0.857073 0.882730 0.892565 0.907061 0.915091 0.875567 0.901368 0.902399 0.900531 0.922595 0.915066 0.875570 0.901365 0.902410 0.900537 0.922567 0.898311 0.857478 0.878218 0.896378 0.895121 0.911439 0.898285 0.857489 0.878236 0.896377 0.895106 0.911477
0.903394 0.850905 0.867361 0.892515 0.895772 0.913164 0.918658 0.888224 0.908430 0.903509 0.900372 0.927455 0.918642 0.888220 0.908440 0.903545 0.900365 0.927454 0.904899 0.872668 0.888748 0.903483 0.895436 0.914719 0.904914 0.872691 0.888695 0.903462 0.895434 0.914721
0.882443 0.816357 0.834533 0.866557 0.879170 0.892183 0.917128 0.879364 0.902046 0.903850 0.901963 0.920537 0.917157 0.879317 0.902026 0.903883 0.901975 0.920499 0.884477 0.855087 0.869205 0.892044 0.878483 0.893996 0.884451 0.855089 0.869209 0.892074 0.878477 0.893979
0.903883 0.850366 0.868157 0.892935 0.896595 0.913255 0.919075 0.887337 0.908623 0.897804 0.901013 0.927683 0.919078 0.887334 0.908632 0.897852 0.901047 0.927662 0.905704 0.877045 0.897001 0.903775 0.896511 0.915442 0.905705 0.877013 0.896997 0.903760 0.896516 0.915405
0.890833 0.829006 0.854552 0.880337 0.891760 0.905360 0.916000 0.875549 0.902228 0.894918 0.902405 0.921962 0.916040 0.875552 0.902209 0.894961 0.902385 0.921961 0.897132 0.864470 0.889381 0.897984 0.894033 0.910147 0.897150 0.864473 0.889400 0.897981 0.894053 0.910160
0.898969 0.843418 0.862467 0.888087 0.894167 0.910231 0.919560 0.884236 0.907584 0.897198 0.903092 0.926108 0.919568 0.884226 0.907602 0.897136 0.903094 0.926143 0.902057 0.874603 0.895706 0.902548 0.894692 0.913055 0.902051 0.874549 0.895664 0.902559 0.894658 0.913028
0.892817 0.836069 0.851512 0.880885 0.888197 0.903995 0.918920 0.884412 0.907372 0.901632 0.904018 0.923794 0.918866 0.884418 0.907334 0.901664 0.904008 0.923817 0.894970 0.871206 0.888970 0.901947 0.887612 0.905386 0.894953 0.871211 0.888992 0.901941 0.887649 0.905383
0.892683 0.833999 0.854020 0.881542 0.890264 0.905506 0.918564 0.880633 0.904818 0.902246 0.903894 0.924121 0.918526 0.880669 0.904787 0.902240 0.903882 0.924093 0.896950 0.866794 0.886921 0.900944 0.891133 0.909055 0.896925 0.866779 0.886967 0.900939 0.891152 0.909030
0.902911 0.848662 0.871524 0.893732 0.896923 0.915237 0.916759 0.884053 0.907871 0.900717 0.900352 0.927398 0.916759 0.884074 0.907836 0.900672 0.900352 0.927396 0.905721 0.874221 0.894643 0.903243 0.897466 0.917996 0.905786 0.874194 0.894632 0.903259 0.897468 0.918032
0.892658 0.831526 0.853313 0.881354 0.890411 0.905830 0.918024 0.879068 0.903355 0.904513 0.903016 0.924083 0.918023 0.879075 0.903356 0.904512 0.902991 0.924061 0.897861 0.861874 0.881693 0.898993 0.891911 0.910333 0.897875 0.861886 0.881645 0.898975 0.891890 0.910351
0.899473 0.848740 0.862551 0.888867 0.892284 0.910761 0.918430 0.886891 0.909017 0.905299 0.902008 0.926135 0.918455 0.886870 0.909000 0.905324 0.901945 0.926097 0.900573 0.871792 0.885151 0.900816 0.891840 0.912219 0.900602 0.871774 0.885084 0.900823 0.891858 0.912198
0.892006 0.831880 0.851490 0.880238 0.889131 0.904546 0.918296 0.880591 0.904414 0.904706 0.903613 0.924335 0.918284 0.880586 0.904409 0.904684 0.903621 0.924315 0.896610 0.864429 0.882514 0.899392 0.890471 0.908279 0.896598 0.864478 0.882564 0.899394 0.890466 0.908269
0.902327 0.848113 0.869290 0.892582 0.897046 0.915330 0.916328 0.884448 0.907880 0.899619 0.901201 0.927075 0.916316 0.884448 0.907898 0.899639 0.901196 0.927107 0.905408 0.875674 0.895435 0.903529 0.897686 0.918108 0.905363 0.875681 0.895407 0.903518 0.897711 0.918147
0.894794 0.835699 0.856882 0.883883 0.892167 0.908201 0.917094 0.881264 0.904577 0.900922 0.902957 0.924556 0.917066 0.881234 0.904585 0.900938 0.902952 0.924521 0.899687 0.870046 0.890614 0.901341 0.893578 0.912540 0.899670 0.870038 0.890612 0.901336 0.893569 0.912588
0.894756 0.840333 0.856662 0.883802 0.890572 0.907378 0.917798 0.884748 0.906608 0.902191 0.903857 0.924904 0.917809 0.884669 0.906599 0.902199 0.903816 0.924880 0.897556 0.874034 0.891089 0.902257 0.890758 0.909804 0.897512 0.874064 0.891020 0.902276 0.890726 0.909836
0.895584 0.839821 0.858318 0.885281 0.891873 0.908911 0.917884 0.883829 0.906112 0.902163 0.903688 0.925380 0.917857 0.883817 0.906094 0.902200 0.903684 0.925391 0.899156 0.873076 0.891681 0.902424 0.892466 0.912135 0.899167 0.873046 0.891667 0.902448 0.892496 0.912109
0.895285 0.836956 0.859645 0.885619 0.893413 0.909348 0.916204 0.880534 0.904760 0.901718 0.903031 0.925305 0.916222 0.880514 0.904783 0.901728 0.903012 0.925267 0.900657 0.869389 0.890456 0.901504 0.895121 0.913835 0.900672 0.869424 0.890417 0.901539 0.895150 0.913847
0.899823 0.846040 0.865690 0.890467 0.894864 0.912673 0.916997 0.884656 0.907142 0.902948 0.902791 0.926963 0.916939 0.884631 0.907117 0.902943 0.902777 0.926984 0.903058 0.874315 0.892501 0.903268 0.895402 0.915908 0.903034 0.874332 0.892441 0.903245 0.895380 0.915905
0.889823 0.829928 0.848513 0.878523 0.887458 0.903316 0.917024 0.880274 0.904204 0.905320 0.904212 0.923439 0.917010 0.880243 0.904181 0.905297 0.904227 0.923408 0.894064 0.863014 0.878791 0.897552 0.888358 0.906524 0.894058 0.863009 0.878818 0.897552 0.888315 0.906483
0.902722 0.852545 0.871122 0.893762 0.896317 0.915616 0.916107 0.886012 0.908129 0.902612 0.901601 0.927335 0.916103 0.885973 0.908133 0.902638 0.901563 0.927330 0.904765 0.876852 0.894323 0.903836 0.896675 0.917870 0.904765 0.876879 0.894293 0.903826 0.896660 0.917810
0.885860 0.823475 0.847583 0.875379 0.887241 0.902466 0.913801 0.872959 0.898979 0.901653 0.903058 0.920856 0.913769 0.872968 0.898963 0.901674 0.903065 0.920859 0.892748 0.857334 0.880400 0.895539 0.890164 0.907818 0.892696 0.857310 0.880428 0.895576 0.890183 0.907843
0.905158 0.860901 0.877893 0.898022 0.898030 0.918749 0.914471 0.887677 0.908937 0.898579 0.899287 0.926892 0.914427 0.887709 0.908925 0.898593 0.899276 0.926902 0.906046 0.881178 0.898840 0.903656 0.897842 0.919682 0.906012 0.881192 0.898862 0.903624 0.897818 0.919639
0.871004 0.803177 0.825614 0.858140 0.874664 0.888121 0.907459 0.865328 0.892733 0.898332 0.901237 0.913812 0.907426 0.865293 0.892772 0.898332 0.901261 0.913821 0.877310 0.845774 0.866819 0.888198 0.878189 0.893185 0.877318 0.845744 0.866819 0.888190 0.878152 0.893144
0.907338 0.869263 0.887298 0.902514 0.898839 0.922994 0.909401 0.887675 0.907728 0.892304 0.892761 0.925034 0.909371 0.887658 0.907747 0.892306 0.892754 0.925030 0.906120 0.882895 0.899013 0.899940 0.896559 0.922815 0.906094 0.882880 0.898981 0.899923 0.896528 0.922785
0.864436 0.794820 0.820616 0.853293 0.870469 0.884461 0.900097 0.854203 0.884929 0.893053 0.897800 0.910321 0.900113 0.854197 0.884981 0.893083 0.897786 0.910314 0.872678 0.836246 0.860872 0.882922 0.875725 0.891068 0.872652 0.836184 0.860898 0.882910 0.875763 0.891032
0.904938 0.862610 0.880409 0.898614 0.897874 0.920317 0.913078 0.886934 0.908850 0.897918 0.898348 0.926599 0.913165 0.886939 0.908840 0.897909 0.898256 0.926616 0.904957 0.881046 0.898069 0.903564 0.897211 0.920655 0.905041 0.881052 0.898105 0.903541 0.897231 0.920643
0.891420 0.836139 0.853842 0.881204 0.888637 0.906982 0.916214 0.879968 0.903900 0.904564 0.904143 0.924450 0.916254 0.879971 0.903957 0.904584 0.904132 0.924457 0.895574 0.866941 0.883598 0.899182 0.889653 0.910265 0.895566 0.866919 0.883582 0.899192 0.889650 0.910258
0.887499 0.827978 0.849290 0.877287 0.887215 0.904220 0.914276 0.874630 0.900250 0.902693 0.903579 0.922648 0.914319 0.874620 0.900265 0.902665 0.903575 0.922686 0.893510 0.860034 0.881156 0.896289 0.889574 0.909307 0.893475 0.860061 0.881121 0.896297 0.889512 0.909326
0.905066 0.863051 0.882121 0.899183 0.897429 0.921396 0.912856 0.886097 0.909194 0.897375 0.897299 0.926657 0.912836 0.886064 0.909206 0.897419 0.897275 0.926677 0.905521 0.880568 0.898267 0.902870 0.896809 0.922260 0.905464 0.880580 0.898287 0.902860 0.896792 0.922241
0.879421 0.815669 0.836264 0.867224 0.880931 0.895374 0.912382 0.871659 0.898744 0.902073 0.903712 0.919185 0.912369 0.871698 0.898759 0.902075 0.903691 0.919199 0.885481 0.854095 0.872850 0.891749 0.883068 0.900073 0.885494 0.854073 0.872834 0.891729 0.883084 0.900075
0.900630 0.850954 0.868135 0.890833 0.894901 0.914927 0.916364 0.884835 0.908042 0.900655 0.902796 0.926767 0.916339 0.884797 0.908001 0.900709 0.902814 0.926778 0.902940 0.877128 0.896183 0.903220 0.895381 0.917854 0.902959 0.877140 0.896168 0.903294 0.895416 0.917851
0.901807 0.851778 0.870348 0.891998 0.896329 0.916690 0.915896 0.884734 0.908206 0.899370 0.902261 0.926804 0.915904 0.884716 0.908229 0.899383 0.902240 0.926821 0.903798 0.877624 0.896668 0.903330 0.896813 0.919106 0.903777 0.877618 0.896677 0.903331 0.896830 0.919079
0.883427 0.820707 0.841919 0.871396 0.883954 0.898892 0.913326 0.873568 0.899834 0.901291 0.903622 0.920884 0.913338 0.873559 0.899854 0.901263 0.903583 0.920879 0.889902 0.859019 0.879994 0.894959 0.886688 0.904121 0.889912 0.859013 0.879967 0.894972 0.886681 0.904119
0.904339 0.857484 0.875849 0.895758 0.897668 0.919588 0.915318 0.886026 0.908871 0.898511 0.900738 0.927147 0.915347 0.886001 0.908880 0.898526 0.900695 0.927161 0.905730 0.879441 0.897940 0.903688 0.897960 0.921316 0.905780 0.879414 0.897938 0.903693 0.897992 0.921283
0.896933 0.841213 0.859934 0.885633 0.892573 0.911251 0.917356 0.882688 0.905881 0.903455 0.903400 0.925793 0.917344 0.882616 0.905857 0.903453 0.903394 0.925839 0.900461 0.871661 0.889500 0.901430 0.893920 0.915087 0.900406 0.871724 0.889587 0.901397 0.893887 0.915105
0.891873 0.833020 0.853341 0.880789 0.889647 0.906743 0.916951 0.879331 0.903813 0.904107 0.903602 0.924558 0.916962 0.879346 0.903819 0.904091 0.903580 0.924572 0.897085 0.865515 0.884154 0.898877 0.891775 0.911555 0.897040 0.865495 0.884172 0.898880 0.891780 0.911522
0.905799 0.859125 0.878436 0.897543 0.898253 0.920422 0.915137 0.886436 0.909247 0.898773 0.899343 0.927541 0.915106 0.886427 0.909270 0.898781 0.899353 0.927533 0.907013 0.879867 0.898317 0.904102 0.898560 0.922145 0.907025 0.879928 0.898351 0.904116 0.898577 0.922164
0.889468 0.828676 0.849516 0.877962 0.888413 0.903826 0.917061 0.878773 0.903771 0.903894 0.903966 0.923873 0.917064 0.878740 0.903786 0.903929 0.903985 0.923913 0.895104 0.863701 0.882341 0.898071 0.890599 0.908621 0.895086 0.863693 0.882353 0.898112 0.890572 0.908611
0.902365 0.850608 0.869004 0.891911 0.896148 0.915704 0.917683 0.885734 0.908647 0.900503 0.902933 0.927302 0.917689 0.885713 0.908707 0.900513 0.902963 0.927306 0.905002 0.877503 0.896494 0.903682 0.897128 0.918730 0.905025 0.877507 0.896456 0.903689 0.897091 0.918775
0.902363 0.849345 0.868174 0.891451 0.896425 0.915305 0.918174 0.885763 0.908618 0.899501 0.903014 0.927212 0.918179 0.885729 0.908579 0.899473 0.903010 0.927203 0.905075 0.877444 0.897220 0.903839 0.897235 0.918594 0.905070 0.877441 0.897227 0.903808 0.897262 0.918564
0.892700 0.832555 0.853130 0.880526 0.890585 0.906057 0.918513 0.880953 0.905066 0.901850 0.904140 0.924772 0.918522 0.880910 0.905084 0.901885 0.904108 0.924766 0.897869 0.868427 0.888202 0.900377 0.892496 0.910693 0.897819 0.868414 0.888243 0.900381 0.892539 0.910722
0.907199 0.859553 0.877806 0.897788 0.899518 0.920159 0.916713 0.887695 0.909226 0.895900 0.899592 0.927993 0.916704 0.887662 0.909239 0.895884 0.899623 0.928005 0.908393 0.881665 0.900193 0.904217 0.899926 0.921851 0.908419 0.881669 0.900208 0.904208 0.899892 0.921801
0.891728 0.830349 0.850839 0.879021 0.889774 0.904575 0.918545 0.880250 0.904965 0.902612 0.903924 0.924429 0.918597 0.880230 0.904947 0.902616 0.903932 0.924433 0.897146 0.865928 0.885513 0.899143 0.891822 0.909343 0.897124 0.865934 0.885480 0.899139 0.891792 0.909324
0.906541 0.857014 0.875269 0.896142 0.898843 0.919144 0.917773 0.887862 0.909646 0.898277 0.900398 0.928013 0.917754 0.887835 0.909640 0.898235 0.900468 0.927991 0.908099 0.880077 0.899484 0.904580 0.899189 0.921507 0.908105 0.880061 0.899545 0.904632 0.899190 0.921511
0.898196 0.839806 0.859410 0.885611 0.893454 0.910697 0.920200 0.883982 0.907128 0.902878 0.903331 0.926652 0.920189 0.883990 0.907101 0.902936 0.903362 0.926664 0.902453 0.871371 0.890766 0.902067 0.895276 0.915100 0.902417 0.871357 0.890799 0.902080 0.895238 0.915075
0.903220 0.848725 0.866976 0.891342 0.896124 0.915109 0.919881 0.887048 0.908991 0.900996 0.902614 0.927805 0.919896 0.887017 0.908975 0.900985 0.902649 0.927823 0.905726 0.877160 0.896103 0.904091 0.897120 0.918660 0.905760 0.877185 0.896079 0.904073 0.897140 0.918662
0.903336 0.848438 0.866993 0.891442 0.896303 0.915117 0.920038 0.887055 0.909051 0.900243 0.902662 0.927855 0.920053 0.887036 0.909059 0.900209 0.902685 0.927882 0.905908 0.877274 0.896818 0.904138 0.897358 0.918642 0.905888 0.877303 0.896836 0.904122 0.897366 0.918655
0.898993 0.840321 0.860098 0.886186 0.893900 0.911066 0.920703 0.884859 0.907513 0.901237 0.903498 0.927078 0.920756 0.884859 0.907527 0.901271 0.903479 0.927042 0.902977 0.872882 0.893248 0.902830 0.895691 0.915344 0.903014 0.872857 0.893244 0.902848 0.895684 0.915329
0.906603 0.855706 0.873711 0.895670 0.898485 0.918438 0.918757 0.888131 0.909602 0.896722 0.901071 0.928259 0.918777 0.888168 0.909562 0.896687 0.901008 0.928252 0.908422 0.880980 0.900771 0.904497 0.899335 0.921280 0.908402 0.880964 0.900748 0.904473 0.899283 0.921216
0.891993 0.828720 0.849916 0.878443 0.889829 0.904650 0.919464 0.880646 0.904906 0.901786 0.903982 0.924620 0.919507 0.880653 0.904898 0.901778 0.903986 0.924607 0.897619 0.865551 0.886579 0.899604 0.892279 0.909764 0.897633 0.865543 0.886558 0.899619 0.892272 0.909749
0.909756 0.864961 0.882931 0.901183 0.900714 0.922700 0.914714 0.889400 0.909071 0.892813 0.896664 0.927529 0.914715 0.889389 0.909043 0.892773 0.896671 0.927582 0.909860 0.883646 0.901832 0.903688 0.900025 0.923439 0.909874 0.883630 0.901814 0.903694 0.900024 0.923444
0.876284 0.806755 0.830755 0.861936 0.879460 0.891424 0.911871 0.868134 0.896292 0.899648 0.901963 0.916695 0.911892 0.868136 0.896316 0.899674 0.901950 0.916709 0.883411 0.847577 0.869578 0.890268 0.883455 0.897649 0.883427 0.847595 0.869583 0.890293 0.883463 0.897702
0.909307 0.873836 0.891645 0.904898 0.899011 0.924832 0.906577 0.888528 0.906509 0.886964 0.888025 0.923571 0.906554 0.888500 0.906528 0.886941 0.888047 0.923550 0.906873 0.884108 0.900109 0.898403 0.895376 0.923463 0.906833 0.884070 0.900057 0.898436 0.895373 0.923448
0.863184 0.790786 0.816268 0.849117 0.869123 0.881598 0.902288 0.856264 0.885559 0.894174 0.897572 0.910195 0.902258 0.856254 0.885535 0.894138 0.897566 0.910194 0.871320 0.834033 0.855218 0.880302 0.874641 0.888450 0.871301 0.834034 0.855241 0.880308 0.874623 0.888445
0.906976 0.864490 0.885583 0.900936 0.898864 0.923353 0.914046 0.887016 0.909106 0.894995 0.895992 0.926816 0.914069 0.887004 0.909127 0.895019 0.896047 0.926813 0.907091 0.881043 0.899769 0.902317 0.898181 0.924127 0.907131 0.881032 0.899783 0.902327 0.898191 0.924105
0.900843 0.849264 0.868758 0.891020 0.895953 0.916385 0.916947 0.884187 0.907598 0.900955 0.902618 0.926902 0.916923 0.884165 0.907585 0.900946 0.902614 0.926897 0.903687 0.874989 0.894716 0.902850 0.896877 0.920006 0.903708 0.875002 0.894748 0.902840 0.896908 0.920044
0.877008 0.811223 0.831721 0.863181 0.878772 0.892453 0.911802 0.871023 0.898267 0.901830 0.902610 0.918245 0.911824 0.871007 0.898299 0.901859 0.902610 0.918227 0.883019 0.853085 0.871803 0.891001 0.881276 0.897298 0.883049 0.853045 0.871821 0.891020 0.881296 0.897278
