0.795207 0.848438 0.827594 0.766242 0.793010 0.773660 0.795106 0.848747 0.828012 0.766751 0.792498 0.773487 0.795109 0.848745 0.828006 0.766745 0.792501 0.773479 0.794716 0.848306 0.827147 0.766667 0.792530 0.773066 0.794714 0.848317 0.827152 0.766662 0.792537 0.773077
0.000000 0.000000 0.000000 0.000000 0.000000 0.000000 0.000000 0.000000 0.000000 0.000000 0.000000 0.000000 0.000000 0.000000 0.000000 0.000000 0.000000 0.000000 0.000000 0.000000 0.000000 0.000000 0.000000 0.000000 0.000000 0.000000 0.000000 0.000000 0.000000 0.000000
0.000000 0.000000 0.000000 0.000000 0.000000 0.000000 0.000000 0.000000 0.000000 0.000000 0.000000 0.000000 0.000000 0.000000 0.000000 0.000000 0.000000 0.000000 0.000000 0.000000 0.000000 0.000000 0.000000 0.000000 0.000000 0.000000 0.000000 0.000000 0.000000 0.000000
0.000000 0.000000 0.000000 0.000000 0.000000 0.000000 0.000000 0.000000 0.000000 0.000000 0.000000 0.000000 0.000000 0.000000 0.000000 0.000000 0.000000 0.000000 0.000000 0.000000 0.000000 0.000000 0.000000 0.000000 0.000000 0.000000 0.000000 0.000000 0.000000 0.000000
0.000000 0.000000 0.000000 0.000000 0.000000 0.000000 0.000000 0.000000 0.000000 0.000000 0.000000 0.000000 0.000000 0.000000 0.000000 0.000000 0.000000 0.000000 0.000000 0.000000 0.000000 0.000000 0.000000 0.000000 0.000000 0.000000 0.000000 0.000000 0.000000 0.000000
0.000000 0.000000 0.000000 0.000000 0.000000 0.000000 0.000000 0.000000 0.000000 0.000000 0.000000 0.000000 0.000000 0.000000 0.000000 0.000000 0.000000 0.000000 0.000000 0.000000 0.000000 0.000000 0.000000 0.000000 0.000000 0.000000 0.000000 0.000000 0.000000 0.000000
0.000000 0.000000 0.000000 0.000000 0.000000 0.000000 0.000000 0.000000 0.000000 0.000000 0.000000 0.000000 0.000000 0.000000 0.000000 0.000000 0.000000 0.000000 0.000000 0.000000 0.000000 0.000000 0.000000 0.000000 0.000000 0.000000 0.000000 0.000000 0.000000 0.000000
0.000000 0.000000 0.000000 0.000000 0.000000 0.000000 0.000000 0.000000 0.000000 0.000000 0.000000 0.000000 0.000000 0.000000 0.000000 0.000000 0.000000 0.000000 0.000000 0.000000 0.000000 0.000000 0.000000 0.000000 0.000000 0.000000 0.000000 0.000000 0.000000 0.000000
0.000000 0.000000 0.000000 0.000000 0.000000 0.000000 0.000000 0.000000 0.000000 0.000000 0.000000 0.000000 0.000000 0.000000 0.000000 0.000000 0.000000 0.000000 0.000000 0.000000 0.000000 0.000000 0.000000 0.000000 0.000000 0.000000 0.000000 0.000000 0.000000 0.000000
0.006986 0.006372 0.010340 0.009092 0.006903 0.006903 0.009059 0.058168 0.064289 0.050000 0.008832 0.008569 0.009126 0.058160 0.064385 0.049909 0.008840 0.008559 0.008271 0.063539 0.064871 0.053134 0.008317 0.008619 0.008256 0.063506 0.065107 0.053190 0.008377 0.008719
0.022389 0.024614 0.030958 0.023055 0.019439 0.019159 0.027181 0.070432 0.077729 0.060055 0.024609 0.023118 0.027159 0.070417 0.077666 0.060055 0.024601 0.023000 0.020203 0.075535 0.076767 0.063481 0.018920 0.019585 0.020410 0.075509 0.076880 0.063526 0.018988 0.019556
0.000976 0.000976 0.001543 0.002299 0.001941 0.001152 0.001453 0.064635 0.075619 0.056976 0.002588 0.001798 0.001460 0.064619 0.075748 0.057032 0.002605 0.001849 0.001233 0.075639 0.077428 0.063087 0.002260 0.001425 0.001248 0.075583 0.077500 0.063019 0.002243 0.001445
0.002027 0.002511 0.003232 0.003661 0.003070 0.002242 0.003288 0.070224 0.084031 0.062771 0.003948 0.003261 0.003318 0.070256 0.084126 0.062783 0.003983 0.003261 0.002178 0.083919 0.086599 0.069922 0.003251 0.002727 0.002276 0.084053 0.086556 0.069932 0.003242 0.002716
0.029162 0.031079 0.037760 0.028433 0.025872 0.025701 0.032048 0.112097 0.123642 0.096651 0.029233 0.028455 0.032120 0.112135 0.123658 0.096521 0.029375 0.028671 0.028357 0.116528 0.118376 0.097277 0.025778 0.025134 0.028393 0.116535 0.118268 0.097247 0.025752 0.025351
0.150391 0.140336 0.150079 0.135595 0.139971 0.157746 0.138724 0.169068 0.185406 0.148376 0.128381 0.144647 0.138714 0.168986 0.185277 0.148343 0.128368 0.144507 0.169181 0.163119 0.174334 0.145999 0.160915 0.181049 0.169195 0.163152 0.174393 0.145829 0.160818 0.181219
0.766975 0.750843 0.746698 0.780874 0.734422 0.763061 0.746064 0.736876 0.732573 0.766926 0.712816 0.745597 0.745958 0.736927 0.732590 0.766920 0.712808 0.745572 0.792314 0.775892 0.766575 0.799631 0.760397 0.784375 0.792236 0.775915 0.766598 0.799565 0.760387 0.784383
0.809171 0.801336 0.792939 0.821068 0.777904 0.801023 0.797669 0.803378 0.802036 0.826234 0.766934 0.794473 0.797668 0.803275 0.802062 0.826293 0.766950 0.794436 0.823435 0.843164 0.834269 0.852417 0.794049 0.812542 0.823520 0.843198 0.834181 0.852377 0.794045 0.812544
0.803400 0.773856 0.784296 0.808928 0.767712 0.799243 0.788768 0.788088 0.797952 0.816271 0.756419 0.796257 0.788839 0.788113 0.797909 0.816254 0.756393 0.796390 0.825678 0.836769 0.831270 0.847930 0.790521 0.816339 0.825590 0.836788 0.831256 0.847880 0.790539 0.816340
0.676796 0.640173 0.672600 0.710820 0.664521 0.710084 0.672811 0.654955 0.686889 0.713551 0.661192 0.714582 0.672973 0.654892 0.687022 0.713470 0.661209 0.714562 0.689738 0.686212 0.702193 0.718253 0.681937 0.716914 0.689671 0.686197 0.702319 0.718212 0.681933 0.716896
0.708964 0.675875 0.712350 0.703255 0.690050 0.730733 0.728246 0.710952 0.740212 0.727101 0.711110 0.752334 0.728337 0.710998 0.740183 0.727079 0.711110 0.752321 0.705088 0.703019 0.730574 0.722001 0.693133 0.726080 0.705035 0.703139 0.730590 0.721926 0.693099 0.726004
0.727843 0.709104 0.738939 0.728008 0.723446 0.760346 0.746772 0.735567 0.761176 0.744992 0.745108 0.781272 0.746749 0.735558 0.761130 0.744995 0.745028 0.781265 0.723072 0.714298 0.733350 0.706283 0.722978 0.753502 0.723015 0.714280 0.733238 0.706316 0.722955 0.753383
0.816931 0.819628 0.824014 0.824834 0.811107 0.839256 0.831666 0.844503 0.850232 0.843358 0.828639 0.854968 0.831634 0.844463 0.850216 0.843301 0.828634 0.854895 0.815305 0.832279 0.829877 0.827279 0.812319 0.832659 0.815305 0.832381 0.829873 0.827262 0.812357 0.832571
0.699760 0.702827 0.720579 0.712059 0.716954 0.749425 0.728384 0.759301 0.774786 0.759166 0.747920 0.776263 0.728405 0.759223 0.774779 0.759204 0.748011 0.776168 0.700781 0.730814 0.736000 0.713581 0.717295 0.744465 0.700860 0.730843 0.736043 0.713478 0.717294 0.744486
0.888818 0.896106 0.892763 0.875180 0.874799 0.890093 0.890734 0.899320 0.898656 0.874888 0.876353 0.892226 0.890752 0.899271 0.898647 0.874912 0.876327 0.892231 0.889632 0.904695 0.894686 0.875483 0.875585 0.886519 0.889652 0.904717 0.894670 0.875477 0.875585 0.886516
0.790614 0.780487 0.795630 0.772930 0.772934 0.807356 0.804018 0.804578 0.819024 0.793829 0.789881 0.822693 0.803964 0.804597 0.819058 0.793840 0.789836 0.822744 0.792664 0.795105 0.802198 0.778259 0.772057 0.805048 0.792707 0.795096 0.802171 0.778199 0.772110 0.805031
0.784359 0.776198 0.776300 0.779085 0.771495 0.811373 0.797988 0.821473 0.823133 0.815670 0.791502 0.824994 0.798012 0.821447 0.823108 0.815629 0.791553 0.824986 0.806818 0.826963 0.820469 0.819773 0.792143 0.827750 0.806790 0.826907 0.820484 0.819726 0.792063 0.827766
0.894928 0.916148 0.904057 0.892682 0.888642 0.906861 0.908139 0.930647 0.920560 0.909606 0.903835 0.920702 0.908154 0.930598 0.920562 0.909587 0.903818 0.920685 0.893084 0.920339 0.904667 0.894850 0.886377 0.902337 0.893131 0.920333 0.904661 0.894906 0.886338 0.902316
0.904698 0.922814 0.910693 0.900177 0.894301 0.915538 0.913102 0.931825 0.923563 0.910395 0.904167 0.923444 0.913119 0.931833 0.923597 0.910347 0.904159 0.923460 0.903856 0.928374 0.912379 0.902474 0.892956 0.911266 0.903830 0.928343 0.912401 0.902499 0.892998 0.911317
0.872096 0.870894 0.872140 0.865159 0.860104 0.888179 0.875140 0.889007 0.892267 0.880312 0.866857 0.892421 0.875109 0.888980 0.892257 0.880290 0.866811 0.892374 0.882881 0.901556 0.892313 0.885851 0.868111 0.892143 0.882862 0.901586 0.892297 0.885883 0.868166 0.892235
0.849064 0.837308 0.846639 0.840517 0.839571 0.871363 0.851228 0.859341 0.869698 0.860938 0.845352 0.876191 0.851247 0.859339 0.869646 0.860956 0.845330 0.876160 0.865140 0.879123 0.876713 0.870454 0.851443 0.879444 0.865114 0.879120 0.876740 0.870500 0.851497 0.879438
0.868365 0.862306 0.867486 0.860054 0.857828 0.884118 0.874046 0.877302 0.884811 0.873541 0.867858 0.892771 0.874042 0.877273 0.884858 0.873530 0.867840 0.892798 0.879464 0.889269 0.884503 0.877513 0.865368 0.889373 0.879448 0.889285 0.884516 0.877482 0.865372 0.889381
0.903318 0.914639 0.909471 0.895086 0.895694 0.911771 0.914621 0.921635 0.920494 0.903739 0.908673 0.922304 0.914693 0.921653 0.920511 0.903731 0.908721 0.922288 0.903439 0.918842 0.908838 0.895403 0.894059 0.907965 0.903380 0.918838 0.908896 0.895362 0.894116 0.907980
0.915210 0.935851 0.923539 0.908237 0.908829 0.916105 0.925286 0.943359 0.935347 0.919759 0.918511 0.924067 0.925249 0.943354 0.935368 0.919768 0.918540 0.924032 0.909375 0.934323 0.919964 0.905133 0.902943 0.907253 0.909327 0.934280 0.919952 0.905121 0.902973 0.907233
0.909722 0.920215 0.915847 0.901413 0.905221 0.918865 0.921807 0.919379 0.924933 0.907495 0.917529 0.928390 0.921784 0.919337 0.924878 0.907474 0.917559 0.928400 0.908784 0.898673 0.895912 0.880970 0.902937 0.914976 0.908760 0.898653 0.895864 0.880952 0.902914 0.915009
0.898393 0.895121 0.903623 0.887712 0.889928 0.907296 0.902737 0.902445 0.911932 0.886655 0.893497 0.911185 0.902723 0.902459 0.911970 0.886650 0.893484 0.911199 0.903347 0.912061 0.911671 0.894736 0.892245 0.907677 0.903333 0.912042 0.911681 0.894661 0.892308 0.907708
0.903770 0.900493 0.908612 0.891561 0.895288 0.909659 0.908088 0.909280 0.917649 0.890207 0.899383 0.913851 0.908051 0.909252 0.917642 0.890217 0.899398 0.913840 0.907700 0.916843 0.916437 0.898162 0.897029 0.909753 0.907653 0.916896 0.916447 0.898115 0.897101 0.909792
0.918532 0.926391 0.923961 0.908062 0.913039 0.922199 0.931882 0.937087 0.937989 0.918368 0.922257 0.931354 0.931835 0.937080 0.937954 0.918374 0.922243 0.931369 0.916833 0.934018 0.927638 0.912349 0.909932 0.918144 0.916776 0.934038 0.927635 0.912319 0.909957 0.918173
0.923766 0.942733 0.934378 0.919308 0.918290 0.922352 0.928910 0.951077 0.944879 0.925576 0.919835 0.927097 0.928968 0.951069 0.944878 0.925556 0.919824 0.927087 0.915900 0.941386 0.931893 0.915180 0.911132 0.913209 0.915948 0.941376 0.931898 0.915176 0.911187 0.913187
0.868063 0.862724 0.865576 0.853030 0.872811 0.881289 0.896813 0.902653 0.913500 0.898054 0.897214 0.904727 0.896810 0.902660 0.913493 0.898055 0.897175 0.904697 0.875569 0.893779 0.893703 0.881090 0.878381 0.888579 0.875533 0.893709 0.893683 0.881064 0.878421 0.888564
0.908140 0.931181 0.923369 0.887073 0.896271 0.901453 0.902678 0.927448 0.921844 0.868759 0.887759 0.893098 0.902670 0.927470 0.921867 0.868790 0.887761 0.893124 0.903798 0.929635 0.918824 0.881881 0.891750 0.894186 0.903816 0.929650 0.918848 0.881850 0.891775 0.894134
0.918503 0.932957 0.928349 0.904723 0.906887 0.915485 0.919349 0.933076 0.928987 0.892809 0.907042 0.915867 0.919388 0.933082 0.929014 0.892859 0.907038 0.915899 0.914807 0.932931 0.923630 0.897447 0.902683 0.909696 0.914836 0.932912 0.923613 0.897396 0.902659 0.909719
0.901322 0.908645 0.905057 0.894202 0.895070 0.908116 0.917033 0.925913 0.927016 0.910755 0.910916 0.921693 0.917050 0.925925 0.926969 0.910749 0.910925 0.921694 0.902101 0.922811 0.914848 0.902874 0.894360 0.906326 0.902079 0.922826 0.914867 0.902820 0.894374 0.906309
0.890523 0.899752 0.895518 0.887581 0.886568 0.901520 0.909528 0.924634 0.923935 0.910987 0.906183 0.918040 0.909565 0.924654 0.923917 0.910984 0.906165 0.918061 0.892826 0.918598 0.909395 0.899759 0.887231 0.900856 0.892809 0.918601 0.909438 0.899728 0.887301 0.900878
0.920121 0.934687 0.927645 0.915932 0.914222 0.926992 0.930256 0.941894 0.938549 0.920407 0.923874 0.935302 0.930235 0.941869 0.938538 0.920419 0.923879 0.935274 0.916555 0.937750 0.928354 0.912763 0.910113 0.921169 0.916576 0.937750 0.928359 0.912720 0.910137 0.921092
0.924209 0.944968 0.934853 0.918728 0.915527 0.924858 0.928567 0.945054 0.934867 0.903466 0.914758 0.926956 0.928561 0.945041 0.934857 0.903509 0.914741 0.926935 0.917001 0.938637 0.925706 0.902141 0.909105 0.914367 0.916983 0.938616 0.925716 0.902146 0.909085 0.914409
0.921262 0.944867 0.933126 0.912337 0.911197 0.917981 0.919545 0.942056 0.928787 0.883659 0.902852 0.916313 0.919539 0.942071 0.928787 0.883670 0.902812 0.916287 0.912942 0.935969 0.921363 0.892772 0.904006 0.906447 0.912931 0.935976 0.921387 0.892749 0.903996 0.906478
0.922879 0.942554 0.933234 0.914438 0.912895 0.921811 0.923968 0.941982 0.932483 0.893989 0.907701 0.921854 0.923916 0.941964 0.932516 0.893973 0.907731 0.921892 0.916240 0.937400 0.924504 0.899105 0.906875 0.912193 0.916198 0.937388 0.924511 0.899101 0.906897 0.912207
0.921896 0.935485 0.930216 0.914045 0.912832 0.924894 0.926363 0.937866 0.934346 0.908182 0.913739 0.927810 0.926381 0.937831 0.934361 0.908220 0.913729 0.927794 0.918511 0.936293 0.926813 0.906925 0.908899 0.918261 0.918544 0.936279 0.926824 0.906940 0.908888 0.918251
0.919313 0.929706 0.927201 0.911205 0.911205 0.925221 0.926393 0.933546 0.933751 0.911894 0.916470 0.929416 0.926385 0.933555 0.933746 0.911907 0.916464 0.929414 0.918469 0.933772 0.927045 0.908786 0.908988 0.920745 0.918471 0.933767 0.927024 0.908763 0.908980 0.920754
0.922174 0.934034 0.930140 0.913587 0.914839 0.928417 0.930272 0.938394 0.937209 0.916573 0.921274 0.932142 0.930222 0.938396 0.937194 0.916588 0.921303 0.932135 0.920871 0.936683 0.929033 0.911097 0.911678 0.923022 0.920838 0.936692 0.929032 0.911077 0.911719 0.922993
0.926879 0.944174 0.934774 0.918783 0.918538 0.927891 0.934643 0.947149 0.941263 0.921595 0.923453 0.931696 0.934684 0.947143 0.941249 0.921628 0.923442 0.931741 0.922452 0.941462 0.930212 0.911946 0.913426 0.920204 0.922445 0.941453 0.930189 0.911967 0.913435 0.920196
0.917247 0.943859 0.932841 0.914131 0.910804 0.918288 0.920058 0.945972 0.937528 0.913766 0.912191 0.920138 0.920078 0.945962 0.937520 0.913752 0.912193 0.920097 0.908948 0.938198 0.925567 0.903993 0.903301 0.907445 0.908955 0.938156 0.925579 0.904000 0.903291 0.907479
0.927484 0.943897 0.935444 0.919079 0.919809 0.929202 0.935963 0.948579 0.942310 0.923288 0.925261 0.933743 0.935956 0.948603 0.942307 0.923310 0.925273 0.933768 0.923108 0.941479 0.930445 0.912773 0.914978 0.922089 0.923090 0.941474 0.930405 0.912779 0.914993 0.922109
0.923047 0.932207 0.930685 0.912976 0.918474 0.931612 0.932989 0.940780 0.939087 0.919273 0.926848 0.937512 0.932990 0.940786 0.939078 0.919252 0.926863 0.937532 0.923321 0.938737 0.930923 0.914079 0.916331 0.928622 0.923330 0.938715 0.930893 0.914049 0.916354 0.928627
0.929294 0.940374 0.936537 0.920426 0.923283 0.935892 0.938916 0.946678 0.942137 0.919552 0.928461 0.940195 0.938894 0.946695 0.942147 0.919492 0.928439 0.940178 0.927548 0.943424 0.933945 0.915701 0.920039 0.930702 0.927538 0.943419 0.933924 0.915641 0.920080 0.930677
0.929311 0.950340 0.941734 0.923413 0.919773 0.929318 0.928666 0.949438 0.938818 0.906215 0.912807 0.928722 0.928712 0.949486 0.938792 0.906202 0.912816 0.928715 0.921417 0.943427 0.930369 0.906328 0.912437 0.919070 0.921346 0.943434 0.930365 0.906319 0.912444 0.919125
0.935920 0.946459 0.942362 0.925338 0.925944 0.938041 0.941799 0.948497 0.941188 0.908923 0.923220 0.939137 0.941794 0.948510 0.941162 0.908930 0.923207 0.939130 0.932446 0.944954 0.933935 0.911681 0.921600 0.931416 0.932416 0.944934 0.933922 0.911668 0.921561 0.931424
0.930405 0.935183 0.937510 0.917821 0.923582 0.935326 0.936214 0.942014 0.939290 0.905337 0.922537 0.936818 0.936211 0.942031 0.939291 0.905332 0.922571 0.936863 0.930284 0.941835 0.933940 0.912246 0.921060 0.932797 0.930276 0.941844 0.933965 0.912206 0.921050 0.932782
0.940822 0.949509 0.946275 0.927300 0.927331 0.938491 0.941788 0.952445 0.945019 0.910278 0.919887 0.936511 0.941788 0.952418 0.945000 0.910258 0.919895 0.936485 0.936710 0.947744 0.937633 0.916108 0.923022 0.932010 0.936699 0.947768 0.937656 0.916045 0.923021 0.932037
0.938214 0.955039 0.950446 0.931804 0.927662 0.940604 0.932111 0.954316 0.945882 0.907223 0.914682 0.935058 0.932102 0.954338 0.945875 0.907223 0.914700 0.935061 0.931414 0.950617 0.940302 0.916771 0.921146 0.932924 0.931419 0.950608 0.940305 0.916772 0.921136 0.932953
0.944795 0.945419 0.944470 0.931390 0.937738 0.947285 0.951823 0.955197 0.952338 0.925974 0.935363 0.951164 0.951776 0.955175 0.952344 0.926000 0.935373 0.951167 0.942930 0.951396 0.945726 0.929441 0.935225 0.946223 0.942953 0.951419 0.945741 0.929430 0.935237 0.946238
0.932462 0.953719 0.948895 0.925876 0.922750 0.934475 0.925993 0.951776 0.945165 0.907898 0.910053 0.927237 0.925973 0.951761 0.945165 0.907873 0.910041 0.927258 0.925076 0.950276 0.940841 0.914004 0.915508 0.926281 0.925076 0.950269 0.940850 0.914012 0.915478 0.926276
0.937392 0.937096 0.942621 0.922962 0.932694 0.940704 0.944988 0.948640 0.948270 0.919717 0.928540 0.941174 0.944989 0.948617 0.948254 0.919700 0.928531 0.941176 0.938160 0.946449 0.942000 0.922077 0.931016 0.939830 0.938132 0.946460 0.942007 0.922095 0.930982 0.939833
0.948275 0.951631 0.952364 0.936952 0.939465 0.950085 0.947326 0.957375 0.952927 0.925169 0.931025 0.948359 0.947331 0.957347 0.952935 0.925160 0.931011 0.948311 0.945595 0.952519 0.947250 0.929294 0.936264 0.947421 0.945622 0.952521 0.947237 0.929292 0.936296 0.947394
0.933214 0.952566 0.948297 0.928633 0.927834 0.939067 0.924906 0.950031 0.944987 0.906357 0.914003 0.932825 0.924879 0.950015 0.944964 0.906386 0.914028 0.932821 0.925249 0.948726 0.941444 0.914482 0.921107 0.931684 0.925257 0.948738 0.941429 0.914514 0.921100 0.931694
0.926597 0.921940 0.923814 0.905700 0.925155 0.930978 0.940184 0.942710 0.947779 0.920557 0.931774 0.941138 0.940176 0.942705 0.947750 0.920561 0.931786 0.941115 0.928349 0.943307 0.942921 0.926348 0.925732 0.933961 0.928364 0.943329 0.942928 0.926380 0.925720 0.933973
0.933389 0.949722 0.942813 0.916625 0.917436 0.924280 0.925483 0.951705 0.941404 0.898462 0.903439 0.917144 0.925464 0.951732 0.941404 0.898458 0.903435 0.917131 0.926778 0.946696 0.936476 0.908395 0.911617 0.916520 0.926841 0.946697 0.936502 0.908370 0.911616 0.916566
0.935363 0.946869 0.943007 0.918821 0.922273 0.929742 0.933846 0.949264 0.942850 0.905656 0.912557 0.925496 0.933875 0.949263 0.942845 0.905620 0.912560 0.925472 0.931083 0.946208 0.937257 0.911872 0.917332 0.923207 0.931094 0.946208 0.937243 0.911866 0.917346 0.923208
0.932424 0.929161 0.931891 0.917621 0.931300 0.938618 0.942725 0.943754 0.948588 0.923825 0.936591 0.946233 0.942719 0.943733 0.948595 0.923849 0.936596 0.946295 0.933885 0.944221 0.944490 0.927566 0.931144 0.940838 0.933893 0.944236 0.944478 0.927571 0.931145 0.940828
0.932750 0.932743 0.926680 0.913692 0.929100 0.933720 0.950224 0.953060 0.955542 0.931860 0.939624 0.947446 0.950240 0.953063 0.955535 0.931865 0.939670 0.947468 0.930754 0.949653 0.947878 0.932699 0.927258 0.933193 0.930769 0.949658 0.947836 0.932733 0.927283 0.933162
0.919371 0.946798 0.939466 0.914827 0.912158 0.920292 0.910916 0.942472 0.934188 0.890980 0.899622 0.913701 0.910887 0.942474 0.934196 0.891012 0.899627 0.913692 0.909942 0.939757 0.928874 0.897399 0.903706 0.909425 0.909914 0.939704 0.928876 0.897381 0.903684 0.909410
0.938257 0.950594 0.947104 0.929061 0.928679 0.937597 0.939210 0.952377 0.945357 0.911638 0.920881 0.935038 0.939214 0.952392 0.945396 0.911628 0.920882 0.935020 0.931672 0.947727 0.938928 0.916087 0.922549 0.930142 0.931705 0.947736 0.938926 0.916102 0.922521 0.930124
0.932895 0.933052 0.937679 0.922916 0.930943 0.941445 0.939926 0.943373 0.946128 0.917858 0.932260 0.945240 0.939890 0.943365 0.946098 0.917844 0.932260 0.945281 0.934309 0.943583 0.942127 0.923142 0.930598 0.941997 0.934313 0.943587 0.942119 0.923147 0.930614 0.941987
0.921985 0.918426 0.921757 0.907277 0.920861 0.929148 0.934110 0.937513 0.943032 0.917240 0.928131 0.938748 0.934125 0.937513 0.943032 0.917276 0.928119 0.938753 0.924721 0.938724 0.939840 0.922298 0.921970 0.932842 0.924788 0.938733 0.939814 0.922269 0.921940 0.932825
0.937241 0.942615 0.944718 0.928524 0.931463 0.944687 0.939703 0.946880 0.946842 0.914259 0.926965 0.944033 0.939707 0.946875 0.946851 0.914231 0.926958 0.944044 0.936087 0.946475 0.941775 0.922188 0.928813 0.942322 0.936061 0.946487 0.941783 0.922166 0.928790 0.942340
0.935081 0.951445 0.946454 0.926448 0.923988 0.935832 0.931153 0.950822 0.943287 0.900979 0.911993 0.929076 0.931139 0.950820 0.943301 0.900950 0.912027 0.929120 0.927401 0.946510 0.936585 0.912510 0.917367 0.926739 0.927393 0.946508 0.936589 0.912509 0.917375 0.926767
0.929686 0.950725 0.944069 0.922969 0.919503 0.929702 0.923841 0.950051 0.941034 0.897021 0.905775 0.922793 0.923814 0.950036 0.941013 0.897010 0.905769 0.922772 0.920411 0.944746 0.933969 0.908386 0.911387 0.918538 0.920399 0.944750 0.933949 0.908424 0.911332 0.918520
0.934922 0.951427 0.947361 0.931538 0.929301 0.939191 0.934973 0.953150 0.947473 0.914435 0.920425 0.937224 0.934963 0.953137 0.947477 0.914443 0.920418 0.937210 0.926884 0.947968 0.939688 0.919177 0.922041 0.930353 0.926866 0.947955 0.939692 0.919222 0.922058 0.930379
0.938274 0.948626 0.943969 0.932785 0.935185 0.943688 0.944987 0.954136 0.952667 0.929021 0.934029 0.947168 0.945000 0.954136 0.952636 0.928998 0.934052 0.947166 0.932343 0.949476 0.944289 0.928097 0.930431 0.938272 0.932367 0.949472 0.944263 0.928130 0.930429 0.938322
0.937904 0.947663 0.944751 0.932476 0.933911 0.943989 0.945107 0.953298 0.951204 0.928211 0.933952 0.946558 0.945141 0.953303 0.951195 0.928209 0.933957 0.946598 0.932973 0.948999 0.942884 0.926700 0.929555 0.938277 0.932985 0.949003 0.942919 0.926722 0.929524 0.938317
0.937336 0.947962 0.944443 0.929289 0.930196 0.939532 0.942323 0.952274 0.947929 0.921567 0.929050 0.940146 0.942333 0.952299 0.947899 0.921525 0.929021 0.940131 0.932082 0.947998 0.940473 0.921107 0.925095 0.932730 0.932039 0.947984 0.940496 0.921069 0.925117 0.932764
0.937704 0.947946 0.944680 0.928180 0.929432 0.937845 0.941834 0.951606 0.946612 0.916696 0.927321 0.938269 0.941830 0.951613 0.946612 0.916706 0.927344 0.938284 0.932828 0.947896 0.939873 0.918843 0.924540 0.931817 0.932843 0.947888 0.939917 0.918852 0.924572 0.931787
0.939808 0.947243 0.946081 0.929976 0.932274 0.942157 0.943819 0.951195 0.946995 0.915034 0.929307 0.942130 0.943845 0.951190 0.947010 0.915025 0.929322 0.942168 0.936580 0.948499 0.941265 0.919914 0.927933 0.937121 0.936631 0.948514 0.941217 0.919937 0.927894 0.937081
0.941402 0.946399 0.947151 0.932757 0.936673 0.947310 0.947003 0.951920 0.949597 0.916373 0.933803 0.948554 0.947012 0.951931 0.949597 0.916363 0.933851 0.948584 0.939745 0.950299 0.944750 0.924687 0.933782 0.944395 0.939764 0.950284 0.944761 0.924655 0.933790 0.944423
0.944176 0.948647 0.947129 0.934660 0.939039 0.948512 0.948834 0.954055 0.951175 0.914924 0.933490 0.950844 0.948835 0.954052 0.951164 0.914942 0.933499 0.950860 0.941379 0.952051 0.947476 0.927186 0.935776 0.946175 0.941392 0.952029 0.947503 0.927174 0.935758 0.946183
0.945617 0.954272 0.952656 0.937634 0.937140 0.948993 0.941153 0.954595 0.948577 0.903960 0.923860 0.945892 0.941181 0.954583 0.948574 0.903968 0.923849 0.945879 0.940347 0.952232 0.946016 0.921351 0.932501 0.943811 0.940345 0.952254 0.945989 0.921339 0.932502 0.943821
0.946423 0.954572 0.954275 0.937830 0.936446 0.948539 0.941564 0.955378 0.948931 0.903502 0.922647 0.944293 0.941551 0.955385 0.948935 0.903481 0.922678 0.944288 0.941843 0.952816 0.946597 0.922096 0.931678 0.943589 0.941798 0.952828 0.946595 0.922084 0.931690 0.943593
0.944307 0.945016 0.948921 0.931576 0.937943 0.947163 0.947992 0.954055 0.952142 0.913880 0.930999 0.947350 0.947990 0.954052 0.952158 0.913897 0.931008 0.947344 0.943709 0.951961 0.948866 0.926950 0.935630 0.945612 0.943709 0.951954 0.948868 0.926991 0.935633 0.945594
0.946941 0.946273 0.949843 0.933844 0.939025 0.947733 0.949097 0.956245 0.953808 0.917741 0.931718 0.948066 0.949087 0.956232 0.953818 0.917727 0.931723 0.948086 0.946032 0.953037 0.950470 0.929409 0.936783 0.946242 0.946067 0.953063 0.950494 0.929359 0.936782 0.946242
0.941509 0.955580 0.954273 0.935172 0.932452 0.945650 0.932536 0.954246 0.949760 0.908124 0.918182 0.938598 0.932513 0.954218 0.949742 0.908131 0.918197 0.938589 0.935977 0.952903 0.947639 0.921658 0.927012 0.939922 0.935966 0.952916 0.947654 0.921674 0.927010 0.939866
0.946618 0.940303 0.941449 0.931039 0.941273 0.946661 0.954202 0.956589 0.957533 0.930365 0.940440 0.953528 0.954200 0.956593 0.957531 0.930399 0.940457 0.953544 0.946675 0.951730 0.950879 0.936091 0.940815 0.947761 0.946649 0.951738 0.950874 0.936086 0.940822 0.947735
0.949125 0.953899 0.955079 0.939760 0.941510 0.951977 0.944702 0.957998 0.954914 0.917552 0.929267 0.948786 0.944725 0.958018 0.954900 0.917571 0.929283 0.948789 0.945997 0.955278 0.952799 0.931530 0.938177 0.948926 0.945991 0.955273 0.952824 0.931515 0.938170 0.948953
0.949816 0.953066 0.954725 0.938814 0.940254 0.950832 0.946190 0.957595 0.953255 0.912318 0.928110 0.946731 0.946166 0.957580 0.953259 0.912342 0.928132 0.946742 0.947355 0.955475 0.951868 0.928694 0.937289 0.948165 0.947358 0.955462 0.951847 0.928701 0.937275 0.948126
0.942093 0.936985 0.944241 0.926684 0.939716 0.945953 0.949579 0.952458 0.952991 0.913263 0.934728 0.948074 0.949607 0.952425 0.952991 0.913261 0.934753 0.948089 0.943573 0.949772 0.950359 0.927722 0.939081 0.946755 0.943595 0.949756 0.950356 0.927714 0.939069 0.946745
0.950654 0.955074 0.957192 0.939313 0.941528 0.952619 0.944151 0.957238 0.952378 0.906823 0.926643 0.946594 0.944155 0.957245 0.952402 0.906801 0.926618 0.946567 0.947551 0.955923 0.952061 0.927068 0.938045 0.949834 0.947573 0.955903 0.952085 0.927088 0.938030 0.949785
0.953959 0.950517 0.951574 0.937969 0.947042 0.952689 0.952525 0.958238 0.957240 0.916206 0.937246 0.953073 0.952557 0.958235 0.957239 0.916243 0.937255 0.953089 0.953209 0.955574 0.955416 0.932545 0.945658 0.952228 0.953208 0.955568 0.955410 0.932555 0.945662 0.952252
0.953163 0.952411 0.954809 0.938442 0.944175 0.953290 0.947577 0.957946 0.954200 0.911791 0.931261 0.949645 0.947579 0.957942 0.954199 0.911783 0.931300 0.949638 0.951356 0.955839 0.953568 0.929422 0.941907 0.952252 0.951373 0.955821 0.953568 0.929470 0.941922 0.952258
0.951725 0.947472 0.952082 0.935059 0.943463 0.951363 0.949174 0.956708 0.953612 0.912923 0.932865 0.949768 0.949138 0.956725 0.953625 0.912947 0.932855 0.949774 0.950818 0.953918 0.953148 0.928133 0.941840 0.950858 0.950819 0.953907 0.953148 0.928131 0.941849 0.950864
0.954316 0.952006 0.953311 0.938839 0.945616 0.953487 0.949843 0.958330 0.956031 0.916223 0.934896 0.951858 0.949841 0.958330 0.956021 0.916240 0.934921 0.951847 0.952948 0.955902 0.955105 0.931850 0.943983 0.952904 0.952984 0.955898 0.955090 0.931848 0.944008 0.952916
0.954282 0.953138 0.952625 0.938782 0.946476 0.953119 0.950400 0.958802 0.957447 0.918026 0.936091 0.952260 0.950418 0.958816 0.957444 0.918024 0.936095 0.952300 0.952348 0.956708 0.956004 0.933153 0.944409 0.951659 0.952356 0.956705 0.955996 0.933195 0.944466 0.951661
0.953002 0.950158 0.952925 0.938198 0.945552 0.953311 0.951751 0.957716 0.956045 0.916781 0.936039 0.951900 0.951730 0.957715 0.956026 0.916786 0.936042 0.951905 0.952055 0.955164 0.954863 0.931733 0.944153 0.953063 0.952070 0.955189 0.954865 0.931758 0.944153 0.953052
0.952091 0.950746 0.954551 0.937896 0.944117 0.952884 0.949526 0.957370 0.954651 0.914509 0.932930 0.949555 0.949531 0.957377 0.954650 0.914532 0.932943 0.949555 0.950495 0.955464 0.953876 0.930071 0.942282 0.951807 0.950503 0.955465 0.953855 0.930094 0.942277 0.951779
0.952964 0.948267 0.950881 0.936782 0.947133 0.952434 0.953951 0.957732 0.958635 0.921489 0.939819 0.953493 0.953982 0.957750 0.958643 0.921505 0.939823 0.953498 0.952625 0.954803 0.955946 0.933680 0.946311 0.952501 0.952610 0.954775 0.955962 0.933662 0.946271 0.952503
0.952393 0.955603 0.957662 0.940124 0.945261 0.953643 0.944943 0.958086 0.956697 0.915193 0.931595 0.948860 0.944926 0.958090 0.956701 0.915183 0.931596 0.948870 0.949674 0.956277 0.955626 0.930382 0.942273 0.951769 0.949707 0.956287 0.955622 0.930407 0.942268 0.951790
0.935967 0.922737 0.929110 0.912777 0.937945 0.937923 0.949453 0.947501 0.953546 0.921948 0.942443 0.947656 0.949461 0.947506 0.953549 0.921948 0.942454 0.947641 0.940462 0.941393 0.947237 0.928022 0.940527 0.942138 0.940423 0.941410 0.947261 0.928012 0.940511 0.942139
0.924909 0.949149 0.946325 0.921401 0.918245 0.927765 0.917386 0.944965 0.937804 0.892102 0.905556 0.919681 0.917408 0.944963 0.937788 0.892089 0.905538 0.919690 0.916058 0.942734 0.935384 0.901989 0.910311 0.917893 0.916068 0.942719 0.935396 0.902002 0.910346 0.917879
0.949333 0.944998 0.946480 0.933314 0.945878 0.949948 0.955142 0.956541 0.959179 0.930913 0.945746 0.954533 0.955132 0.956530 0.959191 0.930922 0.945746 0.954563 0.949817 0.953540 0.955056 0.935523 0.945734 0.950205 0.949800 0.953540 0.955097 0.935530 0.945750 0.950224
0.874412 0.862632 0.862466 0.832788 0.879407 0.879359 0.919567 0.922988 0.926500 0.907744 0.922390 0.919320 0.919570 0.922970 0.926516 0.907723 0.922415 0.919313 0.878773 0.903972 0.899734 0.881134 0.882017 0.883383 0.878785 0.903977 0.899746 0.881113 0.882034 0.883368
0.940629 0.945050 0.944955 0.929626 0.933987 0.945888 0.946502 0.952721 0.951790 0.926420 0.936226 0.946808 0.946485 0.952737 0.951786 0.926411 0.936226 0.946800 0.940088 0.950902 0.947014 0.927033 0.932256 0.943556 0.940074 0.950927 0.947029 0.927022 0.932239 0.943552
0.926707 0.925056 0.928097 0.913971 0.926580 0.938983 0.939276 0.939928 0.945248 0.923178 0.936058 0.944887 0.939281 0.939909 0.945249 0.923198 0.936061 0.944873 0.931304 0.938855 0.940407 0.922245 0.928470 0.941132 0.931260 0.938843 0.940426 0.922275 0.928454 0.941126
0.855940 0.845309 0.843672 0.818421 0.864345 0.867711 0.901032 0.900782 0.903878 0.886589 0.905157 0.908763 0.901055 0.900803 0.903902 0.886611 0.905165 0.908761 0.867796 0.883207 0.881024 0.864214 0.873457 0.879029 0.867779 0.883197 0.881013 0.864214 0.873488 0.879106
0.805895 0.811055 0.808757 0.763336 0.828339 0.824260 0.881902 0.886961 0.882421 0.856053 0.884527 0.886698 0.881948 0.886981 0.882464 0.855998 0.884551 0.886719 0.813096 0.850016 0.837630 0.806688 0.832784 0.830589 0.813088 0.850001 0.837659 0.806677 0.832752 0.830617
0.919960 0.923365 0.912415 0.902066 0.917435 0.928615 0.938193 0.943859 0.940739 0.929428 0.935430 0.945121 0.938177 0.943841 0.940724 0.929435 0.935423 0.945121 0.921652 0.934002 0.923922 0.915512 0.918315 0.929809 0.921645 0.934019 0.923944 0.915551 0.918335 0.929853
0.889528 0.880170 0.876301 0.857871 0.890598 0.901069 0.919080 0.915441 0.914542 0.902175 0.920247 0.929663 0.919087 0.915471 0.914532 0.902179 0.920224 0.929675 0.899535 0.900886 0.897878 0.882192 0.898421 0.910454 0.899502 0.900916 0.897884 0.882202 0.898370 0.910444
0.770631 0.753444 0.758529 0.713430 0.781707 0.791709 0.837600 0.824727 0.832325 0.804002 0.846824 0.853753 0.837563 0.824766 0.832343 0.804024 0.846824 0.853763 0.791581 0.783163 0.784277 0.755960 0.800081 0.810025 0.791594 0.783131 0.784284 0.755934 0.800112 0.810029
0.770112 0.748143 0.753567 0.711841 0.776194 0.790444 0.833996 0.819106 0.827654 0.802033 0.842212 0.851240 0.833934 0.819130 0.827643 0.801978 0.842201 0.851186 0.790770 0.776636 0.779247 0.752975 0.795894 0.809151 0.790690 0.776602 0.779269 0.752912 0.795895 0.809128
0.863314 0.844888 0.849159 0.828862 0.863149 0.878102 0.891436 0.882333 0.891182 0.874240 0.896376 0.909339 0.891410 0.882365 0.891189 0.874167 0.896390 0.909339 0.878551 0.867290 0.870119 0.856419 0.876643 0.892362 0.878544 0.867276 0.870126 0.856405 0.876628 0.892374
0.897343 0.890159 0.888245 0.870422 0.896292 0.911245 0.919055 0.918707 0.921475 0.906398 0.919160 0.932850 0.919055 0.918687 0.921489 0.906385 0.919162 0.932910 0.906172 0.904886 0.901755 0.889892 0.902688 0.918575 0.906179 0.904898 0.901713 0.889913 0.902679 0.918587
0.858141 0.856667 0.854740 0.820822 0.863024 0.874873 0.907415 0.910303 0.906706 0.895339 0.906278 0.917790 0.907394 0.910282 0.906728 0.895301 0.906243 0.917750 0.858237 0.877393 0.871963 0.844198 0.864696 0.874903 0.858213 0.877332 0.871945 0.844142 0.864673 0.874964
0.805522 0.810048 0.813708 0.761645 0.825516 0.826472 0.877975 0.891702 0.887683 0.870563 0.882793 0.891079 0.877951 0.891736 0.887722 0.870563 0.882813 0.891070 0.807949 0.846707 0.843262 0.803066 0.829055 0.827644 0.808011 0.846727 0.843227 0.803097 0.829041 0.827675
0.860379 0.849795 0.847501 0.820422 0.863482 0.873782 0.900837 0.910191 0.910772 0.897959 0.905370 0.913138 0.900805 0.910217 0.910781 0.898000 0.905399 0.913121 0.870990 0.893036 0.887731 0.874854 0.872088 0.883890 0.870952 0.893052 0.887722 0.874904 0.872068 0.883886
0.887795 0.879040 0.883704 0.867413 0.892510 0.905324 0.912245 0.917318 0.922069 0.906681 0.916761 0.927280 0.912215 0.917340 0.922106 0.906684 0.916749 0.927248 0.898930 0.913848 0.914014 0.901453 0.901468 0.915477 0.898886 0.913843 0.914049 0.901509 0.901508 0.915517
0.893761 0.885738 0.890064 0.874944 0.898102 0.910672 0.916634 0.920504 0.925202 0.909518 0.920446 0.930372 0.916623 0.920524 0.925176 0.909519 0.920456 0.930403 0.903462 0.917855 0.917292 0.905636 0.905777 0.920073 0.903449 0.917833 0.917307 0.905686 0.905790 0.920066
0.893600 0.885936 0.885265 0.869222 0.898356 0.906848 0.921324 0.924685 0.928018 0.912862 0.924408 0.931224 0.921316 0.924689 0.928044 0.912880 0.924426 0.931187 0.902361 0.917626 0.915231 0.903502 0.905521 0.915614 0.902360 0.917605 0.915224 0.903509 0.905477 0.915652
0.890276 0.885581 0.877357 0.855301 0.894329 0.898273 0.927334 0.929810 0.928971 0.915448 0.926912 0.931155 0.927304 0.929816 0.928984 0.915471 0.926914 0.931155 0.896641 0.914233 0.905945 0.892739 0.898595 0.904117 0.896656 0.914253 0.905937 0.892741 0.898610 0.904060
0.907357 0.904977 0.894599 0.874095 0.907190 0.912011 0.940250 0.939714 0.937975 0.924541 0.936699 0.939369 0.940240 0.939729 0.937970 0.924571 0.936701 0.939375 0.909110 0.920059 0.908636 0.896015 0.908178 0.913587 0.909052 0.920081 0.908631 0.896040 0.908166 0.913581
0.929701 0.926266 0.918523 0.906245 0.926891 0.932127 0.949575 0.946993 0.948260 0.933176 0.944766 0.949644 0.949574 0.947001 0.948245 0.933171 0.944773 0.949638 0.931944 0.934727 0.926126 0.916170 0.927534 0.933650 0.931931 0.934726 0.926112 0.916199 0.927560 0.933578
0.926677 0.918388 0.916372 0.902705 0.927014 0.932126 0.946948 0.940956 0.945720 0.928184 0.943991 0.947530 0.946934 0.940958 0.945726 0.928178 0.944025 0.947494 0.931857 0.931401 0.928296 0.915237 0.929627 0.936303 0.931892 0.931421 0.928309 0.915220 0.929637 0.936289
0.916759 0.905777 0.906938 0.891382 0.920468 0.923990 0.939196 0.932746 0.940380 0.920400 0.939589 0.940949 0.939194 0.932734 0.940356 0.920411 0.939600 0.940933 0.923479 0.922986 0.923570 0.909315 0.924850 0.930171 0.923465 0.923009 0.923530 0.909351 0.924853 0.930163
0.924820 0.914089 0.915136 0.900154 0.927412 0.929551 0.946618 0.940941 0.948353 0.928140 0.944125 0.945669 0.946602 0.940939 0.948335 0.928136 0.944105 0.945674 0.930703 0.932209 0.933230 0.918452 0.930591 0.934314 0.930718 0.932178 0.933249 0.918444 0.930619 0.934314
0.938147 0.930756 0.927239 0.917075 0.934923 0.938147 0.954462 0.953163 0.957297 0.937787 0.947670 0.952126 0.954462 0.953165 0.957297 0.937792 0.947669 0.952126 0.939099 0.945549 0.942546 0.929855 0.934734 0.938729 0.939083 0.945579 0.942556 0.929900 0.934720 0.938725
0.922553 0.912677 0.907408 0.894607 0.920520 0.921522 0.950973 0.951106 0.954611 0.936433 0.944229 0.946355 0.950975 0.951106 0.954621 0.936453 0.944210 0.946305 0.921331 0.936652 0.931026 0.919992 0.918278 0.920382 0.921309 0.936630 0.931019 0.920033 0.918284 0.920377
0.920705 0.907843 0.905281 0.893183 0.921704 0.921363 0.949071 0.947991 0.953171 0.934416 0.944697 0.944580 0.949070 0.948000 0.953207 0.934404 0.944720 0.944556 0.923541 0.938848 0.937646 0.925007 0.922660 0.923494 0.923560 0.938863 0.937678 0.925007 0.922635 0.923482
0.937655 0.926873 0.930297 0.918395 0.937582 0.939720 0.952976 0.951026 0.956580 0.933113 0.946814 0.952088 0.952948 0.951010 0.956578 0.933127 0.946805 0.952125 0.941711 0.946787 0.950102 0.933765 0.939584 0.943134 0.941658 0.946794 0.950134 0.933811 0.939613 0.943134
0.937500 0.927067 0.929211 0.917974 0.937276 0.939513 0.953024 0.950891 0.956190 0.934265 0.946786 0.951899 0.953036 0.950891 0.956195 0.934254 0.946815 0.951890 0.941496 0.946442 0.948814 0.933709 0.939205 0.942577 0.941526 0.946458 0.948810 0.933726 0.939163 0.942556
0.925480 0.914049 0.910638 0.899410 0.925906 0.925471 0.951034 0.948162 0.952067 0.934393 0.945351 0.945999 0.951019 0.948140 0.952070 0.934394 0.945367 0.945985 0.928590 0.937955 0.936239 0.924963 0.927239 0.927887 0.928545 0.937960 0.936194 0.924947 0.927237 0.927862
0.938002 0.928633 0.924602 0.915611 0.935107 0.936414 0.955928 0.953114 0.956497 0.937717 0.947773 0.951623 0.955935 0.953117 0.956496 0.937721 0.947781 0.951625 0.939569 0.943892 0.941646 0.930596 0.935819 0.937689 0.939557 0.943880 0.941657 0.930619 0.935823 0.937698
0.939473 0.927603 0.929067 0.918124 0.938340 0.939958 0.954986 0.950753 0.955487 0.936653 0.946898 0.952824 0.954973 0.950758 0.955510 0.936661 0.946901 0.952808 0.943404 0.942315 0.942980 0.930926 0.940031 0.943643 0.943409 0.942292 0.943015 0.930945 0.940071 0.943618
0.935666 0.922473 0.925715 0.913381 0.936221 0.937394 0.953273 0.947524 0.953406 0.934398 0.946022 0.950752 0.953259 0.947523 0.953403 0.934403 0.946027 0.950733 0.940560 0.938170 0.940017 0.927438 0.939035 0.941507 0.940547 0.938178 0.940031 0.927439 0.939026 0.941535
0.944287 0.934129 0.932509 0.923059 0.940100 0.942252 0.957174 0.955031 0.958278 0.938258 0.947790 0.955024 0.957164 0.955032 0.958283 0.938278 0.947785 0.955025 0.946283 0.946743 0.946764 0.934600 0.941045 0.944170 0.946300 0.946755 0.946737 0.934583 0.941039 0.944174
0.927705 0.913257 0.910019 0.897736 0.926247 0.924692 0.953953 0.949471 0.953632 0.935501 0.946221 0.948174 0.953972 0.949448 0.953625 0.935522 0.946227 0.948151 0.930225 0.936737 0.934160 0.923250 0.926904 0.927000 0.930209 0.936737 0.934162 0.923273 0.926903 0.926986
0.944524 0.933806 0.933043 0.923340 0.940611 0.942397 0.957294 0.954813 0.958759 0.935396 0.948215 0.955137 0.957299 0.954813 0.958764 0.935426 0.948232 0.955124 0.946716 0.949170 0.951824 0.935741 0.941714 0.944743 0.946712 0.949156 0.951821 0.935727 0.941716 0.944715
0.934348 0.921159 0.923977 0.911045 0.935592 0.935833 0.953551 0.947895 0.954474 0.930625 0.946972 0.950144 0.953575 0.947895 0.954468 0.930652 0.946964 0.950144 0.939605 0.942066 0.946978 0.929834 0.938253 0.940239 0.939611 0.942066 0.946988 0.929835 0.938268 0.940247
0.940826 0.929953 0.929485 0.918913 0.938438 0.939985 0.956696 0.952958 0.957929 0.934051 0.948472 0.953626 0.956700 0.952953 0.957939 0.934011 0.948474 0.953646 0.943956 0.947932 0.951135 0.934553 0.940017 0.942895 0.943952 0.947903 0.951112 0.934558 0.940000 0.942876
0.936389 0.925757 0.922292 0.912391 0.934083 0.934926 0.956002 0.952847 0.957499 0.936020 0.948380 0.951610 0.955971 0.952852 0.957482 0.936041 0.948370 0.951622 0.939002 0.946076 0.946936 0.933216 0.934989 0.936901 0.938989 0.946078 0.946945 0.933209 0.935015 0.936902
0.936003 0.924274 0.923753 0.912609 0.934973 0.935999 0.955361 0.950572 0.955802 0.935503 0.947896 0.951741 0.955340 0.950582 0.955788 0.935500 0.947893 0.951723 0.939983 0.943368 0.945387 0.931722 0.936814 0.939533 0.939967 0.943361 0.945412 0.931719 0.936832 0.939513
0.943921 0.933056 0.935312 0.924255 0.940727 0.944413 0.955693 0.952913 0.957918 0.936072 0.947443 0.954963 0.955693 0.952922 0.957900 0.936045 0.947440 0.954963 0.946823 0.947559 0.950288 0.934823 0.942323 0.947256 0.946863 0.947551 0.950279 0.934837 0.942319 0.947280
0.935709 0.922645 0.923074 0.912001 0.934741 0.936082 0.954911 0.949504 0.954571 0.936245 0.947162 0.951599 0.954912 0.949509 0.954570 0.936246 0.947152 0.951583 0.940238 0.940370 0.941737 0.929268 0.936886 0.940267 0.940246 0.940377 0.941716 0.929256 0.936876 0.940277
0.941878 0.933196 0.929572 0.920419 0.937736 0.940527 0.956664 0.954467 0.958448 0.938831 0.948144 0.953997 0.956678 0.954458 0.958441 0.938846 0.948109 0.953970 0.943768 0.946634 0.944789 0.932747 0.938718 0.942519 0.943783 0.946624 0.944750 0.932749 0.938726 0.942506
0.935354 0.922864 0.921782 0.911200 0.933931 0.935017 0.955167 0.950516 0.955266 0.936699 0.947525 0.951744 0.955159 0.950514 0.955263 0.936688 0.947529 0.951731 0.939552 0.941912 0.942368 0.929944 0.936032 0.938673 0.939544 0.941936 0.942395 0.929948 0.936034 0.938664
0.943449 0.932725 0.933867 0.923330 0.940626 0.944273 0.955318 0.953214 0.958003 0.935522 0.947725 0.954678 0.955312 0.953214 0.958013 0.935534 0.947720 0.954699 0.946584 0.948389 0.950812 0.935336 0.942298 0.947111 0.946559 0.948395 0.950796 0.935330 0.942311 0.947138
0.937524 0.925330 0.925665 0.914842 0.936285 0.938185 0.954615 0.951086 0.955854 0.934998 0.947489 0.952199 0.954599 0.951078 0.955856 0.935006 0.947487 0.952175 0.941896 0.945202 0.947708 0.932608 0.938477 0.942205 0.941883 0.945197 0.947708 0.932606 0.938470 0.942241
0.938014 0.928217 0.925606 0.915417 0.935777 0.937659 0.955455 0.953206 0.957233 0.936439 0.948310 0.952601 0.955458 0.953172 0.957228 0.936440 0.948285 0.952590 0.941112 0.947624 0.948208 0.933871 0.937210 0.940390 0.941084 0.947634 0.948170 0.933883 0.937189 0.940415
0.938435 0.927804 0.926611 0.916490 0.936491 0.938775 0.955400 0.952620 0.956852 0.936218 0.948124 0.952940 0.955384 0.952616 0.956846 0.936243 0.948122 0.952948 0.941977 0.946968 0.948439 0.933769 0.938165 0.942005 0.941983 0.946954 0.948431 0.933783 0.938183 0.941986
0.937918 0.925967 0.927348 0.916260 0.937089 0.939123 0.954273 0.950726 0.955815 0.935442 0.947518 0.952788 0.954285 0.950717 0.955827 0.935453 0.947506 0.952765 0.942528 0.944687 0.947424 0.932522 0.939431 0.943226 0.942538 0.944707 0.947404 0.932547 0.939449 0.943234
0.941592 0.931347 0.931372 0.921145 0.938875 0.941932 0.955473 0.953183 0.957429 0.937096 0.948078 0.954387 0.955442 0.953172 0.957416 0.937093 0.948066 0.954400 0.944801 0.947457 0.948729 0.934448 0.940452 0.945057 0.944788 0.947463 0.948699 0.934428 0.940435 0.945054
0.933640 0.921579 0.919607 0.909460 0.932666 0.933859 0.954325 0.950307 0.954965 0.936817 0.947539 0.950962 0.954314 0.950293 0.954952 0.936801 0.947548 0.950940 0.937619 0.941052 0.940071 0.928242 0.934488 0.937113 0.937615 0.941049 0.940086 0.928237 0.934467 0.937082
0.944077 0.935200 0.935013 0.924575 0.940446 0.944494 0.955521 0.954185 0.958243 0.937531 0.948043 0.955033 0.955516 0.954169 0.958239 0.937550 0.948024 0.955030 0.946530 0.949048 0.950007 0.935466 0.941907 0.946922 0.946530 0.949062 0.949989 0.935471 0.941905 0.946882
0.930346 0.917431 0.918807 0.905983 0.931790 0.933080 0.951584 0.946105 0.951938 0.933289 0.946184 0.948904 0.951567 0.946106 0.951931 0.933306 0.946185 0.948907 0.936144 0.937727 0.940777 0.926140 0.934929 0.937913 0.936109 0.937715 0.940793 0.926170 0.934944 0.937929
0.946679 0.940387 0.939708 0.929144 0.942542 0.947510 0.955448 0.955717 0.959391 0.936493 0.947829 0.955432 0.955425 0.955730 0.959387 0.936503 0.947822 0.955440 0.948464 0.952081 0.953437 0.937093 0.943763 0.949094 0.948447 0.952088 0.953446 0.937066 0.943753 0.949064
0.918360 0.904260 0.902869 0.888489 0.921497 0.920677 0.946493 0.941804 0.947832 0.929456 0.943630 0.942687 0.946473 0.941785 0.947851 0.929456 0.943639 0.942697 0.924034 0.931008 0.932071 0.918987 0.925225 0.925619 0.924034 0.930991 0.932071 0.918980 0.925198 0.925584
0.949296 0.945436 0.945919 0.934263 0.944569 0.951663 0.953955 0.956652 0.959695 0.934476 0.945861 0.955246 0.953935 0.956649 0.959701 0.934480 0.945857 0.955244 0.949959 0.953912 0.954837 0.936667 0.944789 0.952579 0.949943 0.953902 0.954820 0.936654 0.944771 0.952561
0.912935 0.898288 0.898747 0.883142 0.917646 0.917280 0.941036 0.935507 0.942999 0.924202 0.940557 0.939750 0.941047 0.935505 0.943027 0.924220 0.940547 0.939744 0.920138 0.925284 0.927938 0.913646 0.922651 0.923568 0.920115 0.925250 0.927950 0.913647 0.922677 0.923535
0.946900 0.941668 0.941550 0.930110 0.942815 0.949079 0.954828 0.955502 0.959467 0.936195 0.947475 0.955450 0.954871 0.955502 0.959462 0.936189 0.947424 0.955460 0.948288 0.952296 0.953435 0.937395 0.943884 0.950345 0.948334 0.952298 0.953452 0.937379 0.943892 0.950337
0.935337 0.925504 0.923562 0.912631 0.933990 0.937145 0.953930 0.950293 0.955130 0.936547 0.947637 0.951949 0.953953 0.950296 0.955157 0.936558 0.947634 0.951954 0.939389 0.943383 0.943309 0.930305 0.936023 0.940513 0.939383 0.943371 0.943298 0.930311 0.936020 0.940502
0.931872 0.920327 0.920211 0.908146 0.932148 0.934674 0.952063 0.947113 0.952744 0.934269 0.946577 0.950299 0.952086 0.947109 0.952752 0.934251 0.946575 0.950321 0.937160 0.939252 0.941326 0.927053 0.934995 0.939350 0.937134 0.939266 0.941309 0.927060 0.934956 0.939364
0.946948 0.941689 0.942422 0.930611 0.942594 0.949944 0.954710 0.955043 0.959532 0.935850 0.946928 0.955490 0.954695 0.955030 0.959537 0.935872 0.946918 0.955503 0.948564 0.951893 0.953470 0.936937 0.943741 0.951538 0.948530 0.951897 0.953480 0.936927 0.943729 0.951525
0.925321 0.912509 0.910857 0.898054 0.926929 0.927109 0.950329 0.945382 0.951440 0.933074 0.945859 0.947162 0.950324 0.945401 0.951447 0.933073 0.945845 0.947173 0.930746 0.935802 0.935970 0.922591 0.929686 0.931669 0.930751 0.935793 0.935959 0.922575 0.929695 0.931672
0.942685 0.934475 0.933314 0.922227 0.939423 0.944006 0.955287 0.953598 0.958240 0.936247 0.948366 0.954509 0.955276 0.953583 0.958221 0.936280 0.948374 0.954517 0.945440 0.949352 0.951239 0.935330 0.941083 0.946984 0.945453 0.949356 0.951235 0.935384 0.941103 0.946982
0.943566 0.935010 0.934768 0.923360 0.940449 0.945452 0.955130 0.953593 0.958390 0.935634 0.948258 0.954637 0.955131 0.953587 0.958399 0.935644 0.948248 0.954647 0.946124 0.949679 0.951748 0.935723 0.942115 0.948110 0.946109 0.949674 0.951750 0.935722 0.942124 0.948091
0.928609 0.915797 0.915010 0.902394 0.929406 0.930232 0.951105 0.946532 0.952399 0.933133 0.946218 0.948676 0.951113 0.946528 0.952409 0.933114 0.946196 0.948674 0.934281 0.938692 0.940602 0.925907 0.932543 0.935159 0.934286 0.938687 0.940590 0.925917 0.932542 0.935155
0.945772 0.938492 0.938411 0.927121 0.941992 0.948026 0.955380 0.954603 0.959071 0.935808 0.948084 0.955299 0.955395 0.954594 0.959079 0.935817 0.948063 0.955310 0.947970 0.951035 0.952850 0.936654 0.943540 0.950210 0.947996 0.951021 0.952854 0.936657 0.943554 0.950189
0.939429 0.928643 0.927799 0.916877 0.936998 0.940737 0.955028 0.951910 0.956541 0.936653 0.947863 0.953279 0.955022 0.951878 0.956528 0.936653 0.947861 0.953311 0.942979 0.946031 0.946962 0.932698 0.939221 0.944412 0.942942 0.946062 0.947006 0.932677 0.939200 0.944426
0.935329 0.923536 0.923124 0.911812 0.934277 0.936857 0.954167 0.949831 0.954955 0.936092 0.947237 0.951935 0.954173 0.949835 0.954957 0.936083 0.947227 0.951942 0.940025 0.942445 0.943384 0.929730 0.937000 0.941312 0.939997 0.942432 0.943394 0.929723 0.937005 0.941287
0.946832 0.939353 0.939931 0.928673 0.942523 0.948766 0.955575 0.954941 0.959319 0.936250 0.947648 0.955713 0.955560 0.954939 0.959328 0.936252 0.947655 0.955712 0.948853 0.951209 0.952991 0.936958 0.944069 0.950894 0.948862 0.951234 0.953005 0.936972 0.944081 0.950908
0.933324 0.920765 0.920282 0.908881 0.933108 0.934318 0.954034 0.949428 0.954770 0.935755 0.947182 0.951203 0.954036 0.949415 0.954777 0.935780 0.947196 0.951229 0.938296 0.941314 0.942088 0.928710 0.935821 0.938821 0.938283 0.941309 0.942100 0.928738 0.935802 0.938808
0.943703 0.934154 0.933709 0.922960 0.940225 0.944504 0.956133 0.954030 0.958563 0.936364 0.948646 0.954875 0.956137 0.954021 0.958592 0.936375 0.948661 0.954877 0.946589 0.949428 0.951287 0.935504 0.942085 0.947501 0.946603 0.949430 0.951267 0.935511 0.942062 0.947534
0.943549 0.933365 0.933121 0.922396 0.940277 0.944109 0.956307 0.953957 0.958531 0.935730 0.948663 0.954742 0.956308 0.953944 0.958511 0.935711 0.948664 0.954738 0.946477 0.949343 0.951659 0.935547 0.942044 0.947300 0.946476 0.949340 0.951661 0.935525 0.942060 0.947282
0.935780 0.923127 0.922774 0.911418 0.934914 0.936152 0.955143 0.950702 0.955837 0.935227 0.947780 0.952014 0.955147 0.950681 0.955847 0.935247 0.947766 0.952008 0.940352 0.943933 0.945741 0.931131 0.937425 0.940486 0.940318 0.943929 0.945761 0.931134 0.937453 0.940509
0.947648 0.939469 0.939472 0.928634 0.943311 0.948373 0.956519 0.955615 0.959526 0.935073 0.948031 0.955998 0.956516 0.955602 0.959534 0.935064 0.948049 0.956006 0.949567 0.952045 0.954092 0.937289 0.944859 0.950491 0.949584 0.952048 0.954099 0.937282 0.944842 0.950460
0.934941 0.921747 0.921132 0.909871 0.934196 0.934900 0.955032 0.950200 0.955555 0.935342 0.947533 0.951655 0.955061 0.950191 0.955548 0.935346 0.947541 0.951657 0.939685 0.942489 0.943990 0.929787 0.936750 0.939356 0.939671 0.942491 0.943977 0.929779 0.936728 0.939338
0.946921 0.937922 0.937774 0.926970 0.942587 0.947440 0.956845 0.955391 0.959438 0.935961 0.948173 0.955821 0.956835 0.955380 0.959433 0.935938 0.948206 0.955809 0.949072 0.950992 0.953239 0.936882 0.944088 0.950001 0.949076 0.950985 0.953268 0.936916 0.944088 0.950004
0.939972 0.927559 0.927097 0.916392 0.937435 0.940020 0.956725 0.952389 0.957120 0.936551 0.948084 0.953739 0.956720 0.952391 0.957108 0.936586 0.948098 0.953747 0.943860 0.945608 0.947306 0.932814 0.939832 0.944067 0.943838 0.945601 0.947327 0.932824 0.939810 0.944047
0.943985 0.932942 0.932258 0.922086 0.940043 0.943805 0.957306 0.954426 0.958582 0.936620 0.948553 0.955098 0.957314 0.954412 0.958575 0.936615 0.948570 0.955112 0.946749 0.948944 0.950762 0.935366 0.941876 0.947168 0.946768 0.948955 0.950750 0.935354 0.941891 0.947167
0.944018 0.932727 0.932212 0.922106 0.940131 0.943761 0.957396 0.954450 0.958636 0.936247 0.948583 0.955112 0.957404 0.954440 0.958638 0.936226 0.948593 0.955131 0.946806 0.948988 0.951151 0.935407 0.941987 0.947107 0.946795 0.948999 0.951157 0.935399 0.941995 0.947114
0.940507 0.927799 0.927431 0.916854 0.937794 0.940231 0.957131 0.952917 0.957466 0.935935 0.948330 0.954035 0.957157 0.952917 0.957470 0.935956 0.948322 0.954015 0.944199 0.946369 0.948722 0.933554 0.940144 0.944171 0.944221 0.946357 0.948723 0.933566 0.940136 0.944160
0.946797 0.937038 0.936653 0.926377 0.942250 0.946673 0.957373 0.955593 0.959499 0.935319 0.948507 0.955869 0.957382 0.955609 0.959479 0.935298 0.948475 0.955863 0.949069 0.951301 0.953831 0.936760 0.944012 0.949530 0.949057 0.951297 0.953818 0.936745 0.943980 0.949488
0.934938 0.920619 0.920281 0.909104 0.934083 0.934780 0.955574 0.950361 0.955551 0.934990 0.947604 0.951704 0.955597 0.950363 0.955549 0.934988 0.947606 0.951697 0.939760 0.942111 0.944409 0.930000 0.936867 0.939451 0.939771 0.942106 0.944399 0.930009 0.936863 0.939440
0.949887 0.942603 0.942759 0.932005 0.944802 0.950619 0.956257 0.956958 0.959960 0.934377 0.947361 0.956272 0.956257 0.956954 0.959948 0.934354 0.947362 0.956305 0.951149 0.953404 0.955377 0.937804 0.945730 0.952072 0.951157 0.953397 0.955367 0.937812 0.945733 0.952074
0.922404 0.906361 0.906310 0.892174 0.925159 0.923327 0.949565 0.943281 0.949789 0.930870 0.944603 0.945027 0.949576 0.943284 0.949798 0.930890 0.944596 0.945038 0.928463 0.931747 0.933415 0.920475 0.929108 0.929113 0.928477 0.931757 0.933421 0.920495 0.929112 0.929156
0.951263 0.948095 0.948782 0.936840 0.945576 0.953414 0.953457 0.957638 0.959725 0.932698 0.944559 0.954987 0.953446 0.957627 0.959732 0.932682 0.944570 0.954974 0.951253 0.954937 0.955912 0.936597 0.945137 0.953598 0.951229 0.954921 0.955891 0.936613 0.945134 0.953587
0.911616 0.895465 0.895377 0.878591 0.916574 0.914682 0.942469 0.936606 0.943197 0.925027 0.940545 0.939460 0.942451 0.936601 0.943184 0.924997 0.940540 0.939461 0.918754 0.923816 0.923992 0.911047 0.921768 0.921217 0.918739 0.923819 0.924009 0.911055 0.921752 0.921210
0.948249 0.942482 0.944587 0.931990 0.943815 0.951516 0.955427 0.955378 0.959577 0.934635 0.946619 0.955677 0.955436 0.955377 0.959587 0.934650 0.946646 0.955674 0.949747 0.952168 0.954442 0.936738 0.944926 0.953056 0.949771 0.952164 0.954446 0.936743 0.944933 0.953048
0.942645 0.933523 0.933705 0.922153 0.939945 0.945078 0.955384 0.952950 0.957800 0.935948 0.948134 0.954490 0.955370 0.952941 0.957793 0.935941 0.948132 0.954488 0.945733 0.948256 0.950474 0.934779 0.941888 0.948565 0.945748 0.948264 0.950492 0.934773 0.941906 0.948592
0.923240 0.909595 0.907499 0.893952 0.925148 0.924569 0.949753 0.945033 0.951118 0.932684 0.945061 0.946251 0.949768 0.945023 0.951136 0.932702 0.945061 0.946242 0.928642 0.935211 0.935289 0.921924 0.928160 0.929307 0.928663 0.935192 0.935299 0.921936 0.928171 0.929290
