0.660036 0.736771 0.705893 0.621064 0.657015 0.630869 0.659897 0.737237 0.706502 0.621732 0.656312 0.630639 0.659901 0.737234 0.706494 0.621725 0.656316 0.630629 0.659360 0.736572 0.705243 0.621622 0.656356 0.630079 0.659357 0.736589 0.705251 0.621616 0.656365 0.630095
0.000000 0.000000 0.000000 0.000000 0.000000 0.000000 0.000000 0.000000 0.000000 0.000000 0.000000 0.000000 0.000000 0.000000 0.000000 0.000000 0.000000 0.000000 0.000000 0.000000 0.000000 0.000000 0.000000 0.000000 0.000000 0.000000 0.000000 0.000000 0.000000 0.000000
0.000000 0.000000 0.000000 0.000000 0.000000 0.000000 0.000000 0.000000 0.000000 0.000000 0.000000 0.000000 0.000000 0.000000 0.000000 0.000000 0.000000 0.000000 0.000000 0.000000 0.000000 0.000000 0.000000 0.000000 0.000000 0.000000 0.000000 0.000000 0.000000 0.000000
0.000000 0.000000 0.000000 0.000000 0.000000 0.000000 0.000000 0.000000 0.000000 0.000000 0.000000 0.000000 0.000000 0.000000 0.000000 0.000000 0.000000 0.000000 0.000000 0.000000 0.000000 0.000000 0.000000 0.000000 0.000000 0.000000 0.000000 0.000000 0.000000 0.000000
0.000000 0.000000 0.000000 0.000000 0.000000 0.000000 0.000000 0.000000 0.000000 0.000000 0.000000 0.000000 0.000000 0.000000 0.000000 0.000000 0.000000 0.000000 0.000000 0.000000 0.000000 0.000000 0.000000 0.000000 0.000000 0.000000 0.000000 0.000000 0.000000 0.000000
0.000000 0.000000 0.000000 0.000000 0.000000 0.000000 0.000000 0.000000 0.000000 0.000000 0.000000 0.000000 0.000000 0.000000 0.000000 0.000000 0.000000 0.000000 0.000000 0.000000 0.000000 0.000000 0.000000 0.000000 0.000000 0.000000 0.000000 0.000000 0.000000 0.000000
0.000000 0.000000 0.000000 0.000000 0.000000 0.000000 0.000000 0.000000 0.000000 0.000000 0.000000 0.000000 0.000000 0.000000 0.000000 0.000000 0.000000 0.000000 0.000000 0.000000 0.000000 0.000000 0.000000 0.000000 0.000000 0.000000 0.000000 0.000000 0.000000 0.000000
0.000000 0.000000 0.000000 0.000000 0.000000 0.000000 0.000000 0.000000 0.000000 0.000000 0.000000 0.000000 0.000000 0.000000 0.000000 0.000000 0.000000 0.000000 0.000000 0.000000 0.000000 0.000000 0.000000 0.000000 0.000000 0.000000 0.000000 0.000000 0.000000 0.000000
0.000000 0.000000 0.000000 0.000000 0.000000 0.000000 0.000000 0.000000 0.000000 0.000000 0.000000 0.000000 0.000000 0.000000 0.000000 0.000000 0.000000 0.000000 0.000000 0.000000 0.000000 0.000000 0.000000 0.000000 0.000000 0.000000 0.000000 0.000000 0.000000 0.000000
0.003505 0.003196 0.005197 0.004567 0.003464 0.003464 0.004550 0.029955 0.033212 0.025641 0.004436 0.004303 0.004584 0.029951 0.033263 0.025593 0.004440 0.004298 0.004152 0.032812 0.033523 0.027292 0.004176 0.004328 0.004145 0.032795 0.033649 0.027322 0.004206 0.004379
0.011321 0.012461 0.015722 0.011662 0.009815 0.009672 0.013778 0.036502 0.040436 0.030957 0.012458 0.011694 0.013766 0.036493 0.040402 0.030957 0.012454 0.011634 0.010204 0.039250 0.039916 0.032781 0.009550 0.009889 0.010310 0.039236 0.039977 0.032805 0.009585 0.009874
0.000488 0.000488 0.000772 0.001151 0.000972 0.000576 0.000727 0.033397 0.039295 0.029323 0.001296 0.000900 0.000731 0.033388 0.039365 0.029353 0.001304 0.000925 0.000617 0.039306 0.040273 0.032571 0.001131 0.000713 0.000625 0.039276 0.040312 0.032534 0.001123 0.000723
0.001014 0.001257 0.001619 0.001834 0.001537 0.001122 0.001647 0.036389 0.043858 0.032403 0.001978 0.001633 0.001662 0.036407 0.043910 0.032409 0.001995 0.001633 0.001090 0.043797 0.045259 0.036227 0.001628 0.001365 0.001139 0.043870 0.045236 0.036233 0.001624 0.001360
0.014797 0.015785 0.019243 0.014421 0.013105 0.013018 0.016285 0.059376 0.065895 0.050779 0.014833 0.014433 0.016322 0.059398 0.065904 0.050708 0.014906 0.014544 0.014382 0.061869 0.062911 0.051125 0.013057 0.012727 0.014401 0.061873 0.062851 0.051108 0.013044 0.012838
0.081310 0.075463 0.081127 0.072728 0.075252 0.085627 0.074531 0.092340 0.102175 0.080133 0.068594 0.077962 0.074526 0.092291 0.102097 0.080113 0.068586 0.077880 0.092407 0.088802 0.095490 0.078748 0.087497 0.099535 0.092416 0.088822 0.095526 0.078649 0.087440 0.099638
0.622027 0.601080 0.595784 0.640519 0.580305 0.616895 0.594978 0.583375 0.578000 0.621963 0.553780 0.594383 0.594843 0.583439 0.578021 0.621954 0.553770 0.594352 0.656059 0.633843 0.621501 0.666154 0.613419 0.645244 0.655952 0.633873 0.621531 0.666063 0.613406 0.645255
0.679502 0.668524 0.656917 0.696450 0.636533 0.668089 0.663436 0.671372 0.669499 0.703918 0.621973 0.659025 0.663435 0.671228 0.669536 0.704003 0.621994 0.658974 0.699863 0.728853 0.715662 0.742793 0.658442 0.684270 0.699986 0.728904 0.715532 0.742733 0.658437 0.684273
0.671402 0.631129 0.645137 0.679160 0.622997 0.665616 0.651212 0.650285 0.663827 0.689576 0.608259 0.661484 0.651308 0.650319 0.663767 0.689552 0.608225 0.661668 0.703111 0.719349 0.711259 0.736006 0.653604 0.689673 0.702983 0.719377 0.711239 0.735931 0.653629 0.689675
0.511483 0.470775 0.506704 0.551374 0.497590 0.550489 0.506944 0.486939 0.523101 0.554667 0.493867 0.555915 0.507128 0.486869 0.523255 0.554569 0.493886 0.555889 0.526412 0.522316 0.541061 0.560370 0.517378 0.558742 0.526335 0.522299 0.541211 0.560320 0.517373 0.558720
0.549143 0.510431 0.553217 0.542324 0.526775 0.575712 0.572631 0.551532 0.587569 0.571217 0.551722 0.602993 0.572744 0.551588 0.587532 0.571190 0.551723 0.602976 0.544506 0.542042 0.575515 0.564947 0.530377 0.569957 0.544443 0.542185 0.575535 0.564854 0.530338 0.569864
0.572133 0.549312 0.585967 0.572337 0.566717 0.613354 0.595879 0.581737 0.614434 0.593615 0.593763 0.641055 0.595850 0.581725 0.614375 0.593619 0.593661 0.641045 0.566259 0.555571 0.578968 0.545933 0.566143 0.604495 0.566189 0.555549 0.578829 0.545972 0.566115 0.604342
0.690518 0.694381 0.700700 0.701887 0.682237 0.723033 0.711839 0.730856 0.739481 0.729144 0.707415 0.746676 0.711793 0.730796 0.739458 0.729058 0.707409 0.746565 0.688198 0.712738 0.709223 0.705435 0.683954 0.713296 0.688198 0.712888 0.709217 0.705411 0.684007 0.713166
0.538177 0.541815 0.563208 0.552866 0.558790 0.599265 0.572802 0.611994 0.632368 0.611819 0.597343 0.634338 0.572827 0.611893 0.632358 0.611869 0.597458 0.634211 0.539386 0.575814 0.582279 0.554703 0.559205 0.592946 0.539480 0.575850 0.582332 0.554579 0.559204 0.592974
0.799885 0.811767 0.806298 0.778063 0.777460 0.801953 0.802994 0.817059 0.815963 0.777601 0.779918 0.805422 0.803024 0.816978 0.815948 0.777639 0.779877 0.805431 0.801205 0.825976 0.809440 0.778541 0.778702 0.796169 0.801237 0.826012 0.809414 0.778531 0.778703 0.796164
0.653732 0.639999 0.660619 0.629899 0.629904 0.676946 0.672266 0.673049 0.693515 0.658140 0.652730 0.698792 0.672190 0.673076 0.693564 0.658155 0.652668 0.698866 0.656540 0.659896 0.669725 0.637008 0.628741 0.673707 0.656599 0.659883 0.669688 0.636928 0.628810 0.673683
0.645222 0.634251 0.634388 0.638116 0.627995 0.682614 0.663877 0.697034 0.699427 0.688718 0.654947 0.702118 0.663910 0.696996 0.699392 0.688661 0.655017 0.702108 0.676190 0.704976 0.695590 0.694589 0.655825 0.706121 0.676151 0.704895 0.695611 0.694521 0.655716 0.706144
0.809837 0.845270 0.824913 0.806166 0.799600 0.829594 0.831735 0.870289 0.852813 0.834199 0.824543 0.853056 0.831761 0.870204 0.852816 0.834168 0.824514 0.853028 0.806822 0.852433 0.825929 0.809709 0.795940 0.822053 0.806899 0.852422 0.825918 0.809801 0.795877 0.822018
0.825980 0.856690 0.836030 0.818475 0.808811 0.844233 0.840099 0.872352 0.857982 0.835528 0.825095 0.857775 0.840128 0.872366 0.858040 0.835447 0.825083 0.857804 0.824577 0.866324 0.838876 0.822281 0.806613 0.836995 0.824535 0.866268 0.838913 0.822322 0.806681 0.837082
0.773200 0.771313 0.773269 0.762362 0.754545 0.798851 0.778000 0.800191 0.805489 0.786211 0.765002 0.805740 0.777949 0.800148 0.805473 0.786177 0.764931 0.805663 0.790320 0.820758 0.805564 0.795093 0.766958 0.805287 0.790289 0.820807 0.805538 0.795143 0.767043 0.805437
0.737716 0.720146 0.734063 0.724907 0.723501 0.772048 0.740990 0.753372 0.769438 0.755831 0.732129 0.779662 0.741018 0.753369 0.769357 0.755858 0.732097 0.779613 0.762332 0.784317 0.780488 0.770623 0.741315 0.784828 0.762292 0.784312 0.780532 0.770695 0.741397 0.784819
0.767354 0.757941 0.765982 0.754469 0.751049 0.792304 0.776272 0.781423 0.793418 0.775475 0.766563 0.806311 0.776266 0.781377 0.793494 0.775457 0.766535 0.806355 0.784859 0.800616 0.792922 0.781759 0.762686 0.800784 0.784835 0.800643 0.792944 0.781708 0.762692 0.800798
0.823682 0.842705 0.833973 0.810096 0.811092 0.837848 0.842674 0.854660 0.852700 0.824383 0.832631 0.855811 0.842796 0.854691 0.852729 0.824369 0.832712 0.855784 0.823884 0.849868 0.832908 0.810615 0.808415 0.831443 0.823786 0.849861 0.833006 0.810548 0.808508 0.831469
0.843674 0.879436 0.857940 0.831899 0.832894 0.845198 0.860960 0.892790 0.878547 0.851439 0.849302 0.858852 0.860896 0.892782 0.878583 0.851454 0.849353 0.858791 0.833811 0.876741 0.851789 0.826707 0.823060 0.830250 0.833729 0.876666 0.851769 0.826686 0.823108 0.830217
0.834395 0.852221 0.844759 0.820520 0.826853 0.849908 0.854955 0.850788 0.860349 0.830654 0.847625 0.866351 0.854917 0.850716 0.860253 0.830619 0.847675 0.866368 0.832818 0.815991 0.811451 0.787262 0.823050 0.843277 0.832777 0.815958 0.811371 0.787234 0.823012 0.843333
0.815530 0.810153 0.824189 0.798096 0.801685 0.830321 0.822718 0.822232 0.838120 0.796389 0.807497 0.836860 0.822693 0.822255 0.838184 0.796381 0.807475 0.836884 0.823731 0.838338 0.837679 0.809523 0.805453 0.830960 0.823708 0.838305 0.837697 0.809399 0.805556 0.831012
0.824435 0.818997 0.832529 0.804340 0.810427 0.834288 0.831650 0.833650 0.847830 0.802139 0.817162 0.841368 0.831588 0.833605 0.847817 0.802154 0.817187 0.841349 0.830999 0.846454 0.845763 0.815149 0.813284 0.834447 0.830920 0.846545 0.845780 0.815071 0.813402 0.834512
0.849338 0.862876 0.858668 0.831605 0.839993 0.855629 0.872452 0.881622 0.883219 0.849057 0.855729 0.871527 0.872371 0.881609 0.883157 0.849067 0.855706 0.871553 0.846438 0.876204 0.865042 0.838825 0.834748 0.848675 0.846340 0.876240 0.865036 0.838774 0.834790 0.848724
0.858332 0.891671 0.876839 0.850665 0.848924 0.855894 0.867257 0.906717 0.895517 0.861462 0.851569 0.864102 0.867357 0.906703 0.895515 0.861427 0.851550 0.864084 0.844848 0.889262 0.872472 0.843624 0.836770 0.840280 0.844929 0.889244 0.872480 0.843617 0.836862 0.840243
0.766883 0.758588 0.763009 0.743724 0.774325 0.787771 0.812929 0.822578 0.840773 0.814971 0.813589 0.826029 0.812924 0.822588 0.840761 0.814972 0.813525 0.825979 0.778677 0.807958 0.807833 0.787454 0.783136 0.799498 0.778620 0.807843 0.807800 0.787413 0.783200 0.799473
0.831736 0.871223 0.857646 0.797062 0.812039 0.820587 0.822619 0.864711 0.855019 0.767969 0.798172 0.806844 0.822606 0.864750 0.855059 0.768019 0.798175 0.806887 0.824481 0.868522 0.849837 0.788718 0.804648 0.808622 0.824511 0.868548 0.849879 0.788668 0.804688 0.808537
0.849288 0.874338 0.866279 0.826022 0.829637 0.844142 0.850737 0.874548 0.867390 0.806374 0.829897 0.844793 0.850803 0.874559 0.867438 0.806455 0.829890 0.844847 0.842991 0.874293 0.858096 0.813971 0.822627 0.834352 0.843040 0.874260 0.858068 0.813888 0.822588 0.834390
0.820369 0.832584 0.826579 0.808648 0.810069 0.831696 0.846778 0.862047 0.863960 0.836134 0.836406 0.854760 0.846808 0.862068 0.863879 0.836124 0.836420 0.854760 0.821661 0.856685 0.843060 0.822945 0.808907 0.828698 0.821624 0.856710 0.843093 0.822855 0.808929 0.828670
0.802651 0.817771 0.810803 0.797884 0.796247 0.820697 0.834069 0.859832 0.858624 0.836526 0.828459 0.848497 0.834131 0.859867 0.858593 0.836520 0.828429 0.848533 0.806401 0.849451 0.833845 0.817784 0.797318 0.819598 0.806373 0.849456 0.833918 0.817733 0.797431 0.819633
0.852059 0.877382 0.865054 0.844902 0.841997 0.863919 0.869607 0.890170 0.884214 0.852550 0.858518 0.878468 0.869570 0.890124 0.884194 0.852571 0.858526 0.878418 0.845963 0.882796 0.866289 0.839525 0.835053 0.853859 0.845999 0.882796 0.866297 0.839453 0.835094 0.853726
0.859097 0.895678 0.877675 0.849673 0.844214 0.860220 0.866660 0.895831 0.877700 0.823929 0.842906 0.863856 0.866649 0.895809 0.877683 0.824000 0.842878 0.863819 0.846723 0.884369 0.861687 0.821728 0.833357 0.842243 0.846693 0.884333 0.861706 0.821736 0.833323 0.842314
0.854018 0.895495 0.874636 0.838806 0.836879 0.848396 0.851072 0.890460 0.867043 0.791567 0.822909 0.845551 0.851062 0.890486 0.867043 0.791585 0.822841 0.845508 0.839828 0.879645 0.854192 0.806313 0.824828 0.828901 0.839810 0.879656 0.854233 0.806275 0.824811 0.828952
0.856802 0.891350 0.874825 0.842363 0.839748 0.854962 0.858681 0.890327 0.873506 0.808300 0.831000 0.855036 0.858590 0.890294 0.873564 0.808274 0.831050 0.855101 0.845427 0.882175 0.859607 0.816703 0.829617 0.838561 0.845355 0.882155 0.859619 0.816697 0.829653 0.838585
0.855108 0.878790 0.869536 0.841697 0.839642 0.860282 0.862827 0.883001 0.876782 0.831808 0.841178 0.865341 0.862859 0.882940 0.876808 0.831871 0.841161 0.865313 0.849303 0.880218 0.863608 0.829700 0.833010 0.848874 0.849359 0.880192 0.863628 0.829725 0.832992 0.848858
0.850674 0.868645 0.864281 0.836893 0.836894 0.860848 0.862879 0.875374 0.875735 0.838057 0.845819 0.868138 0.862865 0.875390 0.875726 0.838077 0.845809 0.868135 0.849230 0.875771 0.864011 0.832821 0.833160 0.853129 0.849234 0.875763 0.863975 0.832783 0.833147 0.853146
0.855587 0.876232 0.869403 0.840920 0.843044 0.866398 0.869633 0.883939 0.881838 0.845994 0.854038 0.872908 0.869546 0.883942 0.881811 0.846019 0.854088 0.872896 0.853346 0.880907 0.867472 0.836711 0.837692 0.857048 0.853289 0.880922 0.867470 0.836677 0.837761 0.856999
0.863723 0.894252 0.877536 0.849768 0.849349 0.865482 0.877305 0.899604 0.889044 0.854591 0.857792 0.872126 0.877377 0.899593 0.889018 0.854648 0.857773 0.872205 0.856065 0.889398 0.869529 0.838145 0.840648 0.852203 0.856054 0.889382 0.869489 0.838179 0.840662 0.852189
0.847143 0.893686 0.874136 0.841842 0.836216 0.848921 0.851952 0.897482 0.882402 0.841224 0.838557 0.852088 0.851985 0.897466 0.882389 0.841200 0.838561 0.852018 0.833093 0.883591 0.861447 0.824805 0.823655 0.830572 0.833105 0.883516 0.861468 0.824817 0.823637 0.830628
0.864774 0.893755 0.878718 0.850273 0.851524 0.867766 0.879634 0.902188 0.890913 0.857508 0.860916 0.875720 0.879621 0.902232 0.890909 0.857545 0.860938 0.875765 0.857197 0.889428 0.869937 0.839542 0.843280 0.855441 0.857166 0.889419 0.869867 0.839552 0.843306 0.855475
0.857091 0.873022 0.870357 0.839885 0.849240 0.871980 0.874396 0.888182 0.885168 0.850606 0.863668 0.882374 0.874396 0.888192 0.885152 0.850570 0.863694 0.882409 0.857564 0.884547 0.870773 0.841754 0.845582 0.866754 0.857579 0.884507 0.870720 0.841704 0.845621 0.866764
0.867926 0.887459 0.880649 0.852582 0.857497 0.879508 0.884864 0.898755 0.890604 0.851085 0.866475 0.887139 0.884826 0.898785 0.890623 0.850982 0.866437 0.887110 0.864886 0.892906 0.876076 0.844509 0.851919 0.870386 0.864869 0.892899 0.876039 0.844407 0.851989 0.870343
0.867956 0.905379 0.889884 0.857722 0.851463 0.867969 0.866832 0.903744 0.884692 0.828512 0.839600 0.866928 0.866912 0.903831 0.884644 0.828491 0.839615 0.866917 0.854285 0.892912 0.869804 0.828701 0.838973 0.850259 0.854162 0.892925 0.869797 0.828687 0.838986 0.850353
0.879559 0.898359 0.891006 0.861051 0.862100 0.883313 0.890000 0.902040 0.888910 0.833052 0.857390 0.885257 0.889992 0.902063 0.888863 0.833063 0.857368 0.885246 0.873441 0.895652 0.876058 0.837697 0.854599 0.871636 0.873389 0.895616 0.876036 0.837675 0.854532 0.871649
0.869867 0.878258 0.882371 0.848122 0.858015 0.878509 0.880077 0.890385 0.885529 0.827046 0.856212 0.881146 0.880072 0.890415 0.885531 0.827038 0.856271 0.881225 0.869654 0.890065 0.876068 0.838650 0.853671 0.874058 0.869641 0.890081 0.876112 0.838584 0.853654 0.874032
0.888258 0.903872 0.898029 0.864455 0.864508 0.884110 0.889980 0.909207 0.895769 0.835331 0.851657 0.880603 0.889980 0.909159 0.895735 0.835297 0.851673 0.880557 0.880954 0.900678 0.882589 0.845203 0.857049 0.872677 0.880935 0.900722 0.882630 0.845095 0.857046 0.872724
0.883619 0.913947 0.905571 0.872316 0.865083 0.887868 0.872853 0.912624 0.897321 0.830199 0.842778 0.878036 0.872839 0.912664 0.897308 0.830199 0.842808 0.878041 0.871631 0.905881 0.887331 0.846332 0.853819 0.874280 0.871640 0.905865 0.887336 0.846334 0.853802 0.874331
0.895366 0.896487 0.894783 0.871591 0.882775 0.899849 0.908075 0.914236 0.909012 0.862152 0.878575 0.906876 0.907989 0.914196 0.909023 0.862198 0.878592 0.906881 0.892022 0.907298 0.897040 0.868182 0.878331 0.897935 0.892064 0.907340 0.897068 0.868164 0.878352 0.897961
0.873470 0.911532 0.902760 0.861983 0.856579 0.877009 0.862185 0.907989 0.896032 0.831330 0.834952 0.864344 0.862151 0.907963 0.896030 0.831288 0.834931 0.864381 0.860597 0.905262 0.888290 0.841627 0.844182 0.862684 0.860596 0.905250 0.888306 0.841641 0.844131 0.862676
0.882162 0.881638 0.891470 0.856944 0.873878 0.888046 0.895712 0.902297 0.901629 0.851368 0.866612 0.888884 0.895714 0.902257 0.901600 0.851338 0.866595 0.888888 0.883524 0.898342 0.890359 0.855419 0.870935 0.886489 0.883473 0.898362 0.890372 0.855450 0.870876 0.886495
0.901638 0.907725 0.909060 0.881383 0.885841 0.904917 0.899923 0.918235 0.910086 0.860757 0.870951 0.901790 0.899932 0.918183 0.910101 0.860742 0.870927 0.901702 0.896804 0.909342 0.899786 0.867926 0.880166 0.900094 0.896852 0.909346 0.899763 0.867923 0.880221 0.900045
0.874790 0.909428 0.901678 0.866775 0.865383 0.885133 0.860302 0.904817 0.895711 0.828750 0.841626 0.874108 0.860256 0.904789 0.895669 0.828799 0.841668 0.874100 0.860896 0.902453 0.889367 0.842439 0.853753 0.872106 0.860911 0.902474 0.889339 0.842493 0.853740 0.872122
0.863233 0.855184 0.858415 0.827652 0.860733 0.870870 0.887121 0.891629 0.900741 0.852807 0.872262 0.888821 0.887106 0.891620 0.900689 0.852814 0.872284 0.888778 0.866280 0.892696 0.892007 0.862802 0.861733 0.876104 0.866305 0.892736 0.892020 0.862856 0.861712 0.876125
0.875097 0.904257 0.891814 0.846083 0.847465 0.859221 0.861301 0.907860 0.889295 0.815644 0.823884 0.846967 0.861269 0.907910 0.889296 0.815637 0.823877 0.846945 0.863547 0.898787 0.880540 0.832165 0.837589 0.845903 0.863657 0.898788 0.880587 0.832122 0.837586 0.845982
0.878575 0.899099 0.892159 0.849832 0.855758 0.868709 0.875902 0.903427 0.891880 0.827579 0.839177 0.861323 0.875952 0.903426 0.891871 0.827518 0.839182 0.861283 0.871053 0.897908 0.881922 0.838018 0.847288 0.857367 0.871071 0.897907 0.881898 0.838009 0.847312 0.857370
0.873403 0.867695 0.872467 0.847781 0.871433 0.884336 0.891656 0.893498 0.902204 0.858434 0.880744 0.897952 0.891646 0.893461 0.902216 0.858475 0.880753 0.898065 0.875970 0.894335 0.894819 0.864917 0.871159 0.888286 0.875984 0.894364 0.894797 0.864926 0.871162 0.888267
0.873975 0.873963 0.863377 0.841099 0.867587 0.875680 0.905168 0.910330 0.914868 0.872414 0.886124 0.900140 0.905197 0.910335 0.914857 0.872422 0.886206 0.900180 0.870476 0.904132 0.900920 0.873885 0.864381 0.874754 0.870504 0.904142 0.900844 0.873945 0.864425 0.874698
0.850773 0.898971 0.885842 0.843023 0.838503 0.852352 0.836405 0.891202 0.876503 0.803394 0.817557 0.841114 0.836357 0.891207 0.876517 0.803447 0.817566 0.841098 0.834764 0.886360 0.867195 0.813893 0.824329 0.833895 0.834718 0.886265 0.867198 0.813864 0.824292 0.833869
0.883696 0.905839 0.899523 0.867520 0.866854 0.882524 0.885387 0.909084 0.896376 0.837624 0.853364 0.878001 0.885395 0.909112 0.896447 0.837607 0.853366 0.877970 0.872084 0.900648 0.884887 0.845166 0.856234 0.869406 0.872142 0.900664 0.884882 0.845192 0.856185 0.869375
0.874229 0.874506 0.882671 0.856866 0.870808 0.889368 0.886661 0.892815 0.897763 0.848186 0.873116 0.896166 0.886596 0.892802 0.897710 0.848162 0.873114 0.896240 0.876717 0.893192 0.890586 0.857255 0.870204 0.890354 0.876723 0.893199 0.890572 0.857264 0.870232 0.890335
0.855263 0.849157 0.854869 0.830289 0.853329 0.867672 0.876366 0.882376 0.892206 0.847131 0.865899 0.884566 0.876393 0.882377 0.892205 0.847193 0.865879 0.884575 0.859982 0.884525 0.886507 0.855800 0.855236 0.874137 0.860099 0.884541 0.886462 0.855750 0.855185 0.874107
0.881894 0.891458 0.895228 0.866584 0.871719 0.895173 0.886264 0.899119 0.899050 0.842059 0.863872 0.893998 0.886271 0.899110 0.899066 0.842013 0.863860 0.894019 0.879852 0.898388 0.889958 0.855610 0.867087 0.890934 0.879807 0.898410 0.889972 0.855573 0.867047 0.890966
0.878077 0.907386 0.898351 0.862975 0.858716 0.879402 0.871175 0.906253 0.892662 0.819802 0.838224 0.867547 0.871150 0.906251 0.892686 0.819754 0.838281 0.867623 0.864630 0.898452 0.880733 0.839097 0.847348 0.863480 0.864617 0.898448 0.880740 0.839096 0.847362 0.863528
0.868610 0.906077 0.894064 0.856957 0.851000 0.868638 0.858462 0.904855 0.888634 0.813272 0.827778 0.856653 0.858415 0.904828 0.888598 0.813252 0.827768 0.856618 0.852557 0.895279 0.876118 0.832150 0.837200 0.849348 0.852537 0.895285 0.876083 0.832212 0.837107 0.849318
0.877796 0.907353 0.899987 0.871849 0.867938 0.885354 0.877887 0.910493 0.900189 0.842358 0.852580 0.881865 0.877869 0.910469 0.900196 0.842372 0.852570 0.881839 0.863732 0.901083 0.886236 0.850442 0.855358 0.869775 0.863700 0.901059 0.886245 0.850518 0.855387 0.869821
0.883725 0.902272 0.893883 0.874037 0.878261 0.893380 0.895712 0.912295 0.909612 0.867450 0.876223 0.899639 0.895735 0.912295 0.909556 0.867411 0.876264 0.899634 0.873260 0.903812 0.894458 0.865840 0.869913 0.883722 0.873303 0.903805 0.894410 0.865898 0.869908 0.883810
0.883068 0.900532 0.895287 0.873494 0.876016 0.893919 0.895926 0.910763 0.906948 0.866038 0.876088 0.898538 0.895987 0.910773 0.906933 0.866035 0.876098 0.898611 0.874367 0.902948 0.891940 0.863413 0.868381 0.883731 0.874388 0.902954 0.892003 0.863450 0.868328 0.883801
0.882062 0.901071 0.894735 0.867918 0.869501 0.885959 0.890937 0.908897 0.901013 0.854543 0.867500 0.887052 0.890954 0.908942 0.900959 0.854470 0.867450 0.887025 0.872803 0.901136 0.887635 0.853751 0.860630 0.873940 0.872727 0.901111 0.887677 0.853687 0.860668 0.873999
0.882714 0.901042 0.895160 0.865985 0.868167 0.882965 0.890063 0.907680 0.898636 0.846204 0.864491 0.883716 0.890056 0.907693 0.898635 0.846220 0.864530 0.883743 0.874111 0.900953 0.886567 0.849870 0.859670 0.872338 0.874138 0.900938 0.886644 0.849886 0.859726 0.872286
0.886450 0.899773 0.897679 0.869116 0.873139 0.890639 0.893614 0.906932 0.899326 0.843375 0.867950 0.890592 0.893661 0.906923 0.899353 0.843360 0.867975 0.890659 0.880724 0.902043 0.889047 0.851704 0.865554 0.881682 0.880815 0.902070 0.888962 0.851744 0.865487 0.881610
0.889291 0.898252 0.899607 0.873988 0.880889 0.899894 0.899341 0.908251 0.904031 0.845653 0.875827 0.902143 0.899357 0.908272 0.904031 0.845636 0.875910 0.902197 0.886339 0.905304 0.895285 0.859923 0.875789 0.894647 0.886373 0.905277 0.895306 0.859869 0.875803 0.894699
0.894254 0.902311 0.899569 0.877336 0.885083 0.902067 0.902649 0.912146 0.906895 0.843189 0.875276 0.906295 0.902651 0.912142 0.906876 0.843220 0.875291 0.906323 0.889250 0.908489 0.900194 0.864256 0.879303 0.897849 0.889274 0.908450 0.900242 0.864235 0.879272 0.897863
0.896843 0.912542 0.909592 0.882591 0.881715 0.902936 0.888848 0.913134 0.902183 0.824752 0.858494 0.897340 0.888898 0.913113 0.902178 0.824764 0.858475 0.897315 0.887410 0.908819 0.897562 0.854171 0.873537 0.893601 0.887408 0.908860 0.897513 0.854151 0.873540 0.893619
0.898296 0.913092 0.912549 0.882938 0.880487 0.902116 0.889580 0.914568 0.902825 0.823989 0.856402 0.894466 0.889557 0.914580 0.902832 0.823954 0.856454 0.894456 0.890079 0.909883 0.898609 0.855453 0.872094 0.893203 0.889998 0.909906 0.898605 0.855433 0.872115 0.893211
0.894489 0.895763 0.902807 0.871917 0.883138 0.899629 0.901126 0.912147 0.908656 0.841417 0.870906 0.899968 0.901123 0.912141 0.908685 0.841446 0.870922 0.899956 0.893418 0.908327 0.902706 0.863847 0.879045 0.896835 0.893418 0.908313 0.902711 0.863917 0.879051 0.896803
0.899228 0.898025 0.904478 0.875899 0.885058 0.900658 0.903126 0.916158 0.911696 0.847986 0.872165 0.901259 0.903108 0.916135 0.911714 0.847962 0.872173 0.901297 0.897592 0.910288 0.905614 0.868127 0.881083 0.897969 0.897654 0.910334 0.905658 0.868039 0.881081 0.897969
0.889482 0.914938 0.912545 0.878238 0.873452 0.896904 0.873599 0.912495 0.904326 0.831709 0.848740 0.884300 0.873559 0.912444 0.904294 0.831721 0.848765 0.884284 0.879658 0.910043 0.900489 0.854700 0.863954 0.886653 0.879639 0.910067 0.900516 0.854727 0.863951 0.886554
0.898647 0.887332 0.889374 0.870975 0.889061 0.898724 0.912415 0.916790 0.918526 0.869797 0.887576 0.911183 0.912411 0.916798 0.918522 0.869856 0.887606 0.911212 0.898750 0.907905 0.906357 0.879860 0.888244 0.900708 0.898702 0.907920 0.906348 0.879852 0.888257 0.900661
0.903175 0.911862 0.914020 0.886365 0.889484 0.908355 0.895199 0.919383 0.913718 0.847664 0.867880 0.902562 0.895241 0.919419 0.913692 0.847697 0.867907 0.902567 0.897528 0.914385 0.909852 0.871835 0.883553 0.902816 0.897518 0.914376 0.909898 0.871809 0.883541 0.902864
0.904428 0.910340 0.913373 0.884684 0.887244 0.906273 0.897875 0.918641 0.910685 0.838773 0.865863 0.898850 0.897833 0.918612 0.910692 0.838813 0.865901 0.898869 0.899976 0.914746 0.908157 0.866880 0.881979 0.901439 0.899981 0.914722 0.908119 0.866892 0.881955 0.901368
0.890526 0.881441 0.894371 0.863384 0.886287 0.897449 0.903998 0.909231 0.910203 0.840371 0.877454 0.901274 0.904049 0.909171 0.910202 0.840368 0.877498 0.901301 0.893175 0.904349 0.905413 0.865188 0.885159 0.898893 0.893214 0.904320 0.905407 0.865174 0.885137 0.898875
0.905949 0.914011 0.917899 0.885570 0.889516 0.909525 0.894210 0.917982 0.909085 0.829530 0.863313 0.898603 0.894217 0.917997 0.909129 0.829493 0.863270 0.898555 0.900330 0.915567 0.908508 0.864051 0.883320 0.904462 0.900369 0.915531 0.908552 0.864086 0.883292 0.904372
0.911971 0.905701 0.907622 0.883185 0.899411 0.909652 0.909353 0.919824 0.917988 0.845369 0.881903 0.910353 0.909412 0.919820 0.917984 0.845432 0.881919 0.910381 0.910601 0.914928 0.914637 0.873615 0.896918 0.908812 0.910598 0.914916 0.914628 0.873633 0.896926 0.908856
0.910518 0.909145 0.913526 0.884023 0.894254 0.910749 0.900376 0.919286 0.912411 0.837881 0.871364 0.904118 0.900379 0.919278 0.912409 0.837868 0.871433 0.904106 0.907225 0.915413 0.911256 0.868149 0.890193 0.908856 0.907256 0.915381 0.911256 0.868234 0.890220 0.908867
0.907896 0.900188 0.908545 0.878039 0.892976 0.907237 0.903266 0.917008 0.911338 0.839796 0.874178 0.904341 0.903199 0.917041 0.911361 0.839837 0.874159 0.904353 0.906247 0.911897 0.910490 0.865903 0.890073 0.906319 0.906249 0.911877 0.910489 0.865899 0.890089 0.906331
0.912624 0.908408 0.910787 0.884729 0.896843 0.911108 0.904478 0.919993 0.915766 0.845398 0.877751 0.908138 0.904473 0.919994 0.915748 0.845427 0.877795 0.908118 0.910124 0.915529 0.914068 0.872397 0.893909 0.910044 0.910191 0.915522 0.914040 0.872393 0.893954 0.910066
0.912561 0.910472 0.909535 0.884628 0.898390 0.910436 0.905487 0.920864 0.918368 0.848472 0.879861 0.908871 0.905520 0.920890 0.918363 0.848470 0.879866 0.908943 0.909031 0.917010 0.915717 0.874684 0.894673 0.907777 0.909045 0.917004 0.915701 0.874756 0.894775 0.907779
0.910223 0.905048 0.910083 0.883591 0.896727 0.910786 0.907944 0.918864 0.915791 0.846348 0.879768 0.908214 0.907906 0.918860 0.915756 0.846357 0.879774 0.908224 0.908498 0.914176 0.913625 0.872191 0.894214 0.910335 0.908525 0.914222 0.913628 0.872236 0.894214 0.910315
0.908563 0.906116 0.913053 0.883054 0.894149 0.910008 0.903902 0.918226 0.913236 0.842484 0.874290 0.903955 0.903912 0.918239 0.913234 0.842523 0.874313 0.903954 0.905660 0.914726 0.911820 0.869283 0.890863 0.908046 0.905676 0.914727 0.911782 0.869323 0.890854 0.907995
0.910155 0.901623 0.906362 0.881081 0.899575 0.909187 0.911956 0.918892 0.920556 0.854408 0.886471 0.911119 0.912013 0.918924 0.920570 0.854437 0.886478 0.911128 0.909536 0.913515 0.915610 0.875609 0.898094 0.909310 0.909508 0.913464 0.915639 0.875578 0.898022 0.909314
0.909114 0.914981 0.918764 0.887014 0.896204 0.911394 0.895631 0.919544 0.916989 0.843646 0.871949 0.902696 0.895601 0.919552 0.916995 0.843629 0.871950 0.902714 0.904171 0.916218 0.915023 0.869826 0.890847 0.907977 0.904231 0.916236 0.915015 0.869870 0.890839 0.908014
0.879640 0.856556 0.867606 0.839549 0.883141 0.883103 0.903770 0.900240 0.911216 0.855199 0.891151 0.900520 0.903785 0.900249 0.911221 0.855198 0.891170 0.900492 0.887615 0.889276 0.899762 0.865710 0.887731 0.890605 0.887545 0.889305 0.899806 0.865693 0.887703 0.890607
0.860307 0.903219 0.898119 0.854258 0.848847 0.865263 0.847381 0.895673 0.882892 0.805221 0.827413 0.851305 0.847418 0.895669 0.882863 0.805199 0.827382 0.851321 0.845117 0.891671 0.878611 0.821476 0.835386 0.848246 0.845135 0.891644 0.878633 0.821497 0.835444 0.848222
0.903552 0.895731 0.898398 0.874966 0.897313 0.904667 0.914136 0.916701 0.921560 0.870755 0.897076 0.913020 0.914118 0.916681 0.921582 0.870770 0.897076 0.913076 0.904430 0.911205 0.913979 0.878857 0.897055 0.905134 0.904398 0.911206 0.914054 0.878869 0.897084 0.905169
0.776849 0.758446 0.758189 0.713485 0.784770 0.784692 0.851110 0.856989 0.863064 0.831072 0.855959 0.850687 0.851115 0.856959 0.863092 0.831037 0.856003 0.850674 0.783760 0.824771 0.817743 0.787524 0.788937 0.791125 0.783779 0.824779 0.817762 0.787490 0.788964 0.791100
0.887913 0.895825 0.895653 0.868506 0.876149 0.897332 0.898438 0.909712 0.908014 0.862926 0.880099 0.898989 0.898407 0.909740 0.908007 0.862910 0.880099 0.898974 0.886949 0.906399 0.899360 0.863991 0.873108 0.893143 0.886924 0.906445 0.899387 0.863971 0.873078 0.893136
0.863425 0.860562 0.865841 0.841572 0.863203 0.884984 0.885505 0.886665 0.896181 0.857318 0.879802 0.895532 0.885513 0.886630 0.896182 0.857352 0.879806 0.895507 0.871440 0.884756 0.887518 0.855709 0.866489 0.888809 0.871363 0.884735 0.887552 0.855760 0.866463 0.888799
0.748160 0.732065 0.729612 0.692651 0.761099 0.766334 0.819889 0.819475 0.824615 0.796282 0.826747 0.832783 0.819927 0.819510 0.824655 0.796317 0.826759 0.832779 0.766467 0.790842 0.787348 0.760895 0.775343 0.784167 0.766439 0.790826 0.787332 0.760895 0.775392 0.784291
0.674895 0.682164 0.678919 0.617254 0.706978 0.701056 0.788753 0.796882 0.789583 0.748332 0.792961 0.796457 0.788826 0.796914 0.789651 0.748249 0.793000 0.796491 0.685056 0.739155 0.720622 0.676008 0.713479 0.710263 0.685045 0.739132 0.720666 0.675992 0.713432 0.710304
0.851783 0.857640 0.838938 0.821604 0.847464 0.866742 0.883582 0.893687 0.888108 0.868160 0.878692 0.895951 0.883554 0.893654 0.888083 0.868173 0.878681 0.895953 0.854689 0.876177 0.858601 0.844189 0.848966 0.868826 0.854677 0.876205 0.858639 0.844254 0.849001 0.868902
0.801035 0.785985 0.779836 0.751115 0.802772 0.819950 0.850276 0.844068 0.842539 0.821784 0.852275 0.868571 0.850287 0.844119 0.842523 0.821790 0.852236 0.868590 0.817413 0.819648 0.814681 0.789215 0.815576 0.835627 0.817359 0.819698 0.814691 0.789232 0.815492 0.835610
0.626850 0.604421 0.610992 0.554521 0.641642 0.655230 0.720578 0.701733 0.712805 0.672244 0.734341 0.744824 0.720523 0.701789 0.712832 0.672274 0.734340 0.744840 0.655055 0.643606 0.645112 0.607665 0.666780 0.680707 0.655073 0.643563 0.645121 0.607631 0.666823 0.680714
0.626165 0.597626 0.604579 0.552603 0.634246 0.653499 0.715260 0.693632 0.705981 0.669496 0.727432 0.741007 0.715168 0.693666 0.705965 0.669418 0.727416 0.740926 0.653945 0.634837 0.638333 0.603817 0.660984 0.679474 0.653836 0.634791 0.638363 0.603737 0.660985 0.679442
0.759500 0.731434 0.737860 0.707741 0.759245 0.782694 0.804135 0.789441 0.803723 0.776578 0.812212 0.833750 0.804094 0.789492 0.803734 0.776462 0.812235 0.833750 0.783406 0.765677 0.770098 0.748893 0.780379 0.805644 0.783396 0.765656 0.770108 0.748871 0.780354 0.805663
0.813801 0.802060 0.798957 0.770573 0.812073 0.836961 0.850233 0.849638 0.854384 0.828819 0.850413 0.874151 0.850232 0.849604 0.854409 0.828798 0.850416 0.874257 0.828442 0.826295 0.821087 0.801627 0.822635 0.849412 0.828453 0.826313 0.821017 0.801661 0.822621 0.849431
0.751529 0.749272 0.746329 0.696096 0.759053 0.777577 0.830522 0.835372 0.829334 0.810510 0.828618 0.848070 0.830486 0.835337 0.829370 0.810448 0.828559 0.848002 0.751677 0.781567 0.772991 0.730400 0.761642 0.777625 0.751640 0.781471 0.772963 0.730316 0.761606 0.777720
0.674371 0.680740 0.685926 0.615046 0.702876 0.704263 0.782491 0.804569 0.798049 0.770794 0.790178 0.803555 0.782453 0.804624 0.798112 0.770793 0.790211 0.803540 0.677781 0.734164 0.729000 0.670936 0.708022 0.705966 0.677868 0.734195 0.728948 0.670979 0.708002 0.706011
0.754969 0.738821 0.735360 0.695521 0.759761 0.775855 0.819567 0.835184 0.836163 0.814815 0.827101 0.840160 0.819513 0.835228 0.836178 0.814882 0.827150 0.840131 0.771463 0.806744 0.798127 0.777547 0.773188 0.791938 0.771404 0.806769 0.798111 0.777627 0.773156 0.791931
0.798230 0.784184 0.791639 0.765869 0.805885 0.827025 0.838649 0.847265 0.855407 0.829292 0.846315 0.864420 0.838598 0.847302 0.855471 0.829297 0.846293 0.864364 0.816414 0.841362 0.841645 0.820587 0.820612 0.844129 0.816343 0.841354 0.841704 0.820680 0.820678 0.844196
0.807927 0.794910 0.801905 0.777689 0.815051 0.835994 0.846099 0.852716 0.860815 0.834052 0.852618 0.869810 0.846079 0.852751 0.860770 0.834053 0.852635 0.869863 0.823922 0.848181 0.847221 0.827545 0.827781 0.851976 0.823900 0.848144 0.847246 0.827629 0.827802 0.851966
0.807664 0.795228 0.794149 0.768694 0.815468 0.829572 0.854125 0.859919 0.865703 0.839694 0.859441 0.871299 0.854112 0.859926 0.865749 0.839724 0.859472 0.871235 0.822093 0.847791 0.843711 0.823989 0.827353 0.844362 0.822090 0.847754 0.843699 0.824000 0.827279 0.844426
0.802249 0.794657 0.781511 0.747184 0.808856 0.815331 0.864514 0.868828 0.867363 0.844079 0.863781 0.871179 0.864461 0.868837 0.867386 0.844118 0.863783 0.871179 0.812647 0.842015 0.828062 0.806260 0.815863 0.825013 0.812672 0.842050 0.828048 0.806262 0.815887 0.824917
0.830424 0.826446 0.809297 0.776349 0.830144 0.838254 0.887238 0.886284 0.883195 0.859672 0.880935 0.885669 0.887220 0.886310 0.883185 0.859723 0.880939 0.885680 0.833365 0.851953 0.832569 0.811619 0.831800 0.840921 0.833268 0.851991 0.832560 0.811660 0.831781 0.840911
0.868637 0.862659 0.849323 0.828564 0.863744 0.872883 0.903991 0.899323 0.901611 0.874724 0.895314 0.904115 0.903989 0.899337 0.901584 0.874715 0.895327 0.904106 0.872562 0.877452 0.862416 0.845308 0.864861 0.875557 0.872538 0.877452 0.862392 0.845357 0.864907 0.875430
0.863371 0.849093 0.845651 0.822664 0.863957 0.872880 0.899242 0.888496 0.897030 0.865992 0.893924 0.900292 0.899217 0.888500 0.897040 0.865981 0.893984 0.900226 0.872409 0.871610 0.866186 0.843720 0.868507 0.880236 0.872470 0.871644 0.866210 0.843692 0.868524 0.880210
0.846311 0.827781 0.829723 0.804048 0.852654 0.858719 0.885363 0.873968 0.887469 0.852538 0.886061 0.888482 0.885359 0.873948 0.887426 0.852557 0.886080 0.888455 0.857836 0.856986 0.857993 0.833710 0.860205 0.869458 0.857812 0.857026 0.857925 0.833770 0.860211 0.869444
0.860155 0.841771 0.843550 0.818436 0.864649 0.868375 0.898647 0.888469 0.901778 0.865915 0.894164 0.896938 0.898617 0.888465 0.901746 0.865908 0.894127 0.896947 0.870388 0.873025 0.874819 0.849202 0.870192 0.876725 0.870414 0.872972 0.874852 0.849187 0.870240 0.876726
0.883500 0.870480 0.864349 0.846850 0.877798 0.883500 0.912891 0.910517 0.918092 0.882861 0.900544 0.908627 0.912891 0.910521 0.918091 0.882871 0.900543 0.908627 0.885189 0.896721 0.891335 0.868906 0.877466 0.884534 0.885162 0.896775 0.891354 0.868984 0.877441 0.884525
0.856241 0.839379 0.830510 0.809311 0.852744 0.854466 0.906529 0.906771 0.913164 0.880465 0.894349 0.898173 0.906532 0.906771 0.913182 0.880499 0.894315 0.898082 0.854137 0.880851 0.870953 0.851838 0.848903 0.852508 0.854099 0.880813 0.870941 0.851908 0.848913 0.852499
0.853061 0.831238 0.826953 0.806984 0.854778 0.854192 0.903079 0.901124 0.910532 0.876904 0.895190 0.894980 0.903076 0.901140 0.910597 0.876885 0.895231 0.894936 0.857944 0.884744 0.882612 0.860478 0.856424 0.857862 0.857976 0.884770 0.882668 0.860477 0.856381 0.857841
0.882628 0.863713 0.869678 0.849103 0.882499 0.886294 0.910176 0.906625 0.916774 0.874613 0.899000 0.908557 0.910125 0.906595 0.916770 0.874637 0.898984 0.908624 0.889843 0.898951 0.904947 0.875759 0.886053 0.892387 0.889748 0.898964 0.905005 0.875840 0.886104 0.892388
0.882353 0.864049 0.867782 0.848385 0.881957 0.885926 0.910264 0.906380 0.916057 0.876639 0.898948 0.908213 0.910285 0.906379 0.916067 0.876619 0.899001 0.908196 0.889458 0.898330 0.902612 0.875660 0.885378 0.891390 0.889512 0.898358 0.902605 0.875690 0.885303 0.891352
0.861296 0.841703 0.835936 0.817207 0.862035 0.861280 0.906640 0.901434 0.908519 0.876864 0.896365 0.897532 0.906612 0.901393 0.908524 0.876867 0.896394 0.897506 0.866700 0.883160 0.880122 0.860402 0.864349 0.865475 0.866620 0.883169 0.880042 0.860373 0.864345 0.865432
0.883243 0.866774 0.859776 0.844357 0.878123 0.880432 0.915576 0.910428 0.916620 0.882737 0.900731 0.907710 0.915590 0.910433 0.916620 0.882745 0.900745 0.907715 0.886026 0.893745 0.889728 0.870201 0.879380 0.882688 0.886004 0.893725 0.889747 0.870241 0.879387 0.882703
0.885854 0.864982 0.867530 0.848641 0.883841 0.886717 0.913849 0.906129 0.914768 0.880853 0.899152 0.909898 0.913827 0.906137 0.914809 0.880868 0.899157 0.909870 0.892870 0.890923 0.892113 0.870777 0.886848 0.893300 0.892879 0.890881 0.892174 0.870811 0.886919 0.893255
0.879110 0.856102 0.861704 0.840572 0.880089 0.882165 0.910717 0.900281 0.910961 0.876873 0.897572 0.906126 0.910693 0.900280 0.910955 0.876883 0.897581 0.906093 0.887790 0.883541 0.886822 0.864694 0.885077 0.889479 0.887767 0.883555 0.886847 0.864695 0.885061 0.889528
0.894454 0.876400 0.873553 0.857113 0.886971 0.890809 0.917866 0.913933 0.919898 0.883697 0.900761 0.913920 0.917847 0.913934 0.919907 0.883733 0.900752 0.913921 0.898043 0.898871 0.898910 0.877229 0.888654 0.894245 0.898073 0.898893 0.898861 0.877199 0.888643 0.894251
0.865158 0.840361 0.834895 0.814447 0.862626 0.859933 0.911961 0.903803 0.911373 0.878819 0.897931 0.901456 0.911994 0.903761 0.911361 0.878856 0.897942 0.901414 0.869552 0.881003 0.876453 0.857442 0.863766 0.863934 0.869524 0.881002 0.876458 0.857481 0.863764 0.863909
0.894879 0.875831 0.874490 0.857597 0.887880 0.891068 0.918085 0.913533 0.920784 0.878633 0.901530 0.914126 0.918095 0.913534 0.920793 0.878686 0.901560 0.914103 0.898823 0.903257 0.908076 0.879242 0.889848 0.895273 0.898816 0.903232 0.908071 0.879217 0.889851 0.895223
0.876785 0.853841 0.858696 0.836623 0.878978 0.879405 0.911225 0.900951 0.912913 0.870251 0.899284 0.905024 0.911269 0.900950 0.912901 0.870299 0.899270 0.905024 0.886090 0.890478 0.899296 0.868869 0.883688 0.887218 0.886101 0.890477 0.899314 0.868871 0.883714 0.887232
0.888265 0.869078 0.868260 0.849989 0.884016 0.886766 0.916987 0.910143 0.919254 0.876262 0.901994 0.911362 0.916994 0.910134 0.919273 0.876192 0.901998 0.911398 0.893860 0.901018 0.906822 0.877146 0.886822 0.891960 0.893853 0.900966 0.906781 0.877156 0.886792 0.891926
0.880387 0.861776 0.855790 0.838896 0.876319 0.877805 0.915713 0.909940 0.918463 0.879734 0.901828 0.907687 0.915655 0.909950 0.918433 0.879772 0.901809 0.907709 0.885017 0.897670 0.899220 0.874794 0.877915 0.881292 0.884994 0.897674 0.899237 0.874781 0.877962 0.881295
0.879704 0.859210 0.858310 0.839265 0.877886 0.879697 0.914537 0.905801 0.915346 0.878821 0.900953 0.907926 0.914498 0.905819 0.915320 0.878817 0.900948 0.907892 0.886763 0.892806 0.896430 0.872172 0.881138 0.885962 0.886733 0.892794 0.896476 0.872167 0.881170 0.885926
0.893798 0.874513 0.878484 0.859176 0.888087 0.894681 0.915145 0.910060 0.919234 0.879826 0.900135 0.913807 0.915146 0.910077 0.919202 0.879779 0.900129 0.913809 0.899017 0.900344 0.905284 0.877623 0.890937 0.899797 0.899089 0.900330 0.905269 0.877647 0.890930 0.899840
0.879186 0.856398 0.857138 0.838237 0.877478 0.879845 0.913713 0.903863 0.913089 0.880133 0.899627 0.907668 0.913714 0.903872 0.913089 0.880134 0.899609 0.907638 0.887217 0.887451 0.889889 0.867882 0.881267 0.887267 0.887231 0.887464 0.889851 0.867860 0.881248 0.887285
0.890141 0.874759 0.868412 0.852570 0.882772 0.887731 0.916928 0.912900 0.920212 0.884715 0.901401 0.912040 0.916953 0.912883 0.920199 0.884741 0.901337 0.911991 0.893523 0.898675 0.895355 0.873970 0.884513 0.891286 0.893551 0.898658 0.895286 0.873973 0.884527 0.891264
0.878559 0.856776 0.854913 0.836885 0.876051 0.877965 0.914182 0.905699 0.914362 0.880935 0.900282 0.907931 0.914166 0.905695 0.914358 0.880916 0.900290 0.907907 0.885996 0.890202 0.891016 0.869060 0.879756 0.884433 0.885982 0.890244 0.891066 0.869068 0.879760 0.884418
0.892952 0.873931 0.875938 0.857580 0.887908 0.894429 0.914458 0.910611 0.919391 0.878855 0.900643 0.913287 0.914448 0.910611 0.919410 0.878876 0.900634 0.913325 0.898586 0.901845 0.906235 0.878526 0.890892 0.899535 0.898540 0.901854 0.906208 0.878516 0.890916 0.899584
0.882396 0.861037 0.861616 0.843050 0.880203 0.883567 0.913170 0.906734 0.915441 0.877931 0.900217 0.908759 0.913142 0.906720 0.915445 0.877945 0.900214 0.908715 0.890173 0.896098 0.900612 0.873727 0.884086 0.890726 0.890151 0.896089 0.900613 0.873722 0.884072 0.890790
0.883264 0.866049 0.861515 0.844027 0.879306 0.882635 0.914709 0.910595 0.917975 0.880474 0.901701 0.909493 0.914714 0.910533 0.917966 0.880477 0.901655 0.909471 0.888774 0.900461 0.901517 0.875946 0.881839 0.887486 0.888723 0.900480 0.901448 0.875967 0.881802 0.887532
0.884010 0.865330 0.863257 0.845852 0.880566 0.884614 0.914608 0.909526 0.917274 0.880085 0.901365 0.910110 0.914580 0.909519 0.917262 0.880129 0.901362 0.910125 0.890318 0.899278 0.901934 0.875765 0.883531 0.890368 0.890328 0.899253 0.901921 0.875792 0.883564 0.890334
0.883093 0.862139 0.864537 0.845461 0.881625 0.885233 0.912544 0.906079 0.915369 0.878714 0.900269 0.909833 0.912567 0.906063 0.915392 0.878733 0.900249 0.909791 0.891302 0.895173 0.900101 0.873574 0.885779 0.892552 0.891321 0.895207 0.900065 0.873619 0.885813 0.892566
0.889630 0.871514 0.871559 0.853817 0.884791 0.890237 0.914741 0.910554 0.918334 0.881637 0.901282 0.912754 0.914686 0.910533 0.918311 0.881632 0.901260 0.912777 0.895377 0.900159 0.902458 0.876962 0.887597 0.895836 0.895353 0.900171 0.902405 0.876925 0.887567 0.895831
0.875539 0.854564 0.851179 0.833954 0.873827 0.875924 0.912640 0.905319 0.913811 0.881144 0.900307 0.906509 0.912620 0.905294 0.913788 0.881116 0.900324 0.906469 0.882563 0.888666 0.886919 0.866093 0.877031 0.881667 0.882556 0.888662 0.886946 0.866084 0.876995 0.881613
0.894077 0.878288 0.877957 0.859731 0.887587 0.894826 0.914829 0.912384 0.919834 0.882407 0.901218 0.913936 0.914821 0.912356 0.919826 0.882441 0.901183 0.913931 0.898487 0.903036 0.904774 0.878757 0.890193 0.899194 0.898487 0.903062 0.904741 0.878764 0.890189 0.899123
0.869763 0.847458 0.849809 0.828125 0.872291 0.874556 0.907640 0.897721 0.908284 0.874923 0.897864 0.902776 0.907609 0.897724 0.908271 0.874951 0.897866 0.902781 0.879954 0.882755 0.888177 0.862441 0.877809 0.883086 0.879892 0.882734 0.888205 0.862493 0.877835 0.883113
0.898757 0.887482 0.886273 0.867665 0.891328 0.900256 0.914696 0.915189 0.921952 0.880571 0.900832 0.914666 0.914654 0.915214 0.921943 0.880588 0.900820 0.914682 0.901979 0.908545 0.911017 0.881632 0.893514 0.903119 0.901949 0.908557 0.911034 0.881585 0.893497 0.903066
0.849044 0.825250 0.822936 0.799353 0.854422 0.853014 0.898422 0.890009 0.900837 0.868210 0.893275 0.891588 0.898385 0.889975 0.900872 0.868210 0.893293 0.891605 0.858794 0.870921 0.872783 0.850116 0.860854 0.861537 0.858795 0.870891 0.872783 0.850104 0.860808 0.861477
0.903486 0.896519 0.897388 0.876636 0.894960 0.907783 0.911964 0.916907 0.922513 0.877011 0.897284 0.914327 0.911926 0.916900 0.922525 0.877018 0.897275 0.914322 0.904687 0.911886 0.913577 0.880878 0.895355 0.909452 0.904658 0.911867 0.913545 0.880855 0.895324 0.909419
0.839817 0.815357 0.816113 0.790738 0.847825 0.847200 0.888639 0.878830 0.892146 0.859086 0.887784 0.886347 0.888657 0.878826 0.892195 0.859116 0.887767 0.886337 0.852088 0.860956 0.865563 0.841020 0.856409 0.857990 0.852050 0.860897 0.865584 0.841022 0.856454 0.857933
0.899154 0.889767 0.889555 0.869352 0.891817 0.903092 0.913562 0.914796 0.922091 0.880044 0.900192 0.914700 0.913640 0.914795 0.922082 0.880033 0.900101 0.914718 0.901662 0.908936 0.911013 0.882166 0.893732 0.905388 0.901745 0.908940 0.911044 0.882139 0.893746 0.905373
0.878529 0.861338 0.857980 0.839302 0.876156 0.881724 0.911917 0.905294 0.914115 0.880665 0.900485 0.908303 0.911960 0.905299 0.914163 0.880686 0.900479 0.908313 0.885706 0.892834 0.892701 0.869692 0.879739 0.887705 0.885694 0.892812 0.892682 0.869702 0.879734 0.887687
0.872435 0.852412 0.852214 0.831746 0.872919 0.877360 0.908512 0.899540 0.909753 0.876647 0.898573 0.905304 0.908553 0.899531 0.909767 0.876615 0.898569 0.905345 0.881750 0.885462 0.889155 0.864025 0.877925 0.885636 0.881705 0.885487 0.889125 0.864037 0.877856 0.885661
0.899241 0.889803 0.891113 0.870226 0.891420 0.904660 0.913345 0.913955 0.922212 0.879434 0.899205 0.914773 0.913318 0.913930 0.922220 0.879473 0.899188 0.914797 0.902160 0.908202 0.911077 0.881357 0.893474 0.907557 0.902099 0.908209 0.911095 0.881338 0.893453 0.907532
0.861021 0.839095 0.836306 0.814972 0.863810 0.864122 0.905359 0.896422 0.907378 0.874544 0.897279 0.899627 0.905350 0.896456 0.907391 0.874542 0.897254 0.899648 0.870463 0.879349 0.879647 0.856306 0.868611 0.872078 0.870472 0.879334 0.879627 0.856277 0.868627 0.872084
0.891584 0.877010 0.874965 0.855678 0.885766 0.893951 0.914401 0.911312 0.919828 0.880136 0.901803 0.912977 0.914382 0.911284 0.919793 0.880193 0.901818 0.912992 0.896526 0.903587 0.907012 0.878516 0.888723 0.899307 0.896549 0.903595 0.907005 0.878612 0.888758 0.899302
0.893162 0.877952 0.877525 0.857631 0.887593 0.896547 0.914114 0.911302 0.920105 0.879053 0.901607 0.913210 0.914115 0.911290 0.920122 0.879070 0.901588 0.913229 0.897756 0.904180 0.907938 0.879210 0.890565 0.901339 0.897730 0.904170 0.907941 0.879209 0.890580 0.901304
0.866733 0.844674 0.843334 0.822147 0.868122 0.869565 0.906768 0.898492 0.909124 0.874648 0.897926 0.902364 0.906784 0.898484 0.909141 0.874615 0.897886 0.902360 0.876666 0.884468 0.887865 0.862037 0.873612 0.878215 0.876677 0.884458 0.887843 0.862053 0.873610 0.878208
0.897124 0.884111 0.883968 0.864144 0.890345 0.901187 0.914572 0.913148 0.921360 0.879361 0.901292 0.914424 0.914600 0.913133 0.921376 0.879376 0.901254 0.914444 0.901086 0.906641 0.909946 0.880855 0.893114 0.905142 0.901134 0.906615 0.909953 0.880860 0.893139 0.905105
0.885777 0.866791 0.865323 0.846513 0.881463 0.888105 0.913926 0.908233 0.916702 0.880853 0.900893 0.910728 0.913917 0.908175 0.916679 0.880854 0.900890 0.910787 0.892110 0.897589 0.899266 0.873884 0.885406 0.894679 0.892043 0.897644 0.899346 0.873846 0.885370 0.894705
0.878514 0.857934 0.857224 0.837917 0.876661 0.881214 0.912352 0.904455 0.913793 0.879861 0.899763 0.908278 0.912362 0.904462 0.913797 0.879847 0.899744 0.908291 0.886837 0.891154 0.892835 0.868687 0.881468 0.889130 0.886787 0.891131 0.892853 0.868676 0.881477 0.889085
0.899032 0.885642 0.886669 0.866844 0.891294 0.902526 0.914929 0.913767 0.921818 0.880142 0.900504 0.915183 0.914902 0.913764 0.921835 0.880145 0.900517 0.915180 0.902684 0.906958 0.910203 0.881393 0.894063 0.906385 0.902699 0.907003 0.910228 0.881418 0.894084 0.906410
0.874983 0.853164 0.852336 0.832981 0.874603 0.876733 0.912109 0.903725 0.913454 0.879266 0.899663 0.906947 0.912112 0.903701 0.913467 0.879311 0.899689 0.906994 0.883764 0.889134 0.890516 0.866907 0.879384 0.884696 0.883742 0.889125 0.890537 0.866956 0.879350 0.884673
0.893407 0.876444 0.875661 0.856941 0.887193 0.894844 0.915953 0.912101 0.920424 0.880343 0.902308 0.913646 0.915961 0.912085 0.920477 0.880362 0.902335 0.913651 0.898593 0.903724 0.907100 0.878824 0.890511 0.900240 0.898619 0.903728 0.907063 0.878836 0.890470 0.900299
0.893131 0.875056 0.874627 0.855969 0.887286 0.894135 0.916272 0.911967 0.920364 0.879222 0.902339 0.913404 0.916275 0.911943 0.920328 0.879189 0.902341 0.913395 0.898392 0.903570 0.907776 0.878899 0.890438 0.899876 0.898390 0.903565 0.907780 0.878861 0.890466 0.899844
0.879311 0.857229 0.856620 0.837253 0.877782 0.879968 0.914138 0.906036 0.915409 0.878334 0.900743 0.908422 0.914145 0.905997 0.915428 0.878370 0.900717 0.908411 0.887419 0.893820 0.897067 0.871136 0.882220 0.887659 0.887359 0.893812 0.897102 0.871142 0.882269 0.887699
0.900505 0.885847 0.885854 0.866776 0.892704 0.901814 0.916662 0.915003 0.922200 0.878063 0.901196 0.915705 0.916656 0.914979 0.922215 0.878048 0.901229 0.915719 0.903977 0.908479 0.912213 0.881978 0.895481 0.905653 0.904007 0.908484 0.912227 0.881968 0.895451 0.905597
0.877830 0.854852 0.853796 0.834645 0.876518 0.877759 0.913934 0.905125 0.914893 0.878538 0.900298 0.907768 0.913987 0.905108 0.914881 0.878544 0.900312 0.907773 0.886232 0.891233 0.893922 0.868788 0.881025 0.885647 0.886207 0.891236 0.893897 0.868773 0.880987 0.885615
0.899193 0.883100 0.882839 0.863881 0.891408 0.900129 0.917260 0.914592 0.922039 0.879630 0.901453 0.915381 0.917243 0.914571 0.922028 0.879590 0.901513 0.915358 0.903079 0.906563 0.910656 0.881259 0.894097 0.904764 0.903087 0.906551 0.910709 0.881318 0.894097 0.904769
0.886743 0.864905 0.864101 0.845685 0.882238 0.886828 0.917040 0.909106 0.917766 0.880673 0.901292 0.911570 0.917030 0.909110 0.917744 0.880735 0.901318 0.911584 0.893688 0.896828 0.899887 0.874087 0.886494 0.894059 0.893648 0.896815 0.899925 0.874105 0.886454 0.894024
0.893913 0.874312 0.873111 0.855436 0.886870 0.893589 0.918109 0.912825 0.920459 0.880796 0.902141 0.914055 0.918122 0.912800 0.920446 0.880786 0.902171 0.914080 0.898882 0.902847 0.906146 0.878580 0.890138 0.899639 0.898917 0.902868 0.906123 0.878558 0.890164 0.899637
0.893972 0.873935 0.873031 0.855470 0.887026 0.893511 0.918274 0.912868 0.920558 0.880135 0.902194 0.914081 0.918288 0.912851 0.920561 0.880098 0.902213 0.914115 0.898986 0.902927 0.906852 0.878652 0.890337 0.899527 0.898965 0.902947 0.906864 0.878637 0.890351 0.899541
0.887696 0.865321 0.864681 0.846474 0.882874 0.887203 0.917787 0.910068 0.918402 0.879584 0.901737 0.912109 0.917834 0.910068 0.918409 0.879621 0.901722 0.912073 0.894297 0.898198 0.902447 0.875388 0.887050 0.894245 0.894336 0.898177 0.902449 0.875410 0.887035 0.894226
0.898969 0.881536 0.880854 0.862851 0.890807 0.898746 0.918231 0.914963 0.922151 0.878496 0.902058 0.915468 0.918248 0.914992 0.922115 0.878460 0.902000 0.915458 0.903074 0.907125 0.911737 0.881043 0.893961 0.903910 0.903052 0.907119 0.911714 0.881016 0.893904 0.903834
0.877824 0.852915 0.852334 0.833356 0.876318 0.877546 0.914927 0.905416 0.914884 0.877916 0.900425 0.907859 0.914970 0.905420 0.914881 0.877913 0.900429 0.907845 0.886366 0.890557 0.894673 0.869159 0.881232 0.885815 0.886386 0.890548 0.894656 0.869175 0.881224 0.885796
0.904556 0.891438 0.891717 0.872667 0.895379 0.905886 0.916180 0.917469 0.923002 0.876837 0.899986 0.916207 0.916180 0.917461 0.922981 0.876796 0.899989 0.916269 0.906849 0.910957 0.914566 0.882892 0.897047 0.908528 0.906863 0.910944 0.914547 0.882906 0.897053 0.908532
0.855983 0.828757 0.828672 0.805337 0.860740 0.857574 0.903973 0.892651 0.904379 0.870681 0.895021 0.895783 0.903994 0.892656 0.904395 0.870714 0.895009 0.895803 0.866478 0.872216 0.875144 0.852666 0.867602 0.867611 0.866501 0.872233 0.875155 0.852701 0.867609 0.867685
0.907056 0.901312 0.902556 0.881184 0.896771 0.910976 0.911054 0.918719 0.922569 0.873883 0.894943 0.913851 0.911033 0.918699 0.922581 0.873856 0.894962 0.913828 0.907038 0.913760 0.915547 0.880754 0.895980 0.911311 0.906995 0.913731 0.915509 0.880783 0.895976 0.911292
0.837587 0.810716 0.810572 0.783470 0.845996 0.842777 0.891197 0.880770 0.892500 0.860512 0.887764 0.885832 0.891165 0.880762 0.892477 0.860460 0.887755 0.885833 0.849719 0.858418 0.858723 0.836627 0.854888 0.853940 0.849692 0.858423 0.858751 0.836640 0.854861 0.853928
0.901590 0.891221 0.894993 0.872641 0.893608 0.907516 0.914659 0.914569 0.922295 0.877291 0.898648 0.915117 0.914674 0.914567 0.922313 0.877317 0.898698 0.915112 0.904302 0.908704 0.912854 0.881003 0.895601 0.910322 0.904346 0.908696 0.912861 0.881013 0.895614 0.910306
0.891513 0.875333 0.875653 0.855551 0.886695 0.895875 0.914579 0.910129 0.919018 0.879607 0.901383 0.912943 0.914554 0.910112 0.919004 0.879595 0.901380 0.912939 0.897053 0.901604 0.905622 0.877544 0.890159 0.902162 0.897080 0.901617 0.905654 0.877534 0.890191 0.902212
0.857424 0.834181 0.830661 0.808240 0.860721 0.859720 0.904315 0.895794 0.906793 0.873859 0.895845 0.897985 0.904341 0.895776 0.906825 0.873890 0.895844 0.897968 0.866790 0.878306 0.878444 0.855156 0.865951 0.867950 0.866827 0.878274 0.878462 0.855177 0.865970 0.867919
