0.008671 0.012234 0.020722 0.016526 0.011055 0.011594 0.007936 0.013914 0.023376 0.019147 0.007781 0.010535 0.007950 0.013866 0.023354 0.019099 0.007797 0.010493 0.005669 0.010638 0.017284 0.018779 0.008075 0.008143 0.005654 0.010709 0.017338 0.018769 0.008116 0.008194
0.341863 0.265271 0.298259 0.382695 0.345393 0.371714 0.341863 0.265271 0.298259 0.382695 0.345393 0.371714 0.341863 0.265271 0.298259 0.382695 0.345393 0.371714 0.341863 0.265271 0.298259 0.382695 0.345393 0.371714 0.341863 0.265271 0.298259 0.382695 0.345393 0.371714
0.341863 0.265271 0.298259 0.382695 0.345393 0.371714 0.341863 0.265271 0.298259 0.382695 0.345393 0.371714 0.341863 0.265271 0.298259 0.382695 0.345393 0.371714 0.341863 0.265271 0.298259 0.382695 0.345393 0.371714 0.341863 0.265271 0.298259 0.382695 0.345393 0.371714
0.341863 0.265271 0.298259 0.382695 0.345393 0.371714 0.341863 0.265271 0.298259 0.382695 0.345393 0.371714 0.341863 0.265271 0.298259 0.382695 0.345393 0.371714 0.341863 0.265271 0.298259 0.382695 0.345393 0.371714 0.341863 0.265271 0.298259 0.382695 0.345393 0.371714
0.341863 0.265271 0.298259 0.382695 0.345393 0.371714 0.341863 0.265271 0.298259 0.382695 0.345393 0.371714 0.341863 0.265271 0.298259 0.382695 0.345393 0.371714 0.341863 0.265271 0.298259 0.382695 0.345393 0.371714 0.341863 0.265271 0.298259 0.382695 0.345393 0.371714
0.341863 0.265271 0.298259 0.382695 0.345393 0.371714 0.341863 0.265271 0.298259 0.382695 0.345393 0.371714 0.341863 0.265271 0.298259 0.382695 0.345393 0.371714 0.341863 0.265271 0.298259 0.382695 0.345393 0.371714 0.341863 0.265271 0.298259 0.382695 0.345393 0.371714
0.341863 0.265271 0.298259 0.382695 0.345393 0.371714 0.341863 0.265271 0.298259 0.382695 0.345393 0.371714 0.341863 0.265271 0.298259 0.382695 0.345393 0.371714 0.341863 0.265271 0.298259 0.382695 0.345393 0.371714 0.341863 0.265271 0.298259 0.382695 0.345393 0.371714
0.341863 0.265271 0.298259 0.382695 0.345393 0.371714 0.341863 0.265271 0.298259 0.382695 0.345393 0.371714 0.341863 0.265271 0.298259 0.382695 0.345393 0.371714 0.341863 0.265271 0.298259 0.382695 0.345393 0.371714 0.341863 0.265271 0.298259 0.382695 0.345393 0.371714
0.341863 0.265271 0.298259 0.382695 0.345393 0.371714 0.341863 0.265271 0.298259 0.382695 0.345393 0.371714 0.341863 0.265271 0.298259 0.382695 0.345393 0.371714 0.341863 0.265271 0.298259 0.382695 0.345393 0.371714 0.341863 0.265271 0.298259 0.382695 0.345393 0.371714
0.342606 0.265882 0.299308 0.383688 0.345671 0.372452 0.342850 0.270851 0.304319 0.388091 0.345906 0.372636 0.342855 0.270850 0.304323 0.388079 0.345904 0.372635 0.342743 0.271118 0.302946 0.387518 0.345776 0.372651 0.342741 0.271108 0.302973 0.387514 0.345783 0.372663
0.344342 0.267702 0.301547 0.385333 0.346991 0.373878 0.344896 0.272051 0.305448 0.389156 0.347622 0.374344 0.344891 0.272056 0.305421 0.389156 0.347621 0.374333 0.344067 0.272187 0.303545 0.388321 0.346868 0.373930 0.344094 0.272165 0.303565 0.388331 0.346878 0.373936
0.341918 0.265350 0.298385 0.382882 0.345072 0.371757 0.341987 0.271579 0.305760 0.389132 0.345179 0.371835 0.341988 0.271577 0.305769 0.389136 0.345170 0.371841 0.341945 0.272445 0.304598 0.388933 0.345074 0.371801 0.341947 0.272435 0.304630 0.388917 0.345070 0.371807
0.342042 0.265500 0.298562 0.383051 0.345183 0.371884 0.342184 0.272209 0.306905 0.389914 0.345328 0.372004 0.342188 0.272213 0.306917 0.389919 0.345329 0.372004 0.342041 0.273433 0.306017 0.390106 0.345167 0.371935 0.342050 0.273442 0.306008 0.390100 0.345163 0.371933
0.344830 0.268303 0.302081 0.385865 0.347112 0.374359 0.345216 0.276663 0.310812 0.393807 0.347614 0.374695 0.345215 0.276667 0.310807 0.393789 0.347617 0.374731 0.344645 0.276590 0.307535 0.391977 0.346842 0.374162 0.344636 0.276587 0.307518 0.391984 0.346828 0.374198
0.358536 0.279911 0.313371 0.398438 0.357158 0.389512 0.357376 0.282748 0.316002 0.398375 0.356709 0.388332 0.357359 0.282723 0.315987 0.398355 0.356719 0.388305 0.360392 0.280353 0.309813 0.394490 0.358363 0.391547 0.360402 0.280341 0.309811 0.394480 0.358337 0.391590
0.537068 0.450839 0.470297 0.600759 0.502216 0.561462 0.526562 0.442770 0.461241 0.590896 0.494872 0.556096 0.526459 0.442817 0.461266 0.590906 0.494870 0.556090 0.549184 0.458650 0.467562 0.602431 0.510653 0.566735 0.549110 0.458679 0.467582 0.602322 0.510665 0.566718
0.556390 0.478573 0.491156 0.623012 0.515497 0.573911 0.554437 0.486221 0.505360 0.633056 0.516560 0.578661 0.554421 0.486067 0.505409 0.633146 0.516563 0.578625 0.555223 0.511477 0.513884 0.640453 0.514048 0.567369 0.555399 0.511533 0.513728 0.640387 0.514069 0.567412
0.566707 0.465976 0.498968 0.620824 0.520975 0.584212 0.558960 0.483583 0.516202 0.632627 0.520060 0.589871 0.559022 0.483582 0.516187 0.632636 0.520008 0.590065 0.580457 0.521690 0.531657 0.649963 0.528208 0.588362 0.580337 0.521719 0.531635 0.649864 0.528202 0.588266
0.482798 0.390671 0.433849 0.553449 0.468881 0.528151 0.484140 0.400981 0.446469 0.560128 0.472259 0.537384 0.484219 0.400936 0.446541 0.560117 0.472206 0.537325 0.485082 0.409817 0.443616 0.549634 0.470034 0.522941 0.485050 0.409800 0.443738 0.549622 0.470005 0.522950
0.501017 0.409832 0.457401 0.547197 0.481736 0.539807 0.517662 0.433314 0.480004 0.567378 0.500382 0.562312 0.517721 0.433316 0.479982 0.567351 0.500395 0.562288 0.493245 0.420724 0.461337 0.550740 0.475828 0.527151 0.493207 0.420838 0.461344 0.550663 0.475827 0.527003
0.515257 0.430601 0.477175 0.564566 0.504170 0.564370 0.532387 0.451697 0.498683 0.581684 0.524973 0.588287 0.532354 0.451678 0.498624 0.581699 0.524917 0.588290 0.506455 0.428944 0.465018 0.541332 0.495427 0.548796 0.506384 0.428953 0.464936 0.541346 0.495364 0.548651
0.586408 0.522118 0.548394 0.642280 0.568132 0.637318 0.609018 0.555745 0.583867 0.667466 0.595149 0.664615 0.608968 0.555661 0.583833 0.667396 0.595128 0.664534 0.574512 0.524781 0.536814 0.631355 0.557154 0.615850 0.574494 0.524975 0.536814 0.631327 0.557168 0.615743
0.506145 0.431405 0.473830 0.563365 0.510710 0.571523 0.528018 0.472837 0.517763 0.598234 0.538009 0.598157 0.528047 0.472789 0.517736 0.598250 0.538090 0.598100 0.501614 0.444997 0.473971 0.554249 0.502552 0.559365 0.501610 0.445043 0.474015 0.554177 0.502538 0.559427
0.667224 0.629005 0.629115 0.686129 0.622676 0.685307 0.674149 0.635810 0.642143 0.685127 0.626545 0.693703 0.674190 0.635736 0.642089 0.685199 0.626448 0.693713 0.654107 0.629419 0.609340 0.666854 0.608100 0.661165 0.654112 0.629472 0.609289 0.666859 0.608083 0.661177
0.571690 0.489897 0.530452 0.605582 0.546303 0.615259 0.587609 0.513002 0.554445 0.621774 0.566060 0.635793 0.587551 0.513006 0.554460 0.621788 0.565980 0.635837 0.568128 0.497012 0.523899 0.596732 0.536701 0.604621 0.568193 0.497028 0.523837 0.596679 0.536817 0.604573
0.566547 0.485087 0.510764 0.610204 0.546023 0.623713 0.583952 0.532162 0.558972 0.645886 0.570529 0.643494 0.583967 0.532130 0.558927 0.645866 0.570569 0.643498 0.580522 0.529712 0.539878 0.638104 0.555013 0.632212 0.580421 0.529575 0.539899 0.638064 0.554915 0.632254
0.666077 0.656420 0.648086 0.715446 0.650885 0.720809 0.701855 0.698505 0.689472 0.748808 0.689042 0.757904 0.701881 0.698329 0.689484 0.748783 0.688979 0.757871 0.643712 0.646216 0.624502 0.698229 0.628705 0.694208 0.643851 0.646157 0.624452 0.698365 0.628643 0.694127
0.699058 0.687480 0.670980 0.735795 0.665110 0.745380 0.723167 0.712952 0.702664 0.754835 0.690993 0.769398 0.723200 0.712964 0.702822 0.754717 0.690947 0.769449 0.680812 0.683776 0.650330 0.720520 0.646410 0.720421 0.680735 0.683643 0.650419 0.720573 0.646494 0.720580
0.662356 0.595078 0.617608 0.696814 0.630505 0.712601 0.670631 0.627937 0.653022 0.717349 0.645551 0.724490 0.670568 0.627890 0.652995 0.717333 0.645461 0.724396 0.670047 0.642000 0.635087 0.712629 0.630055 0.707850 0.670035 0.642091 0.635035 0.712696 0.630134 0.708055
0.635501 0.550054 0.587582 0.672058 0.614113 0.693171 0.641284 0.581686 0.621924 0.697317 0.625908 0.704596 0.641292 0.581679 0.621825 0.697345 0.625867 0.704524 0.651218 0.606375 0.620278 0.698535 0.618822 0.696201 0.651180 0.606353 0.620329 0.698591 0.618941 0.696232
0.660402 0.582715 0.615356 0.692868 0.635621 0.708360 0.672333 0.608778 0.645904 0.712398 0.655517 0.727157 0.672323 0.608744 0.645991 0.712382 0.655490 0.727216 0.670020 0.621152 0.631464 0.706022 0.635579 0.707947 0.670005 0.621178 0.631489 0.705957 0.635606 0.707932
0.704623 0.672719 0.677231 0.732132 0.678781 0.742377 0.733046 0.693351 0.706919 0.750494 0.709930 0.769507 0.733225 0.693414 0.706949 0.750470 0.710043 0.769487 0.692389 0.671363 0.660587 0.720142 0.662003 0.721048 0.692243 0.671368 0.660709 0.720074 0.662147 0.721051
0.705305 0.711174 0.690667 0.737729 0.683503 0.730602 0.731691 0.741463 0.731025 0.767101 0.707271 0.753156 0.731574 0.741445 0.731129 0.767102 0.707358 0.753062 0.675046 0.694578 0.667345 0.719592 0.654274 0.694119 0.674927 0.694432 0.667310 0.719585 0.654339 0.694050
0.721393 0.689393 0.695689 0.746348 0.703683 0.761967 0.751010 0.691078 0.723478 0.760851 0.731360 0.786751 0.750956 0.690953 0.723301 0.760816 0.731449 0.786763 0.707900 0.630841 0.642991 0.703416 0.687036 0.742119 0.707827 0.630775 0.642854 0.703371 0.686968 0.742186
0.707317 0.639875 0.678939 0.730113 0.680427 0.745720 0.716220 0.654320 0.693223 0.720000 0.681906 0.754739 0.716176 0.654339 0.693303 0.720016 0.681887 0.754766 0.708980 0.667557 0.680372 0.727798 0.673546 0.737422 0.708944 0.667505 0.680395 0.727637 0.673680 0.737514
0.716845 0.649524 0.688866 0.735205 0.689223 0.748982 0.725287 0.668320 0.705428 0.722284 0.690505 0.757633 0.725188 0.668277 0.705386 0.722287 0.690546 0.757627 0.716796 0.677475 0.691090 0.732426 0.681968 0.740439 0.716704 0.677664 0.691117 0.732308 0.682126 0.740565
0.741299 0.705075 0.717183 0.758733 0.719523 0.769507 0.773824 0.736439 0.755534 0.777843 0.735570 0.792142 0.773691 0.736419 0.755408 0.777858 0.735536 0.792184 0.727578 0.715939 0.713388 0.756071 0.701909 0.750478 0.727449 0.716008 0.713361 0.756016 0.701968 0.750564
0.720027 0.728814 0.722397 0.758492 0.703416 0.747078 0.727118 0.762929 0.758540 0.769701 0.693545 0.755877 0.727332 0.762885 0.758520 0.769665 0.693499 0.755850 0.684802 0.717914 0.707170 0.739744 0.671547 0.711190 0.684946 0.717896 0.707157 0.739742 0.671704 0.711147
0.676746 0.588569 0.628330 0.695676 0.684313 0.724796 0.721969 0.660356 0.714756 0.756408 0.718948 0.762325 0.721967 0.660361 0.714751 0.756389 0.718870 0.762273 0.682975 0.636396 0.669943 0.726733 0.687593 0.732665 0.682914 0.636258 0.669872 0.726681 0.687639 0.732627
0.672560 0.690710 0.677201 0.664930 0.622311 0.673745 0.646496 0.672565 0.667075 0.601883 0.578412 0.641759 0.646443 0.672670 0.667124 0.601957 0.578440 0.641810 0.645325 0.671263 0.646926 0.637589 0.595291 0.638983 0.645382 0.671327 0.647020 0.637491 0.595380 0.638841
0.720048 0.709181 0.709096 0.729495 0.675945 0.730074 0.719902 0.706499 0.706511 0.688566 0.668606 0.729928 0.719988 0.706525 0.706615 0.688709 0.668616 0.730056 0.696114 0.693325 0.675754 0.694312 0.650974 0.702146 0.696205 0.693273 0.675699 0.694194 0.650931 0.702201
0.703992 0.657088 0.671732 0.733409 0.684917 0.740229 0.740765 0.701324 0.724346 0.761586 0.720029 0.772143 0.740796 0.701358 0.724205 0.761572 0.720053 0.772142 0.694117 0.678815 0.676978 0.734035 0.671375 0.725619 0.694050 0.678880 0.677035 0.733906 0.671407 0.725571
0.683484 0.636861 0.651907 0.723883 0.670670 0.729655 0.725760 0.697411 0.716338 0.763787 0.712927 0.767362 0.725846 0.697485 0.716269 0.763781 0.712913 0.767412 0.675521 0.667136 0.663767 0.728806 0.659310 0.716683 0.675503 0.667166 0.663849 0.728737 0.659473 0.716728
0.732750 0.717537 0.716380 0.766951 0.712295 0.772879 0.761415 0.740186 0.745365 0.770881 0.735939 0.797194 0.761387 0.740073 0.745322 0.770909 0.735929 0.797100 0.710084 0.711381 0.697789 0.741074 0.689027 0.746859 0.710156 0.711347 0.697802 0.740955 0.689071 0.746675
0.722096 0.738385 0.718230 0.755195 0.687045 0.749372 0.732674 0.733262 0.709061 0.698145 0.675325 0.755552 0.732642 0.733202 0.709032 0.698280 0.675255 0.755505 0.685527 0.693572 0.662014 0.689504 0.654406 0.706393 0.685448 0.693506 0.662062 0.689522 0.654319 0.706523
0.703170 0.731746 0.702596 0.729385 0.661322 0.721379 0.689227 0.711756 0.674162 0.621698 0.617792 0.712525 0.689233 0.711859 0.674162 0.621750 0.617671 0.712445 0.661874 0.674582 0.635361 0.652143 0.625693 0.673240 0.661861 0.674608 0.635459 0.652043 0.625662 0.673350
0.721466 0.733624 0.714310 0.746285 0.680191 0.742074 0.719691 0.726566 0.703709 0.672632 0.650560 0.740274 0.719486 0.726474 0.703819 0.672585 0.650680 0.740393 0.687156 0.695749 0.662357 0.685723 0.649197 0.701523 0.687012 0.695715 0.662380 0.685720 0.649252 0.701564
0.735901 0.722788 0.720241 0.759935 0.699452 0.764291 0.747371 0.729336 0.730126 0.737482 0.693923 0.772825 0.747399 0.729192 0.730168 0.737582 0.693888 0.772770 0.713226 0.710254 0.691190 0.726581 0.676384 0.734441 0.713328 0.710220 0.691202 0.726617 0.676354 0.734411
0.737898 0.711691 0.720317 0.760935 0.706280 0.772131 0.756626 0.723318 0.738360 0.758840 0.715401 0.784489 0.756607 0.723350 0.738347 0.758869 0.715399 0.784497 0.724004 0.711345 0.703850 0.741458 0.688283 0.749423 0.724006 0.711335 0.703750 0.741393 0.688254 0.749432
0.743350 0.723008 0.727505 0.764441 0.714273 0.778249 0.765089 0.737292 0.748667 0.769271 0.727612 0.789736 0.764928 0.737304 0.748629 0.769310 0.727704 0.789712 0.728260 0.719516 0.709868 0.746227 0.693567 0.753103 0.728190 0.719552 0.709877 0.746191 0.693682 0.752996
0.742177 0.745938 0.730141 0.765542 0.710313 0.766008 0.762762 0.756366 0.750650 0.769457 0.718457 0.777541 0.762892 0.756334 0.750571 0.769562 0.718407 0.777686 0.717153 0.723032 0.701146 0.736128 0.683032 0.733697 0.717126 0.722969 0.701032 0.736183 0.683077 0.733661
0.684763 0.721386 0.705071 0.731423 0.663854 0.721205 0.685406 0.723983 0.716297 0.721560 0.657613 0.724283 0.685472 0.723957 0.716278 0.721498 0.657640 0.724142 0.644009 0.683988 0.663629 0.690087 0.626156 0.676761 0.644070 0.683803 0.663663 0.690094 0.626129 0.676895
0.745728 0.746997 0.735721 0.768446 0.716919 0.772687 0.766295 0.760850 0.753940 0.772645 0.725329 0.784748 0.766273 0.760950 0.753932 0.772717 0.725367 0.784815 0.721511 0.723900 0.703439 0.739195 0.691230 0.742900 0.721414 0.723858 0.703307 0.739190 0.691268 0.742975
0.752848 0.722988 0.737485 0.769996 0.732501 0.793613 0.778263 0.746712 0.756925 0.777922 0.750702 0.809735 0.778262 0.746717 0.756887 0.777869 0.750766 0.809794 0.743670 0.729618 0.720223 0.757197 0.716425 0.777261 0.743685 0.729539 0.720119 0.757139 0.716515 0.777291
0.763445 0.744550 0.750310 0.781951 0.738036 0.801032 0.788437 0.761318 0.759274 0.769858 0.745429 0.813061 0.788361 0.761368 0.759299 0.769688 0.745348 0.813005 0.748632 0.739509 0.721617 0.753247 0.718502 0.778459 0.748573 0.739489 0.721546 0.753078 0.718637 0.778369
0.731940 0.757616 0.744149 0.763619 0.694748 0.762570 0.718040 0.739404 0.716610 0.691363 0.653793 0.755696 0.718219 0.739633 0.716499 0.691341 0.653833 0.755691 0.694767 0.708978 0.678112 0.695590 0.659214 0.721327 0.694490 0.709037 0.678092 0.695568 0.659224 0.721508
0.776806 0.762118 0.764440 0.788755 0.736001 0.803771 0.789641 0.760431 0.745965 0.726933 0.714303 0.804679 0.789636 0.760487 0.745876 0.726966 0.714268 0.804691 0.757036 0.738414 0.711922 0.733960 0.713127 0.776388 0.756959 0.738340 0.711889 0.733893 0.712982 0.776409
0.771031 0.732485 0.757771 0.779617 0.740902 0.803474 0.783517 0.746162 0.749969 0.730360 0.725141 0.805379 0.783518 0.746235 0.749988 0.730341 0.725258 0.805506 0.762391 0.737609 0.723388 0.746799 0.724117 0.788940 0.762370 0.737671 0.723484 0.746686 0.724060 0.788880
0.788476 0.772099 0.777052 0.790779 0.735365 0.803709 0.781197 0.774310 0.758831 0.723124 0.692326 0.791796 0.781197 0.774202 0.758735 0.723069 0.692348 0.791730 0.767752 0.750647 0.727034 0.746342 0.713209 0.777220 0.767696 0.750774 0.727121 0.746126 0.713199 0.777318
0.766220 0.782086 0.784961 0.791006 0.725993 0.804189 0.731286 0.765427 0.751152 0.693598 0.660227 0.778243 0.731250 0.765516 0.751133 0.693598 0.660288 0.778246 0.735028 0.750146 0.728869 0.733486 0.695361 0.773845 0.735069 0.750111 0.728874 0.733479 0.695349 0.773953
0.814021 0.766206 0.785529 0.813550 0.787256 0.842409 0.825497 0.792412 0.796885 0.779178 0.762035 0.847379 0.825329 0.792321 0.796921 0.779247 0.762077 0.847385 0.802809 0.774797 0.770847 0.794227 0.773400 0.835389 0.802859 0.774878 0.770914 0.794189 0.773427 0.835436
0.740076 0.771672 0.775495 0.768513 0.704167 0.780642 0.703857 0.749427 0.746424 0.694186 0.639691 0.748053 0.703790 0.749358 0.746400 0.694090 0.639632 0.748121 0.705792 0.745516 0.730189 0.721747 0.669870 0.747896 0.705796 0.745489 0.730228 0.721794 0.669791 0.747882
0.792828 0.742046 0.779599 0.794539 0.771701 0.822210 0.806750 0.773081 0.786201 0.770195 0.741969 0.817789 0.806760 0.772996 0.786140 0.770147 0.741951 0.817779 0.789020 0.761047 0.760966 0.778736 0.759593 0.814646 0.788951 0.761089 0.760988 0.778781 0.759489 0.814651
0.817532 0.784930 0.807365 0.821603 0.784986 0.845706 0.802269 0.797925 0.796142 0.770305 0.738140 0.833097 0.802291 0.797805 0.796158 0.770280 0.738108 0.832943 0.803910 0.778062 0.774497 0.790407 0.768839 0.834110 0.804007 0.778068 0.774433 0.790414 0.768942 0.834027
0.744875 0.763877 0.774666 0.777660 0.726003 0.799390 0.699267 0.737350 0.743764 0.685441 0.656289 0.768707 0.699138 0.737289 0.743678 0.685556 0.656385 0.768691 0.709345 0.734241 0.730824 0.720638 0.695409 0.771363 0.709378 0.734313 0.730754 0.720743 0.695419 0.771393
0.779163 0.705670 0.738425 0.771156 0.770028 0.811142 0.807160 0.759730 0.794863 0.784118 0.771137 0.829782 0.807154 0.759720 0.794762 0.784121 0.771179 0.829722 0.777932 0.758268 0.777430 0.800280 0.765353 0.813981 0.777965 0.758324 0.777456 0.800336 0.765327 0.814020
0.751215 0.763354 0.752232 0.747981 0.686654 0.748518 0.707225 0.762765 0.736101 0.671886 0.614216 0.716047 0.707168 0.762898 0.736096 0.671886 0.614183 0.715996 0.719917 0.740279 0.716015 0.713994 0.657724 0.715922 0.720145 0.740271 0.716125 0.713881 0.657735 0.716069
0.768450 0.759852 0.762107 0.764401 0.715463 0.773491 0.752525 0.762346 0.751427 0.711452 0.664688 0.753542 0.752645 0.762353 0.751414 0.711350 0.664685 0.753445 0.746257 0.745327 0.726933 0.733782 0.690531 0.746030 0.746277 0.745332 0.726881 0.733744 0.690577 0.746043
0.790118 0.721782 0.755938 0.790683 0.782755 0.826194 0.811816 0.760593 0.795125 0.790376 0.784832 0.841275 0.811815 0.760520 0.795156 0.790421 0.784859 0.841440 0.788055 0.757258 0.777926 0.798750 0.776478 0.827756 0.788091 0.757316 0.777889 0.798769 0.776469 0.827731
0.787600 0.725931 0.739753 0.780179 0.775708 0.813304 0.828948 0.786252 0.814775 0.802865 0.789912 0.842709 0.829010 0.786256 0.814742 0.802867 0.790065 0.842777 0.776236 0.768736 0.786493 0.806355 0.765367 0.807840 0.776263 0.768745 0.786336 0.806456 0.765428 0.807780
0.678742 0.725633 0.723527 0.722390 0.653261 0.723830 0.632895 0.689846 0.685782 0.622814 0.588447 0.692430 0.632786 0.689847 0.685797 0.622905 0.588468 0.692399 0.634510 0.677597 0.662027 0.652349 0.613570 0.680064 0.634415 0.677300 0.662042 0.652312 0.613501 0.680030
0.772927 0.767588 0.774149 0.788562 0.736187 0.796382 0.768202 0.767419 0.755489 0.720946 0.693972 0.782943 0.768207 0.767485 0.755666 0.720910 0.693965 0.782895 0.742410 0.742241 0.726431 0.737797 0.706994 0.766760 0.742481 0.742273 0.726426 0.737853 0.706877 0.766715
0.784388 0.728966 0.766956 0.797347 0.775053 0.828484 0.798927 0.755132 0.782255 0.768438 0.766795 0.834611 0.798815 0.755112 0.782163 0.768396 0.766801 0.834723 0.781406 0.750284 0.763399 0.782436 0.766961 0.825148 0.781402 0.750311 0.763379 0.782453 0.767022 0.825123
0.764844 0.693428 0.729457 0.771473 0.758392 0.804734 0.790063 0.741126 0.778068 0.774703 0.764220 0.823316 0.790093 0.741095 0.778070 0.774774 0.764193 0.823313 0.764500 0.739689 0.764040 0.787251 0.754057 0.808708 0.764633 0.739722 0.763942 0.787209 0.753966 0.808654
0.787393 0.751988 0.780889 0.802631 0.765203 0.830695 0.788750 0.760673 0.777730 0.748816 0.737535 0.824236 0.788761 0.760665 0.777771 0.748771 0.737499 0.824277 0.776329 0.753439 0.754295 0.772313 0.749454 0.818613 0.776243 0.753472 0.754339 0.772264 0.749400 0.818661
0.757204 0.766162 0.765814 0.776604 0.713386 0.786874 0.734223 0.756960 0.743717 0.681597 0.654867 0.759507 0.734133 0.756972 0.743770 0.681527 0.655026 0.759677 0.721313 0.732183 0.712724 0.722811 0.681750 0.750643 0.721293 0.732178 0.712747 0.722813 0.681774 0.750757
0.727724 0.753343 0.747841 0.756986 0.687449 0.760483 0.694966 0.742732 0.725609 0.655493 0.619503 0.730763 0.694841 0.742664 0.725526 0.655444 0.619462 0.730693 0.684948 0.713930 0.692756 0.700547 0.649337 0.716028 0.684903 0.713958 0.692675 0.700667 0.649123 0.715964
0.755187 0.762622 0.769737 0.790557 0.734507 0.798856 0.746824 0.764568 0.761016 0.724447 0.688101 0.787333 0.746786 0.764511 0.761042 0.724450 0.688083 0.787267 0.718654 0.736167 0.725760 0.742767 0.701180 0.764484 0.718597 0.736117 0.725775 0.742901 0.701233 0.764546
0.781578 0.761912 0.770262 0.805587 0.770775 0.823019 0.796575 0.779130 0.792928 0.783261 0.754265 0.829137 0.796619 0.779130 0.792815 0.783214 0.754360 0.829131 0.754476 0.753546 0.757482 0.780562 0.748248 0.801866 0.754552 0.753520 0.757365 0.780666 0.748244 0.802029
0.780602 0.760385 0.773534 0.805409 0.766659 0.823335 0.798330 0.777862 0.787986 0.783001 0.755282 0.827585 0.798455 0.777902 0.787944 0.782988 0.755309 0.827700 0.756575 0.753693 0.751689 0.777434 0.745394 0.800740 0.756605 0.753685 0.751847 0.777506 0.745290 0.800855
0.775523 0.760534 0.769016 0.794111 0.749373 0.806079 0.786390 0.771973 0.772082 0.760438 0.734101 0.804620 0.786456 0.772061 0.771964 0.760312 0.733986 0.804599 0.749826 0.747812 0.738434 0.758296 0.724526 0.779158 0.749695 0.747734 0.738547 0.758172 0.724606 0.779262
0.777205 0.761886 0.770227 0.791362 0.745908 0.800733 0.784920 0.769529 0.766345 0.745086 0.727005 0.798498 0.784912 0.769546 0.766347 0.745126 0.727080 0.798538 0.752990 0.748277 0.735618 0.751738 0.721801 0.776105 0.753034 0.748236 0.735814 0.751780 0.721913 0.776001
0.788509 0.763721 0.780207 0.800434 0.759573 0.817667 0.795307 0.770708 0.770653 0.742736 0.737465 0.813789 0.795412 0.770699 0.770725 0.742714 0.737511 0.813896 0.770694 0.754744 0.744848 0.758378 0.737879 0.796868 0.770882 0.754811 0.744661 0.758420 0.737749 0.796758
0.798865 0.764697 0.789392 0.812517 0.779844 0.837804 0.809748 0.776508 0.784067 0.749229 0.757444 0.837290 0.809783 0.776550 0.784069 0.749209 0.757601 0.837378 0.787086 0.766267 0.763074 0.776014 0.764198 0.824760 0.787144 0.766197 0.763119 0.775903 0.764210 0.824854
0.807729 0.771692 0.789724 0.817015 0.787114 0.842534 0.813728 0.782245 0.788015 0.740091 0.753350 0.843951 0.813720 0.782239 0.787992 0.740153 0.753377 0.843991 0.792846 0.772002 0.773138 0.781738 0.770797 0.831744 0.792901 0.771908 0.773253 0.781684 0.770751 0.831765
0.802283 0.786528 0.801374 0.816197 0.769722 0.837817 0.773445 0.773700 0.768131 0.688776 0.703805 0.820756 0.773552 0.773623 0.768131 0.688782 0.703775 0.820705 0.778443 0.765041 0.759116 0.755156 0.747769 0.817678 0.778451 0.765125 0.759009 0.755125 0.747760 0.817706
0.804542 0.789103 0.807745 0.817005 0.766343 0.835809 0.774876 0.778865 0.770765 0.688392 0.698604 0.815165 0.774813 0.778893 0.770790 0.688325 0.698728 0.815133 0.783202 0.769774 0.763174 0.759064 0.743731 0.816056 0.783044 0.769800 0.763169 0.759032 0.743774 0.816095
0.810000 0.766036 0.798963 0.812379 0.784529 0.839651 0.811083 0.787516 0.796218 0.740574 0.744525 0.833707 0.811075 0.787517 0.796287 0.740620 0.744548 0.833701 0.802662 0.779989 0.785075 0.787518 0.771202 0.830862 0.802662 0.779970 0.785081 0.787633 0.771221 0.830814
0.816800 0.770827 0.802405 0.817199 0.786961 0.841200 0.811709 0.794645 0.802009 0.749319 0.744556 0.834688 0.811665 0.794585 0.802039 0.749277 0.744568 0.834763 0.809151 0.784859 0.792031 0.794240 0.774093 0.832938 0.809272 0.784948 0.792115 0.794083 0.774078 0.832938
0.778706 0.785394 0.803031 0.801067 0.746169 0.822316 0.731621 0.763745 0.769550 0.695173 0.675593 0.790644 0.731538 0.763583 0.769472 0.695180 0.675657 0.790611 0.753243 0.763109 0.764700 0.750566 0.720838 0.800036 0.753204 0.763166 0.764775 0.750621 0.720828 0.799865
0.824486 0.755148 0.783207 0.816770 0.805365 0.845724 0.835824 0.800256 0.822422 0.794591 0.785031 0.856886 0.835818 0.800276 0.822412 0.794674 0.785087 0.856928 0.820505 0.784129 0.802381 0.819352 0.799673 0.845668 0.820419 0.784169 0.802366 0.819330 0.799689 0.845599
0.815892 0.788683 0.815679 0.823922 0.789080 0.849677 0.787266 0.791899 0.799368 0.736762 0.727334 0.831404 0.787353 0.791984 0.799313 0.736821 0.727395 0.831410 0.800904 0.783985 0.794906 0.791332 0.772578 0.837190 0.800905 0.783938 0.795009 0.791293 0.772560 0.837258
0.820008 0.789947 0.815944 0.823874 0.785008 0.846917 0.794421 0.792809 0.793847 0.721937 0.723597 0.825815 0.794337 0.792748 0.793874 0.721994 0.723677 0.825859 0.807251 0.788352 0.792118 0.785108 0.769659 0.835344 0.807251 0.788291 0.792038 0.785120 0.769625 0.835223
0.810018 0.745199 0.789549 0.806922 0.797542 0.841178 0.821136 0.785822 0.803973 0.744303 0.763886 0.840176 0.821228 0.785683 0.803975 0.744292 0.763968 0.840220 0.809600 0.777912 0.796894 0.796067 0.790471 0.839713 0.809678 0.777856 0.796890 0.796059 0.790426 0.839683
0.821366 0.795684 0.824119 0.823037 0.787703 0.851635 0.784445 0.787993 0.787587 0.699033 0.715654 0.823920 0.784454 0.788042 0.787702 0.698969 0.715575 0.823835 0.806544 0.787855 0.791017 0.777366 0.770710 0.840002 0.806625 0.787767 0.791124 0.777422 0.770668 0.839851
0.841568 0.785731 0.812960 0.828865 0.816674 0.859011 0.823214 0.799889 0.815115 0.739726 0.764862 0.850748 0.823333 0.799881 0.815099 0.739829 0.764904 0.850791 0.836090 0.793833 0.812778 0.801871 0.808350 0.855252 0.836082 0.793805 0.812765 0.801889 0.808363 0.855310
0.834517 0.790857 0.820164 0.825534 0.802080 0.857426 0.800045 0.795351 0.799353 0.719896 0.737454 0.836700 0.800050 0.795328 0.799363 0.719868 0.737603 0.836673 0.824991 0.793408 0.802086 0.789632 0.790019 0.851557 0.825045 0.793332 0.802088 0.789775 0.790066 0.851567
0.833063 0.776382 0.812970 0.820951 0.802826 0.853648 0.808628 0.794067 0.800004 0.728403 0.746654 0.839274 0.808500 0.794139 0.800066 0.728502 0.746623 0.839281 0.826666 0.790024 0.803831 0.790538 0.793069 0.849236 0.826676 0.789978 0.803837 0.790547 0.793093 0.849243
0.840368 0.790655 0.817211 0.828785 0.809550 0.859734 0.810505 0.798545 0.808738 0.736381 0.753734 0.845153 0.810504 0.798543 0.808676 0.736428 0.753814 0.845108 0.832612 0.795266 0.810504 0.798361 0.800109 0.855588 0.832740 0.795244 0.810427 0.798351 0.800196 0.855607
0.839743 0.792199 0.814787 0.827916 0.812567 0.858653 0.812976 0.799378 0.813938 0.741743 0.758289 0.846388 0.813063 0.799454 0.813936 0.741730 0.758331 0.846508 0.830145 0.795918 0.813511 0.800526 0.801886 0.851940 0.830170 0.795920 0.813471 0.800639 0.802095 0.851952
0.837538 0.784413 0.815774 0.828849 0.810598 0.859365 0.820266 0.799042 0.810653 0.742536 0.760365 0.846578 0.820198 0.799027 0.810581 0.742553 0.760386 0.846591 0.830888 0.793288 0.810475 0.800077 0.801777 0.855954 0.830939 0.793381 0.810487 0.800154 0.801774 0.855929
0.832445 0.784973 0.819258 0.825948 0.803251 0.856179 0.810204 0.796309 0.803445 0.733699 0.746584 0.837779 0.810223 0.796334 0.803457 0.733761 0.746621 0.837783 0.823216 0.793116 0.804831 0.793643 0.792507 0.850013 0.823253 0.793110 0.804750 0.793710 0.792477 0.849935
0.839646 0.778686 0.810915 0.827304 0.818936 0.858412 0.830746 0.801035 0.823546 0.760930 0.777559 0.853327 0.830841 0.801107 0.823568 0.761003 0.777575 0.853342 0.835178 0.793085 0.817544 0.807870 0.812394 0.856045 0.835130 0.792989 0.817585 0.807822 0.812260 0.856053
0.827896 0.796198 0.827229 0.825180 0.803248 0.855415 0.787780 0.790888 0.807385 0.727325 0.737194 0.831546 0.787725 0.790907 0.807415 0.727308 0.737188 0.831576 0.815007 0.788166 0.807772 0.787248 0.788744 0.847116 0.815122 0.788190 0.807752 0.787304 0.788713 0.847175
0.805778 0.711536 0.757634 0.788141 0.807810 0.830220 0.831866 0.776263 0.817159 0.783773 0.804410 0.847245 0.831904 0.776276 0.817164 0.783775 0.804444 0.847202 0.814283 0.758858 0.800692 0.809415 0.811607 0.837964 0.814185 0.758910 0.800775 0.809394 0.811563 0.837960
0.702806 0.740370 0.757118 0.746370 0.680348 0.751846 0.662369 0.705767 0.704937 0.628718 0.616457 0.716365 0.662477 0.705759 0.704852 0.628678 0.616380 0.716394 0.661367 0.696247 0.696374 0.670930 0.642955 0.712446 0.661426 0.696189 0.696437 0.670974 0.643107 0.712403
0.831039 0.766998 0.798484 0.820849 0.819676 0.852854 0.839103 0.798583 0.828403 0.795832 0.805003 0.858952 0.839076 0.798536 0.828450 0.795856 0.805000 0.859040 0.828568 0.788203 0.815898 0.814970 0.815220 0.850797 0.828515 0.788197 0.816043 0.815004 0.815281 0.850842
0.695051 0.594843 0.632234 0.678375 0.702675 0.729218 0.772956 0.712822 0.751508 0.778445 0.776393 0.795291 0.772970 0.712776 0.751546 0.778425 0.776457 0.795270 0.699285 0.667020 0.692444 0.736454 0.703993 0.733187 0.699293 0.667036 0.692463 0.736419 0.704028 0.733164
0.797753 0.763430 0.785041 0.805969 0.774852 0.833912 0.808092 0.783352 0.797936 0.784226 0.770257 0.832377 0.808024 0.783416 0.797914 0.784204 0.770256 0.832358 0.789667 0.775232 0.779807 0.787862 0.762296 0.822301 0.789615 0.775348 0.779880 0.787829 0.762246 0.822299
0.775334 0.713423 0.746768 0.784475 0.772101 0.825673 0.801842 0.752393 0.789754 0.794560 0.788696 0.837365 0.801850 0.752314 0.789748 0.794618 0.788702 0.837334 0.781088 0.747153 0.773160 0.792910 0.770468 0.826607 0.780986 0.747114 0.773227 0.792970 0.770442 0.826612
0.669061 0.569709 0.605996 0.663178 0.681949 0.712767 0.738774 0.663114 0.703440 0.747142 0.746565 0.776215 0.738824 0.663156 0.703494 0.747177 0.746581 0.776209 0.683088 0.626746 0.658725 0.713525 0.692377 0.726783 0.683065 0.626721 0.658701 0.713538 0.692441 0.726913
0.608789 0.526667 0.563270 0.611122 0.633464 0.658899 0.705513 0.635575 0.663617 0.704933 0.709407 0.739885 0.705590 0.635620 0.663711 0.704864 0.709444 0.739920 0.612905 0.572841 0.594222 0.646882 0.634868 0.663140 0.612888 0.572826 0.594267 0.646857 0.634830 0.663169
0.759325 0.700607 0.708606 0.760345 0.754710 0.803060 0.799253 0.758728 0.777631 0.809992 0.792645 0.838497 0.799194 0.758670 0.777582 0.810003 0.792641 0.838493 0.756132 0.723592 0.728548 0.778076 0.750233 0.801280 0.756106 0.723642 0.728616 0.778159 0.750286 0.801362
0.717584 0.623361 0.653029 0.707257 0.719216 0.761848 0.770224 0.694635 0.724485 0.770134 0.771812 0.814157 0.770251 0.694707 0.724455 0.770140 0.771754 0.814181 0.731636 0.660692 0.688079 0.736928 0.729033 0.775796 0.731572 0.660761 0.688087 0.736946 0.728954 0.775784
0.580394 0.475776 0.520506 0.579769 0.592217 0.630337 0.648928 0.546611 0.595602 0.652357 0.662129 0.697174 0.648879 0.546658 0.595628 0.652377 0.662140 0.697185 0.598316 0.500965 0.542162 0.609382 0.608158 0.647103 0.598331 0.500935 0.542180 0.609358 0.608198 0.647104
0.580001 0.471575 0.516419 0.578765 0.587384 0.629188 0.644616 0.540023 0.589983 0.650525 0.656495 0.694453 0.644545 0.540051 0.589974 0.650471 0.656479 0.694387 0.597685 0.494913 0.537450 0.607105 0.604309 0.646250 0.597601 0.494878 0.537478 0.607060 0.604316 0.646230
0.680111 0.570984 0.615347 0.675714 0.681025 0.728437 0.722057 0.629534 0.681402 0.730852 0.731304 0.777525 0.722014 0.629594 0.681408 0.730743 0.731323 0.777525 0.700767 0.602665 0.644238 0.706392 0.698083 0.748433 0.700755 0.602643 0.644244 0.706383 0.698044 0.748454
0.729831 0.641192 0.672796 0.722776 0.725604 0.779090 0.767784 0.701665 0.739029 0.776008 0.766770 0.819255 0.767785 0.701615 0.739053 0.775981 0.766760 0.819377 0.742435 0.668297 0.694442 0.747573 0.732539 0.790123 0.742435 0.668336 0.694363 0.747608 0.732543 0.790145
0.668349 0.583871 0.618453 0.661911 0.672972 0.719996 0.747102 0.681656 0.706885 0.758116 0.742222 0.790638 0.747057 0.681613 0.706933 0.758047 0.742142 0.790559 0.664075 0.613473 0.639564 0.684202 0.670269 0.716829 0.664042 0.613361 0.639520 0.684125 0.670242 0.716913
0.607642 0.524982 0.568017 0.608951 0.628581 0.660364 0.699437 0.644351 0.672230 0.723365 0.705723 0.746119 0.699391 0.644422 0.672306 0.723352 0.705758 0.746104 0.606345 0.567222 0.599915 0.641670 0.628109 0.658565 0.606423 0.567263 0.599873 0.641707 0.628111 0.658609
0.673754 0.575152 0.610010 0.663928 0.678049 0.720067 0.737288 0.682745 0.716720 0.764017 0.745066 0.783656 0.737235 0.682799 0.716735 0.764093 0.745127 0.783623 0.685811 0.644041 0.669119 0.726659 0.686718 0.732328 0.685731 0.644074 0.669109 0.726737 0.686693 0.732326
0.712550 0.620063 0.663776 0.718356 0.720932 0.767507 0.755367 0.697364 0.738445 0.775274 0.763929 0.807717 0.755290 0.697422 0.738534 0.775281 0.763906 0.807657 0.728238 0.686409 0.717175 0.764163 0.732423 0.783136 0.728163 0.686398 0.717254 0.764257 0.732486 0.783217
0.721740 0.631877 0.673212 0.728280 0.728868 0.776307 0.763142 0.704660 0.744065 0.779644 0.769639 0.813476 0.763123 0.704709 0.743997 0.779642 0.769674 0.813544 0.735365 0.695535 0.723025 0.770725 0.738369 0.791176 0.735328 0.695479 0.723048 0.770820 0.738391 0.791166
0.722583 0.632009 0.666514 0.720627 0.731223 0.770253 0.774215 0.715669 0.753097 0.786732 0.779894 0.816259 0.774194 0.715688 0.753161 0.786761 0.779941 0.816182 0.734612 0.695023 0.720370 0.767701 0.740306 0.783482 0.734593 0.694964 0.720365 0.767730 0.740217 0.783554
0.716856 0.631008 0.652904 0.701724 0.722968 0.755929 0.786501 0.727967 0.755518 0.791066 0.784139 0.816376 0.786423 0.727975 0.755550 0.791115 0.784164 0.816376 0.723747 0.686467 0.700798 0.750801 0.726161 0.762917 0.723777 0.686511 0.700781 0.750812 0.726179 0.762808
0.743522 0.666450 0.680447 0.724140 0.741667 0.777453 0.811999 0.752786 0.775988 0.805213 0.801145 0.831599 0.811989 0.752826 0.775977 0.805293 0.801154 0.831610 0.742119 0.696102 0.702177 0.752333 0.738767 0.777051 0.741999 0.696156 0.702163 0.752371 0.738738 0.777040
0.787887 0.716030 0.728984 0.772957 0.779930 0.815792 0.832551 0.773879 0.803146 0.820293 0.817379 0.853032 0.832538 0.773900 0.803096 0.820292 0.817396 0.853019 0.788432 0.734164 0.740991 0.786262 0.776886 0.815991 0.788395 0.734166 0.740961 0.786324 0.776979 0.815832
0.785500 0.699989 0.727427 0.770679 0.785014 0.818577 0.829567 0.759561 0.798856 0.813262 0.819118 0.850017 0.829544 0.759568 0.798869 0.813247 0.819212 0.849936 0.793811 0.730929 0.752025 0.789034 0.787287 0.825181 0.793898 0.730984 0.752055 0.788985 0.787307 0.825136
0.767137 0.673217 0.709418 0.755038 0.774571 0.803887 0.813113 0.738216 0.786282 0.800351 0.811552 0.836635 0.813106 0.738178 0.786202 0.800384 0.811587 0.836592 0.778744 0.711679 0.744067 0.781515 0.781025 0.814496 0.778707 0.711727 0.743967 0.781590 0.781027 0.814476
0.782979 0.691818 0.726681 0.768475 0.787902 0.814704 0.829541 0.760250 0.807055 0.812618 0.820131 0.846107 0.829483 0.760241 0.807002 0.812613 0.820077 0.846122 0.793582 0.735118 0.766640 0.796338 0.792107 0.822849 0.793617 0.735023 0.766685 0.796312 0.792179 0.822848
0.808086 0.729982 0.751569 0.793237 0.798049 0.830392 0.843230 0.791863 0.828353 0.824309 0.820923 0.857917 0.843229 0.791871 0.828355 0.824327 0.820925 0.857917 0.807122 0.767857 0.785061 0.812116 0.793978 0.829393 0.807091 0.767959 0.785087 0.812217 0.793928 0.829394
0.775456 0.686039 0.708302 0.756196 0.769653 0.797391 0.837589 0.786701 0.822252 0.824674 0.815564 0.847283 0.837595 0.786701 0.822286 0.824716 0.815520 0.847156 0.769496 0.742335 0.756380 0.794659 0.761382 0.792829 0.769440 0.742273 0.756354 0.794736 0.761404 0.792815
0.774444 0.676999 0.705683 0.756712 0.775312 0.798525 0.835462 0.779482 0.819466 0.822604 0.820413 0.844628 0.835454 0.779516 0.819574 0.822587 0.820473 0.844570 0.777882 0.751605 0.776246 0.807167 0.774472 0.800754 0.777913 0.751642 0.776328 0.807186 0.774406 0.800733
0.808116 0.720107 0.759110 0.796602 0.806826 0.832927 0.840757 0.785936 0.826451 0.812521 0.819721 0.858233 0.840681 0.785880 0.826443 0.812546 0.819677 0.858330 0.815139 0.772428 0.806959 0.819729 0.808467 0.838570 0.815003 0.772448 0.807064 0.819845 0.808549 0.838569
0.807871 0.720471 0.756292 0.795984 0.806320 0.832998 0.841349 0.785961 0.825561 0.816730 0.820020 0.857917 0.841386 0.785963 0.825574 0.816696 0.820121 0.857885 0.814673 0.771431 0.803387 0.820470 0.807780 0.837688 0.814753 0.771489 0.803391 0.820522 0.807657 0.837633
0.783295 0.689724 0.715649 0.765545 0.782979 0.805684 0.839491 0.779233 0.815736 0.822440 0.820550 0.846783 0.839441 0.779148 0.815740 0.822454 0.820592 0.846754 0.787287 0.747473 0.771499 0.806691 0.782922 0.808381 0.787178 0.747485 0.771367 0.806659 0.782932 0.808340
0.808570 0.723916 0.745273 0.791408 0.799945 0.826765 0.848568 0.792679 0.827117 0.825758 0.821773 0.857229 0.848592 0.792683 0.827120 0.825760 0.821807 0.857237 0.809248 0.762925 0.784147 0.815222 0.798459 0.827322 0.809217 0.762884 0.784171 0.815271 0.798474 0.827341
0.813532 0.722772 0.756899 0.797419 0.809440 0.834905 0.846767 0.787437 0.825543 0.825237 0.819814 0.860471 0.846734 0.787452 0.825613 0.825245 0.819818 0.860427 0.820611 0.760710 0.789296 0.817756 0.810656 0.841362 0.820617 0.760634 0.789407 0.817800 0.810754 0.841305
0.805874 0.710972 0.749893 0.790078 0.805975 0.829928 0.843472 0.778674 0.820445 0.822156 0.819060 0.856312 0.843430 0.778678 0.820441 0.822174 0.819070 0.856264 0.815395 0.750514 0.782878 0.812214 0.810154 0.837288 0.815352 0.750530 0.782907 0.812213 0.810129 0.837352
0.823809 0.740501 0.765788 0.805894 0.811220 0.840203 0.849553 0.798923 0.832224 0.824000 0.818797 0.864723 0.849526 0.798917 0.832240 0.824060 0.818786 0.864722 0.826315 0.774100 0.799772 0.823957 0.810670 0.842840 0.826340 0.774137 0.799686 0.823923 0.810666 0.842844
0.789618 0.689699 0.716051 0.764535 0.784392 0.805352 0.846941 0.784702 0.821570 0.824567 0.821432 0.852773 0.846989 0.784626 0.821537 0.824623 0.821452 0.852708 0.792881 0.746858 0.768667 0.805126 0.783300 0.808312 0.792839 0.746860 0.768674 0.805174 0.783289 0.808283
0.824623 0.739683 0.767030 0.806578 0.812572 0.840358 0.850267 0.797489 0.832547 0.814560 0.819857 0.865120 0.850273 0.797485 0.832563 0.814638 0.819915 0.865084 0.827659 0.781014 0.813238 0.824443 0.812432 0.844070 0.827661 0.780965 0.813232 0.824418 0.812441 0.844006
0.803155 0.707950 0.746042 0.786251 0.804663 0.827084 0.845018 0.778646 0.821872 0.809821 0.822165 0.855221 0.845086 0.778650 0.821840 0.809890 0.822132 0.855220 0.813453 0.761292 0.800797 0.814855 0.808373 0.835110 0.813484 0.761297 0.800828 0.814851 0.808405 0.835131
0.816479 0.729234 0.758191 0.798703 0.808592 0.835252 0.851097 0.792494 0.830804 0.813561 0.823307 0.862385 0.851112 0.792478 0.830834 0.813461 0.823311 0.862446 0.821589 0.777151 0.811112 0.822403 0.809451 0.840020 0.821579 0.777066 0.811042 0.822421 0.809395 0.839974
0.806386 0.718315 0.741420 0.787126 0.798880 0.824809 0.850003 0.792776 0.830448 0.820883 0.824848 0.858380 0.849910 0.792786 0.830385 0.820937 0.824830 0.858420 0.809906 0.771803 0.800132 0.821405 0.797935 0.827128 0.809877 0.771810 0.800166 0.821396 0.797994 0.827123
0.806168 0.715264 0.745230 0.788176 0.802230 0.827328 0.849393 0.786725 0.826181 0.821902 0.824641 0.858945 0.849328 0.786781 0.826129 0.821892 0.824621 0.858898 0.813155 0.764905 0.796818 0.819743 0.803643 0.833273 0.813114 0.764881 0.796892 0.819736 0.803674 0.833231
0.823007 0.737110 0.772301 0.807880 0.813109 0.843721 0.846312 0.792200 0.831285 0.819368 0.818764 0.864625 0.846311 0.792233 0.831228 0.819293 0.818764 0.864621 0.827687 0.776548 0.809370 0.823559 0.814003 0.848423 0.827796 0.776506 0.809353 0.823585 0.814006 0.848483
0.806127 0.711634 0.744156 0.787875 0.802469 0.827869 0.848470 0.784230 0.823744 0.825672 0.823180 0.858880 0.848469 0.784241 0.823745 0.825670 0.823140 0.858841 0.814654 0.757275 0.788417 0.816519 0.804909 0.835424 0.814676 0.757294 0.788341 0.816489 0.804875 0.835453
0.817311 0.737228 0.758321 0.799965 0.805517 0.836144 0.849164 0.796770 0.833209 0.826983 0.821506 0.862432 0.849207 0.796736 0.833181 0.827024 0.821403 0.862365 0.819130 0.772722 0.793965 0.819532 0.804793 0.838606 0.819177 0.772695 0.793857 0.819543 0.804823 0.838570
0.805063 0.712153 0.741387 0.786094 0.800393 0.825726 0.848935 0.786657 0.825507 0.825994 0.824173 0.859314 0.848914 0.786649 0.825499 0.825957 0.824186 0.859281 0.812596 0.761229 0.789731 0.817177 0.802567 0.831970 0.812575 0.761304 0.789812 0.817181 0.802558 0.831953
0.822037 0.736282 0.768800 0.806002 0.813313 0.843879 0.845577 0.792834 0.831300 0.817553 0.820169 0.864063 0.845556 0.792834 0.831330 0.817585 0.820161 0.864119 0.827165 0.778844 0.810667 0.824033 0.814365 0.848614 0.827090 0.778854 0.810622 0.824016 0.814405 0.848679
0.809618 0.717769 0.749601 0.791926 0.805326 0.831839 0.846882 0.787732 0.825779 0.819707 0.823083 0.859697 0.846834 0.787683 0.825792 0.819734 0.823074 0.859637 0.817665 0.769984 0.802800 0.820400 0.807628 0.839148 0.817636 0.769971 0.802796 0.820392 0.807614 0.839230
0.809555 0.724633 0.749265 0.791797 0.802731 0.830459 0.848084 0.793317 0.829170 0.821810 0.824579 0.860299 0.848103 0.793190 0.829155 0.821823 0.824511 0.860258 0.814151 0.776252 0.803571 0.821919 0.803033 0.834533 0.814078 0.776300 0.803459 0.821951 0.802981 0.834586
0.810911 0.723872 0.751801 0.794174 0.804847 0.833030 0.848232 0.791840 0.828340 0.821764 0.824299 0.861123 0.848184 0.791821 0.828310 0.821825 0.824291 0.861142 0.816788 0.774742 0.804535 0.822197 0.805813 0.838464 0.816806 0.774696 0.804511 0.822237 0.805862 0.838420
0.810422 0.719626 0.753840 0.794718 0.807358 0.833766 0.845366 0.786566 0.826084 0.821026 0.823205 0.860993 0.845396 0.786534 0.826123 0.821042 0.823175 0.860928 0.819268 0.768954 0.802542 0.820671 0.810154 0.841341 0.819294 0.769010 0.802480 0.820730 0.810200 0.841362
0.817889 0.733162 0.763186 0.802561 0.809732 0.839373 0.846716 0.793168 0.830064 0.823067 0.822807 0.863869 0.846618 0.793129 0.830022 0.823059 0.822784 0.863905 0.823250 0.776696 0.805871 0.823600 0.810613 0.844862 0.823210 0.776723 0.805773 0.823562 0.810577 0.844857
0.801514 0.709296 0.736884 0.783363 0.797685 0.823679 0.846763 0.786152 0.825158 0.827018 0.825171 0.857767 0.846739 0.786102 0.825119 0.826980 0.825195 0.857714 0.808424 0.759036 0.783789 0.814145 0.799141 0.829029 0.808413 0.759029 0.783832 0.814144 0.799071 0.828962
0.822692 0.742988 0.771670 0.807929 0.812114 0.844365 0.845201 0.795352 0.831719 0.822509 0.820833 0.864515 0.845193 0.795288 0.831725 0.822552 0.820770 0.864507 0.826092 0.780708 0.808846 0.824544 0.812702 0.848207 0.826093 0.780752 0.808797 0.824528 0.812678 0.848105
0.795106 0.699921 0.735482 0.778376 0.797334 0.822266 0.841283 0.774559 0.816496 0.820918 0.823250 0.853320 0.841229 0.774572 0.816470 0.820954 0.823263 0.853326 0.806274 0.750292 0.786353 0.810838 0.802068 0.831197 0.806189 0.750256 0.786397 0.810899 0.802100 0.831238
0.826748 0.755774 0.782360 0.814918 0.814932 0.849710 0.842420 0.798039 0.833075 0.815837 0.817004 0.863746 0.842345 0.798091 0.833055 0.815859 0.816986 0.863763 0.828230 0.787594 0.816266 0.824246 0.814623 0.851307 0.828174 0.787617 0.816302 0.824192 0.814582 0.851232
0.771485 0.671091 0.703018 0.751528 0.777248 0.798756 0.830595 0.762624 0.806248 0.815429 0.820229 0.841302 0.830540 0.762570 0.806312 0.815429 0.820268 0.841317 0.781436 0.732763 0.764943 0.798882 0.782832 0.806987 0.781449 0.732717 0.764943 0.798869 0.782773 0.806919
0.830392 0.768757 0.797427 0.822346 0.816265 0.857000 0.833854 0.798035 0.831046 0.805549 0.806295 0.860523 0.833804 0.798008 0.831078 0.805553 0.806284 0.860517 0.828355 0.790341 0.816552 0.818082 0.812512 0.856691 0.828310 0.790318 0.816499 0.818054 0.812460 0.856640
0.761240 0.659503 0.695801 0.744125 0.770647 0.792856 0.818342 0.745509 0.793608 0.806771 0.814553 0.835404 0.818368 0.745500 0.793691 0.806819 0.814530 0.835391 0.774117 0.718576 0.755728 0.790385 0.778924 0.803537 0.774075 0.718484 0.755769 0.790366 0.778985 0.803478
0.826381 0.758412 0.786367 0.815893 0.814674 0.852396 0.840059 0.796838 0.832929 0.814747 0.815456 0.863236 0.840206 0.796846 0.832911 0.814732 0.815304 0.863266 0.826411 0.787383 0.814996 0.824092 0.813584 0.852975 0.826553 0.787393 0.815055 0.824053 0.813616 0.852956
0.804110 0.718418 0.744960 0.787635 0.799592 0.829795 0.845382 0.785663 0.824651 0.825756 0.825056 0.859514 0.845451 0.785669 0.824747 0.825790 0.825037 0.859527 0.810896 0.765133 0.791469 0.816830 0.801239 0.835308 0.810883 0.765099 0.791444 0.816847 0.801234 0.835297
0.797751 0.706453 0.738058 0.781399 0.797292 0.825184 0.842088 0.777193 0.818595 0.822644 0.824117 0.856404 0.842161 0.777178 0.818619 0.822597 0.824111 0.856470 0.807518 0.754438 0.787559 0.812069 0.801111 0.833697 0.807461 0.754480 0.787503 0.812082 0.801011 0.833728
0.826594 0.759094 0.789102 0.816833 0.813942 0.854249 0.839683 0.795488 0.833507 0.813854 0.813729 0.863338 0.839649 0.795436 0.833527 0.813925 0.813688 0.863373 0.827354 0.786620 0.815322 0.822937 0.812922 0.855736 0.827258 0.786640 0.815355 0.822921 0.812894 0.855702
0.784791 0.688716 0.718602 0.765573 0.787200 0.810567 0.838881 0.772514 0.816107 0.821615 0.824339 0.850456 0.838859 0.772575 0.816133 0.821618 0.824303 0.850479 0.794496 0.745346 0.774386 0.804646 0.790619 0.818302 0.794516 0.745312 0.774361 0.804612 0.790645 0.818307
0.819224 0.740574 0.766995 0.803154 0.809792 0.843194 0.845638 0.793456 0.831572 0.819265 0.822815 0.863528 0.845596 0.793395 0.831503 0.819355 0.822845 0.863548 0.823055 0.781146 0.811895 0.823520 0.810579 0.848180 0.823086 0.781166 0.811869 0.823642 0.810636 0.848174
0.821173 0.741824 0.770457 0.805051 0.812135 0.846194 0.844842 0.793295 0.831847 0.817141 0.821927 0.863592 0.844855 0.793265 0.831886 0.817163 0.821891 0.863621 0.824481 0.781934 0.812692 0.823702 0.812929 0.850320 0.824446 0.781925 0.812706 0.823704 0.812957 0.850274
0.791195 0.695932 0.726996 0.772101 0.792041 0.816351 0.840479 0.775518 0.817907 0.820317 0.824188 0.853369 0.840498 0.775503 0.817941 0.820272 0.824123 0.853361 0.801643 0.752877 0.785704 0.809888 0.796441 0.825019 0.801660 0.752868 0.785662 0.809909 0.796430 0.825016
0.825381 0.750523 0.779120 0.811198 0.814335 0.851145 0.843858 0.795374 0.832964 0.815724 0.819403 0.864189 0.843907 0.795334 0.832979 0.815749 0.819331 0.864213 0.827702 0.784824 0.814783 0.824298 0.814815 0.854112 0.827786 0.784780 0.814780 0.824307 0.814868 0.854055
0.813127 0.725942 0.754284 0.794741 0.805988 0.836970 0.847330 0.790010 0.827954 0.823911 0.823819 0.861838 0.847309 0.789894 0.827915 0.823908 0.823809 0.861919 0.818944 0.772517 0.800990 0.820548 0.808188 0.843466 0.818853 0.772616 0.801132 0.820493 0.808133 0.843496
0.804847 0.713826 0.744198 0.786974 0.801229 0.829396 0.846639 0.784649 0.824507 0.824996 0.824155 0.859700 0.846657 0.784672 0.824516 0.824970 0.824118 0.859724 0.813376 0.762915 0.792363 0.816328 0.804688 0.837484 0.813302 0.762884 0.792391 0.816332 0.804696 0.837429
0.827818 0.753041 0.783225 0.814130 0.815298 0.852577 0.843550 0.796035 0.833596 0.816156 0.817097 0.864873 0.843498 0.796021 0.833635 0.816169 0.817114 0.864860 0.829848 0.785503 0.815405 0.824987 0.815805 0.855537 0.829869 0.785600 0.815460 0.825011 0.815833 0.855570
0.800939 0.707470 0.738398 0.782472 0.799230 0.824528 0.846826 0.783760 0.824436 0.824641 0.824761 0.858516 0.846832 0.783707 0.824461 0.824700 0.824793 0.858585 0.810125 0.760100 0.789455 0.814999 0.802774 0.832544 0.810095 0.760088 0.789474 0.815067 0.802731 0.832526
0.822100 0.740050 0.768352 0.804909 0.811838 0.844514 0.847887 0.794903 0.832588 0.819014 0.823042 0.864458 0.847897 0.794870 0.832689 0.819030 0.823092 0.864465 0.826487 0.781741 0.812405 0.824288 0.813447 0.849676 0.826525 0.781749 0.812343 0.824301 0.813386 0.849754
0.822096 0.738140 0.767056 0.804160 0.812291 0.843836 0.848725 0.794950 0.832538 0.817357 0.823177 0.864301 0.848734 0.794896 0.832474 0.817311 0.823171 0.864285 0.826610 0.781648 0.813598 0.824550 0.813622 0.849443 0.826601 0.781644 0.813609 0.824497 0.813667 0.849392
0.806196 0.713143 0.743876 0.786553 0.802751 0.828249 0.849306 0.787235 0.826594 0.821245 0.825051 0.860070 0.849320 0.787166 0.826624 0.821303 0.824998 0.860061 0.814666 0.767450 0.798888 0.818806 0.805862 0.836029 0.814585 0.767432 0.798954 0.818811 0.805933 0.836078
0.830160 0.753698 0.782223 0.814534 0.817385 0.852124 0.846232 0.798068 0.833561 0.811431 0.817508 0.865659 0.846218 0.798014 0.833582 0.811405 0.817559 0.865681 0.832161 0.788373 0.818501 0.825179 0.818059 0.855031 0.832204 0.788379 0.818526 0.825163 0.818003 0.854945
0.804611 0.709912 0.740400 0.784155 0.801436 0.825775 0.849360 0.786113 0.826426 0.822510 0.824691 0.859477 0.849450 0.786081 0.826396 0.822517 0.824704 0.859483 0.813477 0.763556 0.794548 0.816767 0.804765 0.833757 0.813440 0.763565 0.794495 0.816759 0.804715 0.833725
0.829058 0.749803 0.778203 0.811828 0.816272 0.850385 0.848041 0.798338 0.834266 0.815338 0.818840 0.865694 0.848008 0.798294 0.834256 0.815269 0.818956 0.865655 0.831667 0.785837 0.817329 0.825784 0.816842 0.854440 0.831678 0.785812 0.817429 0.825870 0.816844 0.854447
0.815204 0.723850 0.753479 0.794705 0.807427 0.836036 0.852195 0.792086 0.830040 0.822951 0.823704 0.863329 0.852175 0.792098 0.829995 0.823048 0.823755 0.863349 0.822245 0.772061 0.803047 0.821605 0.810408 0.843488 0.822185 0.772039 0.803100 0.821626 0.810345 0.843446
0.823520 0.737204 0.765188 0.803983 0.811797 0.843503 0.851648 0.797023 0.833165 0.819829 0.822513 0.865332 0.851673 0.796973 0.833139 0.819812 0.822572 0.865364 0.827695 0.781198 0.811763 0.824969 0.813434 0.849558 0.827752 0.781238 0.811724 0.824939 0.813467 0.849561
0.823712 0.736771 0.765215 0.804145 0.812091 0.843517 0.851918 0.797033 0.833266 0.818583 0.822592 0.865420 0.851943 0.797004 0.833280 0.818528 0.822630 0.865466 0.827999 0.781378 0.812938 0.825048 0.813825 0.849527 0.827966 0.781424 0.812968 0.825021 0.813839 0.849548
0.816520 0.724615 0.754536 0.795633 0.808155 0.836658 0.853058 0.793495 0.830685 0.820228 0.823982 0.864068 0.853150 0.793495 0.830709 0.820285 0.823951 0.864006 0.823116 0.774437 0.807090 0.822871 0.811087 0.843903 0.823177 0.774398 0.807083 0.822902 0.811075 0.843877
0.829161 0.747802 0.775743 0.811053 0.815681 0.849177 0.849724 0.798773 0.834193 0.812779 0.819953 0.866123 0.849757 0.798833 0.834125 0.812722 0.819850 0.866110 0.832209 0.787278 0.819458 0.825645 0.817083 0.854050 0.832176 0.787252 0.819419 0.825606 0.816997 0.853939
0.805042 0.707533 0.739003 0.783235 0.801524 0.825901 0.850933 0.786744 0.826327 0.821138 0.824788 0.859808 0.851006 0.786756 0.826314 0.821125 0.824794 0.859785 0.814255 0.762970 0.796266 0.817528 0.805509 0.834465 0.814277 0.762958 0.796232 0.817552 0.805497 0.834440
0.834451 0.762055 0.790399 0.820139 0.819363 0.856493 0.842833 0.800828 0.833301 0.806380 0.812685 0.864852 0.842834 0.800810 0.833253 0.806315 0.812695 0.864945 0.834626 0.791546 0.821215 0.824299 0.818222 0.857768 0.834650 0.791520 0.821185 0.824309 0.818222 0.857776
0.779809 0.676102 0.710506 0.757370 0.784854 0.804116 0.838018 0.766994 0.812074 0.817599 0.821432 0.846202 0.838053 0.766997 0.812114 0.817643 0.821410 0.846226 0.791169 0.735474 0.769251 0.802238 0.791239 0.814304 0.791194 0.735500 0.769259 0.802277 0.791253 0.814391
0.833696 0.775940 0.804476 0.826313 0.816548 0.860175 0.829118 0.799415 0.829004 0.796888 0.798602 0.857995 0.829080 0.799370 0.829036 0.796850 0.798637 0.857958 0.829613 0.792288 0.818362 0.815545 0.810570 0.857810 0.829546 0.792228 0.818276 0.815601 0.810566 0.857783
0.759300 0.653967 0.689572 0.737796 0.768538 0.788265 0.821971 0.748656 0.794622 0.808603 0.814177 0.835190 0.821922 0.748640 0.794583 0.808544 0.814167 0.835189 0.771982 0.715314 0.747057 0.786197 0.777210 0.799289 0.771952 0.715315 0.747093 0.786205 0.777182 0.799282
0.829786 0.761323 0.794661 0.819730 0.816306 0.857619 0.841698 0.796971 0.833359 0.809946 0.811581 0.863614 0.841737 0.796952 0.833394 0.809986 0.811672 0.863608 0.829979 0.787379 0.817800 0.822019 0.815181 0.858955 0.830045 0.787362 0.817822 0.822036 0.815197 0.858918
0.819577 0.738018 0.767968 0.803459 0.811517 0.845674 0.846631 0.792416 0.830828 0.819762 0.822520 0.863762 0.846590 0.792380 0.830806 0.819747 0.822513 0.863754 0.824296 0.777761 0.809490 0.822904 0.813034 0.851863 0.824331 0.777781 0.809543 0.822887 0.813086 0.851927
0.780957 0.682401 0.711919 0.759295 0.783759 0.805792 0.837901 0.771515 0.815321 0.821211 0.822505 0.848848 0.837938 0.771490 0.815374 0.821259 0.822507 0.848816 0.790541 0.743809 0.772740 0.803428 0.787751 0.813727 0.790588 0.743748 0.772769 0.803458 0.787783 0.813694
