8.726226
8.920575
14.558903
20.003185
15.374002
8.740218
16.284073
8.378906
9.275603
9.563344
8.934175
8.234292
7.932698
7.986777
7.934368
7.722823
7.537876
7.366737
7.107931
6.811205
6.527275
6.219839
5.895813
5.728888
6.579444
5.665810
5.851036
5.548899
5.357517
5.108007
5.110211
4.664926
4.453115
4.612958
4.132241
4.111537
3.989266
3.736290
3.985936
4.894876
6.282274
4.782879
4.527619
4.943783
4.060898
4.264936
4.558261
4.251788
4.079566
4.089908
3.950665
3.835876
4.061141
3.716562
3.818767
3.552202
3.705016
3.355632
3.470182
3.216540
3.202092
3.306228
3.203642
3.212895
2.904421
3.227631
3.635177
4.455404
3.997141
3.326413
3.565093
3.999425
3.273765
3.343371
3.717063
3.257387
3.338459
3.432232
3.232098
3.360370
3.138812
3.150552
3.238509
3.094323
2.950329
3.002327
3.002090
2.865412
2.888936
2.856795
2.902451
2.924747
2.717119
2.707739
2.802755
2.688286
2.679241
2.613977
2.648574
2.601174
2.618842
2.580407
2.605665
2.580130
2.642368
3.039643
3.874507
2.582237
3.736433
3.696232
3.307712
3.124794
3.141273
3.479538
2.832001
3.151532
3.170041
2.941320
3.057809
2.992490
3.033173
2.846055
2.946229
2.960541
2.836093
2.791329
2.803206
2.770660
2.675201
2.740332
2.667652
2.671054
2.660205
2.618842
2.631565
2.599573
2.615432
2.604154
2.560880
2.591397
2.574193
2.600565
2.559687
2.570647
2.535551
2.546346
2.525150
2.541763
2.532047
2.540244
2.522432
2.524475
2.512070
2.514845
2.503128
2.508382
2.504934
2.517288
2.521087
2.554347
2.591360
2.687424
2.744500
2.817278
2.617228
2.506361
2.532684
2.606324
2.591879
2.508600
2.512758
2.566236
2.537445
2.494678
2.511114
2.538769
2.525214
2.491884
2.487712
2.509376
2.522605
2.520687
2.502116
2.486921
2.478771
2.477559
2.482280
2.493814
2.520885
2.569987
2.687040
2.779603
2.866949
2.617673
2.493519
