0.839825 0.832839 0.821033 0.828554 0.821676 0.780683
0.853259 0.851200 0.836087 0.840310 0.833915 0.798491
0.869710 0.853231 0.847692 0.844777 0.843950 0.817804
0.879613 0.853889 0.851004 0.846613 0.848752 0.830278
0.884785 0.852195 0.851139 0.844147 0.849813 0.832801
0.886671 0.855617 0.852184 0.847094 0.847068 0.841289
0.887833 0.856549 0.853839 0.852998 0.847297 0.837946
0.888433 0.861553 0.853806 0.855530 0.845844 0.842631
0.888189 0.864407 0.853604 0.858994 0.846713 0.845683
0.889104 0.866538 0.856827 0.860281 0.847146 0.848504
0.892020 0.870465 0.856085 0.865186 0.850295 0.851601
0.894415 0.874361 0.857529 0.870762 0.852828 0.853558
0.899606 0.874518 0.861640 0.877389 0.858508 0.856811
0.903378 0.877133 0.864876 0.881778 0.862573 0.859242
0.907288 0.880872 0.865780 0.882652 0.866417 0.862280
0.910588 0.879686 0.869806 0.885302 0.865891 0.864800
0.913985 0.880261 0.872785 0.885146 0.868919 0.867741
0.912803 0.881324 0.875001 0.886535 0.869927 0.870314
0.911664 0.879565 0.874488 0.883886 0.871909 0.869783
0.909446 0.879393 0.870132 0.880963 0.868328 0.866307
0.908277 0.875868 0.869306 0.876396 0.867741 0.862017
0.904093 0.870779 0.869139 0.872746 0.862552 0.862290
0.898946 0.870079 0.869179 0.867897 0.858019 0.859864
0.898636 0.870162 0.867530 0.866297 0.861115 0.860064
0.897351 0.870313 0.865406 0.863142 0.858708 0.861534
0.897146 0.869625 0.863996 0.861109 0.853627 0.861098
0.895907 0.868947 0.864967 0.860607 0.851371 0.863123
0.895848 0.868295 0.865249 0.860743 0.853040 0.860566
0.900031 0.867863 0.865507 0.864942 0.852611 0.859608
0.901874 0.868555 0.867073 0.868283 0.853392 0.862463
0.901493 0.868568 0.868646 0.867717 0.852505 0.863048
0.902909 0.868690 0.865852 0.868253 0.854751 0.867230
0.903156 0.867761 0.869921 0.872943 0.858724 0.872994
0.905379 0.869025 0.870648 0.874239 0.861207 0.872856
0.905648 0.867986 0.874991 0.873009 0.861876 0.871441
0.903904 0.868938 0.873713 0.871936 0.861233 0.872125
0.903520 0.868048 0.873487 0.870961 0.858716 0.868201
0.904350 0.868475 0.873341 0.872173 0.860008 0.868095
0.904058 0.868613 0.873761 0.869411 0.858839 0.869914
0.901182 0.868277 0.874015 0.869124 0.857052 0.871816
0.903797 0.867268 0.872265 0.868816 0.857652 0.871940
0.904175 0.867968 0.872828 0.868182 0.856942 0.871127
0.904987 0.866327 0.872763 0.866872 0.857477 0.870451
0.904424 0.863458 0.873228 0.866865 0.855158 0.869576
0.904261 0.861785 0.872342 0.865032 0.856305 0.868657
0.902983 0.861559 0.872019 0.863007 0.856086 0.869754
0.901455 0.860630 0.868526 0.861401 0.856243 0.869918
0.901230 0.857265 0.867469 0.862582 0.856454 0.869943
0.898229 0.856986 0.868732 0.859821 0.856973 0.870691
0.896460 0.858044 0.867665 0.860258 0.856625 0.872807
0.896516 0.856494 0.867589 0.860783 0.858048 0.873402
0.897561 0.856336 0.867660 0.862189 0.856139 0.876119
0.900616 0.854375 0.865543 0.861760 0.855228 0.874786
0.900124 0.853547 0.868948 0.859826 0.858446 0.871531
0.903805 0.855774 0.871134 0.862518 0.859096 0.872207
0.902863 0.854638 0.872732 0.861532 0.861127 0.874763
0.902721 0.852800 0.875769 0.861538 0.862103 0.874010
0.906067 0.851591 0.877529 0.864766 0.858907 0.870527
0.905348 0.847985 0.878436 0.862105 0.856154 0.872744
0.906183 0.847441 0.877518 0.860546 0.855270 0.873269
0.909898 0.847874 0.875948 0.861417 0.853766 0.872850
0.903408 0.848007 0.876905 0.858337 0.853066 0.875390
0.901757 0.845232 0.876899 0.854361 0.851095 0.873303
0.903390 0.845630 0.872464 0.856646 0.848641 0.873200
0.901437 0.843739 0.869886 0.855341 0.849304 0.872120
0.899216 0.843037 0.868309 0.854350 0.848077 0.874639
0.902419 0.840568 0.867708 0.855532 0.847157 0.871230
0.899141 0.841921 0.866870 0.852989 0.844867 0.875360
0.898222 0.841067 0.869188 0.850925 0.843932 0.877602
0.903099 0.840642 0.868184 0.854372 0.845518 0.876317
0.906042 0.840123 0.867516 0.856291 0.845742 0.879694
0.905173 0.841318 0.872620 0.855997 0.847170 0.885171
0.907804 0.844386 0.868472 0.856197 0.846243 0.884364
0.907459 0.844710 0.868494 0.855858 0.847034 0.887018
0.908075 0.848172 0.872797 0.852842 0.847214 0.889439
0.907138 0.843267 0.867987 0.855992 0.847889 0.886339
0.907523 0.842998 0.865554 0.856421 0.847008 0.885636
0.907070 0.845299 0.865495 0.853449 0.846411 0.887797
0.907435 0.842347 0.865823 0.852569 0.845517 0.884507
0.905528 0.839623 0.862807 0.853443 0.842990 0.880890
0.904813 0.838911 0.862153 0.851497 0.841180 0.881051
0.903888 0.839096 0.860505 0.849711 0.838441 0.879849
0.902474 0.836648 0.857220 0.850257 0.838441 0.876411
0.900719 0.835453 0.857542 0.849911 0.837993 0.875016
0.902062 0.837604 0.859095 0.849132 0.836743 0.875531
0.900886 0.836890 0.859423 0.849727 0.837783 0.876679
0.903092 0.835571 0.856554 0.852180 0.837618 0.872283
0.902759 0.835364 0.856385 0.850013 0.836463 0.873970
0.902487 0.833178 0.856970 0.849123 0.836219 0.875267
0.901971 0.830123 0.856893 0.850396 0.837259 0.873310
0.903016 0.833211 0.857228 0.849143 0.836826 0.873802
0.904800 0.832771 0.856381 0.847613 0.837512 0.874055
0.904215 0.831937 0.854969 0.848750 0.838098 0.873027
0.904619 0.832562 0.854393 0.848501 0.839716 0.872518
0.904987 0.832839 0.858378 0.849126 0.840692 0.876997
0.905177 0.830163 0.857067 0.849532 0.838464 0.872965
0.905085 0.831423 0.856734 0.850338 0.838376 0.872206
0.905396 0.832349 0.857992 0.850200 0.839325 0.873752
0.902781 0.832690 0.856588 0.850606 0.837211 0.870923
0.905187 0.833657 0.858367 0.852549 0.838985 0.873935
0.905870 0.834641 0.858604 0.852625 0.838698 0.874094
0.906253 0.833768 0.858198 0.852210 0.838453 0.871607
0.906103 0.834675 0.859564 0.851154 0.839570 0.871452
0.904188 0.833462 0.856806 0.850587 0.837709 0.871649
0.905705 0.832969 0.858130 0.850598 0.836799 0.872524
0.903221 0.830925 0.858352 0.848746 0.836151 0.872792
0.903491 0.829527 0.857373 0.848618 0.835233 0.872324
0.903381 0.830268 0.859463 0.848491 0.835422 0.870057
0.903449 0.829282 0.857873 0.849450 0.834651 0.870381
0.903320 0.833378 0.859452 0.848470 0.836251 0.864228
0.903196 0.831972 0.858906 0.849217 0.834505 0.870668
0.904131 0.833178 0.857357 0.849482 0.835102 0.870505
0.904513 0.832578 0.856858 0.848677 0.834722 0.868767
0.901425 0.831913 0.856621 0.848723 0.832414 0.869147
0.903603 0.832723 0.859165 0.847830 0.835102 0.868587
0.901416 0.832750 0.858359 0.851396 0.833954 0.868101
0.904571 0.833439 0.859911 0.850527 0.835483 0.868772
0.904221 0.835402 0.860593 0.849540 0.836866 0.868534
0.902527 0.835650 0.858243 0.850072 0.835099 0.871778
0.904778 0.836197 0.859959 0.849318 0.837957 0.865978
0.900637 0.834127 0.856610 0.854951 0.834188 0.870150
0.903780 0.840095 0.860582 0.853857 0.837836 0.868606
0.903738 0.843101 0.860463 0.854633 0.838649 0.869508
0.902042 0.837387 0.857045 0.855604 0.835733 0.873364
0.905049 0.840586 0.861636 0.857726 0.836541 0.864895
0.902302 0.838723 0.856313 0.857877 0.835009 0.864769
0.903214 0.841021 0.856971 0.857490 0.835168 0.864621
0.905015 0.838637 0.860646 0.854518 0.840788 0.864897
0.900738 0.837784 0.856611 0.856405 0.835995 0.867445
0.899907 0.841569 0.856779 0.855412 0.837549 0.865855
0.904143 0.840526 0.863140 0.856394 0.839644 0.861950
0.897454 0.837028 0.856765 0.855642 0.837091 0.862113
0.896719 0.836104 0.854317 0.855999 0.835138 0.861808
0.901567 0.840622 0.859839 0.855752 0.839962 0.861678
0.900220 0.840388 0.860830 0.857042 0.840512 0.862847
0.895793 0.837034 0.855916 0.859088 0.837559 0.867848
0.896538 0.837769 0.857642 0.859726 0.838213 0.865472
0.901468 0.840815 0.860595 0.858094 0.842752 0.860133
0.899648 0.839838 0.860411 0.857937 0.839111 0.861898
0.895682 0.835708 0.855191 0.858739 0.835780 0.860844
0.896333 0.836767 0.857143 0.858939 0.834449 0.860044
0.901114 0.837343 0.859124 0.857232 0.837220 0.856256
0.899553 0.838450 0.856228 0.857136 0.835894 0.856350
0.895910 0.834485 0.856320 0.856595 0.835537 0.853936
0.897530 0.834870 0.857189 0.858282 0.838363 0.858347
0.899703 0.838996 0.863153 0.858000 0.839528 0.859309
0.898672 0.837821 0.860700 0.858657 0.838036 0.863041
0.897125 0.836153 0.857637 0.857785 0.835486 0.859210
0.897110 0.836633 0.858465 0.855527 0.836259 0.854889
0.896370 0.837394 0.860164 0.856149 0.836422 0.851579
0.895307 0.838929 0.858486 0.859484 0.835554 0.853523
0.893553 0.838587 0.857041 0.860672 0.834680 0.854768
0.891971 0.839322 0.860108 0.861137 0.837453 0.857516
0.891842 0.838862 0.863014 0.862234 0.838773 0.858253
0.892251 0.839720 0.859097 0.861615 0.837129 0.853869
0.892279 0.838694 0.858813 0.860673 0.837217 0.851736
0.891211 0.838238 0.859216 0.861241 0.837258 0.852006
0.891178 0.837224 0.857450 0.861353 0.837000 0.850096
0.889758 0.835861 0.858594 0.860766 0.837237 0.849199
0.892022 0.838627 0.859940 0.862342 0.838049 0.852650
0.891969 0.840013 0.861104 0.862166 0.838946 0.852800
0.892196 0.839463 0.860470 0.862852 0.836988 0.852525
0.892177 0.840095 0.862468 0.861641 0.839611 0.853663
0.890459 0.839636 0.862649 0.861405 0.838698 0.849371
0.891082 0.840214 0.859980 0.860602 0.838167 0.847200
0.892088 0.840572 0.858955 0.860657 0.840785 0.846922
0.891330 0.840170 0.858537 0.859340 0.840092 0.848043
0.890966 0.840570 0.859103 0.859283 0.839011 0.848440
0.891790 0.841607 0.860615 0.859774 0.841307 0.849227
0.892133 0.842201 0.861470 0.859462 0.841462 0.846551
0.891230 0.843761 0.859193 0.859795 0.840933 0.848494
0.893123 0.842994 0.860561 0.860781 0.843158 0.843912
0.892048 0.842225 0.860087 0.859839 0.840345 0.842375
0.890838 0.842391 0.860828 0.859551 0.837713 0.845259
0.892670 0.841895 0.862350 0.859601 0.840881 0.841146
0.891231 0.843575 0.862745 0.860991 0.839794 0.845266
0.891233 0.844407 0.863165 0.860835 0.839398 0.843150
0.890567 0.843714 0.864228 0.862122 0.842786 0.840885
0.889091 0.844581 0.861344 0.861243 0.839906 0.841779
0.891566 0.842526 0.862832 0.860563 0.842388 0.839719
0.890617 0.843725 0.865123 0.860368 0.840264 0.839289
0.890477 0.844509 0.865270 0.860915 0.841441 0.837669
0.889046 0.844589 0.864205 0.861055 0.842614 0.837954
0.890357 0.844549 0.863743 0.859847 0.843416 0.837760
0.890643 0.844345 0.863988 0.859172 0.847421 0.837945
0.888943 0.843147 0.862728 0.859455 0.845709 0.840310
0.889554 0.841775 0.862718 0.859938 0.846107 0.839999
0.888390 0.842976 0.860825 0.858546 0.842111 0.839531
0.890147 0.843290 0.861865 0.858525 0.845140 0.834920
0.890727 0.844135 0.861517 0.856993 0.841435 0.835917
0.888076 0.843465 0.861770 0.856618 0.841014 0.831455
0.883919 0.842749 0.862348 0.856686 0.840206 0.831795
0.886748 0.840634 0.864272 0.856222 0.840972 0.829212
0.887682 0.841062 0.864355 0.855148 0.839697 0.827503
0.887948 0.840399 0.864082 0.854946 0.838680 0.824203
0.884734 0.837672 0.864062 0.854175 0.840371 0.825148
0.887238 0.840004 0.867174 0.854144 0.840351 0.818201
0.878766 0.832621 0.857153 0.854221 0.836404 0.831900
0.888864 0.832055 0.860086 0.853369 0.838315 0.785479
0.874451 0.824071 0.852055 0.851248 0.832377 0.831173
0.871693 0.817618 0.848652 0.841028 0.819567 0.827889
0.876579 0.819266 0.847677 0.837985 0.827837 0.828936
0.856729 0.796594 0.828644 0.818739 0.804958 0.806023
0.856566 0.794838 0.830160 0.817546 0.804852 0.800534
0.860861 0.796982 0.836302 0.821876 0.817739 0.802762
0.854840 0.795552 0.830366 0.818458 0.808205 0.805241
0.844376 0.788516 0.818416 0.811243 0.798557 0.795616
0.840589 0.787070 0.813352 0.804456 0.796979 0.790991
0.841972 0.785402 0.811658 0.804833 0.798393 0.792788
0.843165 0.784982 0.821452 0.814014 0.804018 0.798185
0.837153 0.782813 0.816794 0.812784 0.800228 0.798940
0.835915 0.779975 0.811970 0.809560 0.801648 0.790883
0.839454 0.780316 0.809667 0.813124 0.802836 0.793671
0.846519 0.785670 0.814726 0.818701 0.805018 0.798656
0.851905 0.793082 0.819321 0.822312 0.808239 0.802223
0.855311 0.793899 0.822251 0.824044 0.806842 0.801541
0.856667 0.794234 0.820673 0.825201 0.807900 0.801895
0.860612 0.797040 0.823767 0.826785 0.808066 0.799980
0.861952 0.793519 0.825743 0.830342 0.807888 0.797649
0.863473 0.794125 0.822946 0.829629 0.808286 0.792208
0.863178 0.795501 0.823037 0.830406 0.807533 0.787783
0.861430 0.795968 0.823215 0.832071 0.809885 0.787871
0.863904 0.799308 0.823907 0.834484 0.812091 0.789206
0.863720 0.800998 0.824787 0.836461 0.814303 0.793834
0.865054 0.804982 0.826277 0.838446 0.814168 0.798466
0.860984 0.805587 0.826343 0.837719 0.815506 0.797570
0.860291 0.805293 0.825854 0.837078 0.819743 0.793581
0.857750 0.803441 0.822726 0.837907 0.819848 0.792142
0.854054 0.802431 0.820181 0.837185 0.819109 0.787777
0.854910 0.804141 0.821222 0.838017 0.818650 0.786824
0.854115 0.806300 0.820508 0.838795 0.817512 0.789329
0.853277 0.808409 0.818897 0.837045 0.820246 0.789065
0.853247 0.809265 0.818172 0.837205 0.820945 0.793455
0.853316 0.811955 0.819506 0.836725 0.822874 0.792663
0.852978 0.814858 0.820356 0.837020 0.823359 0.793955
0.852926 0.815282 0.822321 0.836313 0.824870 0.793272
0.854133 0.813614 0.821334 0.836683 0.825493 0.794407
0.854244 0.811719 0.819245 0.835869 0.824115 0.791631
0.854516 0.808958 0.819248 0.835211 0.821355 0.788904
0.852860 0.808299 0.817381 0.835176 0.819672 0.787010
0.852223 0.808935 0.815939 0.832781 0.819021 0.790038
0.850790 0.809199 0.817322 0.832738 0.815549 0.790570
0.850948 0.810548 0.816899 0.832700 0.813557 0.791204
0.852076 0.811311 0.816969 0.832566 0.813561 0.792850
0.854221 0.810512 0.816394 0.832111 0.813136 0.792341
0.854556 0.809728 0.816928 0.831585 0.812802 0.789376
0.851993 0.808748 0.815631 0.832265 0.813595 0.788021
0.854046 0.811465 0.814377 0.832481 0.813879 0.786474
0.854156 0.811008 0.815151 0.832241 0.814312 0.787533
0.853765 0.811487 0.816440 0.831424 0.814243 0.787248
0.851078 0.812245 0.816480 0.830763 0.811624 0.784726
0.850615 0.810613 0.815939 0.829774 0.811502 0.784497
0.848570 0.809301 0.813224 0.827752 0.811900 0.783021
0.846337 0.810562 0.811848 0.826084 0.810592 0.781919
0.842948 0.810749 0.811944 0.826400 0.810466 0.784604
0.842574 0.812935 0.812137 0.827718 0.810323 0.783329
0.841357 0.814265 0.811762 0.828268 0.811550 0.781434
0.842664 0.817043 0.814116 0.828599 0.813385 0.784098
0.843478 0.816334 0.814239 0.830919 0.812826 0.785752
0.842847 0.815093 0.815507 0.831783 0.809918 0.788079
0.843857 0.816862 0.818827 0.831498 0.808804 0.786667
0.842743 0.816972 0.817659 0.831325 0.809274 0.785583
0.839435 0.816880 0.817220 0.832182 0.809241 0.784500
0.838733 0.816967 0.815834 0.832243 0.808342 0.784018
0.839195 0.817147 0.814302 0.833774 0.807471 0.784843
0.839667 0.818206 0.813529 0.832700 0.808993 0.786060
0.840574 0.818259 0.814649 0.832538 0.807922 0.784593
0.839038 0.814758 0.816139 0.831257 0.807487 0.784164
0.838059 0.813409 0.814973 0.829138 0.806551 0.783689
0.838123 0.812695 0.812687 0.827863 0.806244 0.782989
0.837853 0.811410 0.812693 0.827140 0.806096 0.780213
0.837141 0.810913 0.811739 0.827061 0.804961 0.779945
0.834826 0.810191 0.810663 0.825855 0.805001 0.776906
0.832252 0.808504 0.807517 0.823292 0.804740 0.774131
0.830822 0.808521 0.805647 0.821601 0.805568 0.773613
0.830474 0.808592 0.803192 0.822541 0.806056 0.773838
0.831361 0.810776 0.801495 0.821938 0.804261 0.772800
0.832208 0.810804 0.801895 0.824093 0.804368 0.775339
0.833868 0.811078 0.802193 0.824141 0.804467 0.775970
0.832436 0.810765 0.801111 0.824559 0.804949 0.777185
0.831786 0.809796 0.798097 0.824405 0.805871 0.774384
0.832475 0.809105 0.801810 0.824702 0.806615 0.774190
0.833524 0.808646 0.797912 0.825717 0.805451 0.774965
0.831290 0.806804 0.797167 0.825361 0.804059 0.773879
0.831627 0.807594 0.797244 0.823930 0.804137 0.772286
0.830928 0.806725 0.793241 0.823920 0.802749 0.772206
0.831074 0.808418 0.792242 0.823863 0.803389 0.770528
0.828694 0.808694 0.792192 0.822926 0.801683 0.769384
0.826989 0.806272 0.792040 0.825503 0.800032 0.768077
0.824922 0.804828 0.790458 0.824647 0.800775 0.769419
0.825798 0.804693 0.787085 0.824706 0.802002 0.768878
0.825248 0.804212 0.787964 0.823363 0.801771 0.768692
0.824689 0.802915 0.791289 0.824382 0.802257 0.769395
0.827772 0.803898 0.793413 0.822359 0.801325 0.771120
0.832010 0.804462 0.797587 0.822722 0.801994 0.771348
0.834978 0.804148 0.798422 0.823417 0.801572 0.768899
0.833288 0.806558 0.798308 0.826037 0.799124 0.769205
0.835084 0.808103 0.800659 0.826518 0.799985 0.771403
0.836888 0.806535 0.803948 0.827608 0.801887 0.772771
0.837664 0.804610 0.806755 0.827641 0.804282 0.773706
0.837811 0.803678 0.808730 0.827913 0.803852 0.774983
0.838067 0.802730 0.811436 0.827308 0.805466 0.774916
0.838093 0.800914 0.811181 0.826504 0.805764 0.776975
0.837446 0.802021 0.809144 0.827548 0.803969 0.776337
0.838767 0.801710 0.811914 0.827167 0.805957 0.777055
0.839995 0.802043 0.812762 0.826262 0.805911 0.778953
0.841209 0.801078 0.811323 0.822686 0.804332 0.778310
0.841521 0.801575 0.812242 0.824104 0.804438 0.776818
0.840879 0.802148 0.812089 0.824908 0.804747 0.777484
0.840718 0.802597 0.812752 0.824920 0.804754 0.778258
0.840487 0.803429 0.813429 0.823677 0.805002 0.778598
0.841268 0.803394 0.814185 0.823981 0.804814 0.778883
0.841836 0.803648 0.814507 0.823513 0.806572 0.778218
0.839332 0.803619 0.814533 0.823435 0.807265 0.777337
0.841110 0.803843 0.814788 0.821895 0.806721 0.778454
0.840106 0.802986 0.816041 0.821460 0.806626 0.777747
0.839644 0.803270 0.814250 0.822290 0.805200 0.779655
0.838971 0.804267 0.816263 0.821923 0.805625 0.779798
0.838909 0.804312 0.817254 0.820526 0.807415 0.779811
0.840084 0.804187 0.817455 0.820485 0.807712 0.779502
0.840347 0.805835 0.816810 0.821145 0.810180 0.778148
0.841840 0.804812 0.818402 0.820919 0.811498 0.777989
0.842899 0.804016 0.817969 0.822493 0.813146 0.778774
0.843941 0.804439 0.819531 0.823751 0.813800 0.779620
0.844626 0.804808 0.821726 0.823806 0.814083 0.779468
0.845517 0.805455 0.822357 0.823601 0.815216 0.779785
0.845420 0.805737 0.823991 0.824010 0.814973 0.778431
0.844070 0.804708 0.824867 0.823576 0.813660 0.777394
0.844602 0.805254 0.824758 0.824488 0.815269 0.776218
0.843990 0.805499 0.825329 0.824039 0.815904 0.775383
0.843315 0.805520 0.825209 0.822647 0.815224 0.776466
0.844321 0.806557 0.825562 0.823608 0.816083 0.776476
0.845210 0.808167 0.826913 0.824068 0.815757 0.774735
0.845848 0.809445 0.826254 0.824694 0.816020 0.775257
0.847466 0.810000 0.827847 0.824866 0.814898 0.773740
0.847640 0.810454 0.827743 0.824478 0.816985 0.774690
0.847689 0.809393 0.827878 0.822550 0.816127 0.771549
0.847967 0.809998 0.828197 0.822476 0.815339 0.772092
0.847749 0.808899 0.827278 0.822720 0.815317 0.769935
0.848462 0.809869 0.827721 0.823807 0.814112 0.769512
0.851430 0.810423 0.827355 0.825517 0.814043 0.769004
0.850793 0.811350 0.827825 0.826305 0.814408 0.769442
0.851740 0.811232 0.827059 0.826957 0.816091 0.771117
0.851838 0.812063 0.826659 0.827809 0.818185 0.773275
0.853850 0.813362 0.827844 0.828650 0.818508 0.774096
0.852958 0.813511 0.827287 0.827500 0.817764 0.774068
0.854404 0.815095 0.828365 0.829291 0.819796 0.776291
0.854420 0.817687 0.827488 0.829953 0.822480 0.778364
0.853989 0.818659 0.826994 0.829266 0.820920 0.779864
0.854377 0.818383 0.826570 0.829898 0.821350 0.779381
0.855988 0.818424 0.827569 0.829765 0.820694 0.781016
0.856561 0.818218 0.826663 0.829491 0.819945 0.783220
0.856746 0.818706 0.827505 0.829683 0.818705 0.782875
0.858384 0.819979 0.828443 0.830236 0.819188 0.784310
0.857362 0.820836 0.827612 0.830323 0.821639 0.786128
0.858144 0.821452 0.828166 0.829908 0.820442 0.786592
0.859203 0.820782 0.829500 0.830116 0.821768 0.784465
0.856687 0.819318 0.831148 0.829737 0.824815 0.783786
0.858353 0.819495 0.832608 0.830147 0.825170 0.786164
0.861787 0.821593 0.835102 0.833275 0.832641 0.786704
0.859936 0.820911 0.833486 0.832355 0.831596 0.786700
0.858588 0.818907 0.832773 0.833019 0.830438 0.786836
0.859340 0.818982 0.835346 0.832972 0.833328 0.785176
0.861125 0.819270 0.834387 0.830864 0.829409 0.784228
0.859395 0.819464 0.832225 0.830264 0.828357 0.782345
0.860843 0.820994 0.835777 0.831285 0.828148 0.781240
0.860419 0.820714 0.835137 0.831336 0.827536 0.778934
0.860487 0.821063 0.832323 0.831493 0.825922 0.778528
0.859622 0.821101 0.834155 0.832384 0.824619 0.778887
0.859837 0.821094 0.835123 0.832473 0.824690 0.779513
0.859673 0.821383 0.835292 0.832033 0.826014 0.780609
0.860464 0.822116 0.837543 0.832659 0.827386 0.781465
0.860634 0.822491 0.837218 0.834129 0.826133 0.783664
0.861152 0.822897 0.836190 0.833906 0.828570 0.784072
0.862758 0.822260 0.834972 0.833783 0.830346 0.783330
0.862211 0.821991 0.836610 0.834355 0.832329 0.782535
0.863424 0.822322 0.837277 0.836037 0.832628 0.788892
0.865815 0.822495 0.837873 0.834295 0.835729 0.789042
0.866143 0.821917 0.838745 0.833955 0.834321 0.789837
0.865478 0.822527 0.839326 0.833305 0.834963 0.790079
0.866529 0.823695 0.840086 0.833001 0.835466 0.789570
0.866790 0.824114 0.840348 0.833439 0.833643 0.789506
0.865188 0.824760 0.839720 0.833933 0.834877 0.789379
0.864595 0.825778 0.839017 0.832558 0.835762 0.788482
0.864074 0.826685 0.838519 0.833607 0.837139 0.787332
0.864962 0.827346 0.839172 0.833559 0.836273 0.788485
0.864136 0.828048 0.838954 0.835205 0.836031 0.788672
0.863578 0.827546 0.839348 0.835017 0.835758 0.790919
0.863275 0.826472 0.839591 0.835390 0.835297 0.789672
0.864005 0.825114 0.837904 0.834464 0.835566 0.789871
0.865048 0.824827 0.838597 0.834077 0.835077 0.791172
0.865646 0.824321 0.838572 0.831299 0.834388 0.790546
0.865410 0.824410 0.839618 0.830317 0.833639 0.792181
0.865160 0.824911 0.838309 0.829302 0.832716 0.793426
0.864541 0.824897 0.839751 0.832362 0.835453 0.792110
0.864133 0.824232 0.838220 0.833281 0.834674 0.792033
0.865284 0.827075 0.839824 0.834132 0.835669 0.791425
0.865418 0.827162 0.840555 0.834629 0.836385 0.789708
0.864481 0.825411 0.839808 0.832919 0.835532 0.789965
0.865036 0.825539 0.842277 0.831538 0.835393 0.788824
0.865833 0.826149 0.840443 0.828763 0.836574 0.790235
0.866807 0.825228 0.842675 0.829637 0.836131 0.789611
0.866425 0.824836 0.841225 0.828269 0.833189 0.790335
0.866685 0.824098 0.841586 0.828382 0.835223 0.790237
0.867905 0.824164 0.839619 0.828789 0.835179 0.790298
0.867204 0.825186 0.840120 0.829194 0.835795 0.790484
0.867616 0.825268 0.840553 0.829825 0.836802 0.790178
0.870482 0.825798 0.841893 0.829462 0.836999 0.789987
0.871605 0.824910 0.842428 0.829810 0.837285 0.790871
0.871631 0.825424 0.841567 0.831114 0.835936 0.791274
0.872227 0.827240 0.843687 0.830961 0.839680 0.794823
0.871622 0.827884 0.842436 0.830932 0.840148 0.794443
0.872942 0.829077 0.844734 0.833787 0.841533 0.793563
0.873300 0.828002 0.843406 0.829627 0.838172 0.795513
0.873046 0.828708 0.843259 0.830748 0.841549 0.798408
0.872978 0.828230 0.842482 0.829417 0.841790 0.797125
0.872819 0.826707 0.840046 0.826127 0.839924 0.796195
0.873602 0.827593 0.841515 0.827312 0.841479 0.799831
0.873683 0.825534 0.837978 0.827343 0.840319 0.798546
0.872228 0.821781 0.836184 0.825878 0.837482 0.796839
0.873420 0.822408 0.837921 0.826924 0.840610 0.798717
0.873430 0.822338 0.837852 0.825397 0.836995 0.798819
0.874850 0.825092 0.840153 0.831050 0.841233 0.802254
0.874494 0.825644 0.839985 0.831476 0.841153 0.801047
0.871643 0.821426 0.834437 0.824788 0.832919 0.797852
0.872509 0.821741 0.841327 0.829529 0.839341 0.796043
0.874113 0.822281 0.840654 0.829331 0.843156 0.796287
0.874211 0.825064 0.839004 0.827180 0.841102 0.800045
0.873812 0.824808 0.841224 0.828798 0.842393 0.800931
0.872566 0.818719 0.838265 0.824715 0.840371 0.798399
0.872187 0.818106 0.837528 0.824263 0.838886 0.797324
0.872393 0.819264 0.839163 0.826209 0.840002 0.797652
0.873785 0.820044 0.839493 0.824737 0.841687 0.797212
0.872902 0.823882 0.840927 0.827660 0.842102 0.796048
0.873735 0.822986 0.839999 0.826813 0.839088 0.796483
0.870814 0.821216 0.838891 0.826004 0.841851 0.798079
0.871941 0.821952 0.839463 0.825406 0.842985 0.798998
0.872287 0.821504 0.839934 0.824179 0.843711 0.800289
0.873921 0.822489 0.840187 0.826840 0.843037 0.801250
0.874076 0.822808 0.838898 0.825484 0.845836 0.801152
0.874374 0.819802 0.839290 0.825018 0.843266 0.802566
0.872755 0.820201 0.838229 0.824110 0.842861 0.797638
0.872606 0.820156 0.839167 0.824770 0.842985 0.797117
0.874520 0.821983 0.841345 0.826069 0.843709 0.802685
0.874064 0.821824 0.840532 0.824457 0.840704 0.804884
0.873826 0.820716 0.839883 0.825100 0.841145 0.800651
0.871971 0.820406 0.839273 0.824876 0.838694 0.798968
0.870235 0.820492 0.839953 0.825704 0.838201 0.803485
0.872660 0.822964 0.841631 0.825005 0.838607 0.809283
0.871979 0.822755 0.839294 0.825200 0.838309 0.807626
0.870304 0.823826 0.840203 0.828101 0.841327 0.807406
0.867133 0.822319 0.839743 0.825804 0.840048 0.805066
0.868841 0.822889 0.839885 0.828446 0.843336 0.806545
0.868979 0.822088 0.838676 0.825947 0.838417 0.807648
0.870117 0.823791 0.839878 0.832335 0.843616 0.807012
0.868260 0.822268 0.836749 0.827115 0.837050 0.805842
0.867964 0.823257 0.838195 0.826598 0.835947 0.808538
0.870851 0.824627 0.840610 0.830241 0.842191 0.805966
0.870251 0.821048 0.835431 0.822942 0.841193 0.803109
0.870251 0.824946 0.841254 0.830422 0.847876 0.802988
0.870933 0.823811 0.842754 0.830783 0.847075 0.809018
0.864643 0.818636 0.832120 0.821563 0.840295 0.807052
0.868497 0.823505 0.838832 0.833076 0.839208 0.804911
0.871205 0.824765 0.838975 0.836107 0.845681 0.805682
0.865673 0.821169 0.832486 0.826923 0.839879 0.809322
0.867826 0.821540 0.837016 0.832981 0.842223 0.804746
0.872731 0.829348 0.842452 0.840836 0.846410 0.804648
0.864117 0.816875 0.827617 0.819432 0.838176 0.795323
0.864552 0.815324 0.830379 0.818384 0.835205 0.795714
0.870336 0.829199 0.842798 0.828645 0.839700 0.815970
0.872240 0.838793 0.853281 0.831481 0.849899 0.832333
0.858228 0.814143 0.830422 0.817269 0.824782 0.828233
0.865679 0.817455 0.841659 0.821441 0.842835 0.819733
0.875888 0.820430 0.843113 0.831526 0.832001 0.804509
0.874351 0.816292 0.846224 0.824078 0.834485 0.808580
0.874070 0.818160 0.843992 0.821854 0.828602 0.814099
0.876078 0.825217 0.847325 0.824506 0.830726 0.820551
0.876472 0.829047 0.852333 0.830000 0.837560 0.821865
0.874877 0.824767 0.851487 0.828200 0.843855 0.814091
0.870869 0.821939 0.847584 0.824638 0.839262 0.809612
0.867858 0.822934 0.846802 0.820552 0.837022 0.808549
0.866918 0.819507 0.847999 0.823242 0.839309 0.809037
0.866383 0.824231 0.845495 0.825489 0.846272 0.820641
0.863961 0.828269 0.846820 0.826895 0.840609 0.827981
0.864239 0.830169 0.847336 0.829304 0.834988 0.833324
0.866676 0.833237 0.847480 0.835837 0.836754 0.833625
0.871798 0.837972 0.849913 0.841021 0.845144 0.836526
0.871580 0.838322 0.853388 0.843672 0.848169 0.837953
0.869804 0.837435 0.851576 0.840649 0.845749 0.836200
0.866030 0.832216 0.850381 0.837995 0.845994 0.833436
0.864123 0.831752 0.850758 0.837503 0.842664 0.829961
0.864642 0.830108 0.849568 0.835621 0.844830 0.827857
0.864029 0.829081 0.849847 0.837123 0.845675 0.824299
0.864534 0.828205 0.849550 0.835057 0.846348 0.825835
0.861919 0.829883 0.849867 0.834883 0.846586 0.826973
0.861858 0.831876 0.850040 0.833967 0.850040 0.827984
0.863294 0.834084 0.850584 0.836168 0.852207 0.829977
0.865329 0.835269 0.849894 0.837928 0.853705 0.828069
0.864545 0.831989 0.848971 0.835063 0.852179 0.827771
0.865054 0.827594 0.848261 0.830219 0.846410 0.824594
0.863938 0.825653 0.849508 0.828295 0.845212 0.822470
0.863691 0.825554 0.851634 0.826850 0.844160 0.825092
0.863739 0.825523 0.851468 0.826517 0.846950 0.825724
0.863081 0.827058 0.852534 0.826580 0.847853 0.829067
0.863124 0.828384 0.851357 0.827297 0.848344 0.828503
0.864233 0.830130 0.851396 0.826587 0.849273 0.827516
0.862512 0.830454 0.851380 0.826475 0.847280 0.827976
0.863386 0.829959 0.852298 0.827289 0.849076 0.827669
0.864252 0.828394 0.853633 0.827909 0.850176 0.826783
0.863321 0.826392 0.852505 0.827337 0.846665 0.827793
0.862794 0.827611 0.852234 0.826574 0.846148 0.823751
0.859855 0.828054 0.852002 0.825723 0.845625 0.821893
0.862351 0.828464 0.851523 0.828559 0.844954 0.824666
0.862945 0.829255 0.853360 0.831495 0.847402 0.824669
0.863366 0.830339 0.854264 0.832546 0.847575 0.821281
0.865018 0.829870 0.853338 0.832294 0.846684 0.820355
0.865639 0.829275 0.853211 0.832452 0.847206 0.819847
0.864191 0.829352 0.853892 0.832531 0.845812 0.820197
0.864310 0.830898 0.856449 0.832335 0.844291 0.823465
0.864681 0.830269 0.856975 0.833035 0.845548 0.823645
0.863317 0.829921 0.856539 0.833287 0.844700 0.822899
0.861372 0.830956 0.856415 0.834533 0.846214 0.824128
0.861090 0.832659 0.856945 0.836131 0.849316 0.823341
0.862655 0.834581 0.858405 0.838954 0.851142 0.825858
0.861612 0.835649 0.856594 0.839614 0.851199 0.825908
0.860962 0.835140 0.856936 0.840596 0.848905 0.827238
0.860565 0.835419 0.857597 0.843000 0.849700 0.828485
0.861652 0.836393 0.857460 0.844465 0.852020 0.829109
0.861671 0.836752 0.858629 0.845613 0.853205 0.831186
0.860454 0.837178 0.859185 0.844687 0.852529 0.832168
0.860632 0.837866 0.858301 0.845656 0.853724 0.831759
0.861196 0.838634 0.858473 0.847269 0.854058 0.831096
0.861073 0.839015 0.857381 0.847428 0.854626 0.830754
0.861668 0.839245 0.857525 0.848233 0.853258 0.829924
0.861687 0.839392 0.858166 0.848494 0.853879 0.828022
0.861716 0.839700 0.857136 0.848855 0.855105 0.828784
0.861527 0.839563 0.857264 0.847103 0.853661 0.829356
0.861277 0.838212 0.856607 0.846280 0.852644 0.828777
0.861164 0.838831 0.856320 0.846537 0.854416 0.828926
0.861323 0.838902 0.857052 0.846878 0.855843 0.828294
0.861509 0.837907 0.857882 0.847897 0.854595 0.829047
0.861816 0.837728 0.856859 0.847343 0.854852 0.829858
0.861946 0.839610 0.857131 0.846477 0.855942 0.829869
0.861563 0.838812 0.857376 0.846862 0.856488 0.828045
0.861843 0.837345 0.856912 0.846164 0.856017 0.827135
0.863354 0.836831 0.857227 0.845937 0.856350 0.826675
0.863514 0.837042 0.857482 0.846141 0.857182 0.825869
0.864241 0.836319 0.854226 0.845135 0.856880 0.825956
0.864057 0.835653 0.854128 0.844727 0.857472 0.826209
0.863903 0.836461 0.854589 0.844736 0.857841 0.826134
0.864391 0.835687 0.854000 0.844802 0.857795 0.825750
0.864934 0.835356 0.854172 0.844547 0.857593 0.826047
0.864825 0.835988 0.854377 0.845015 0.857701 0.827193
0.864775 0.836663 0.855142 0.844537 0.857665 0.828310
0.864650 0.836374 0.854709 0.844650 0.857789 0.829589
0.864982 0.837041 0.855053 0.846201 0.857823 0.829662
0.865221 0.837926 0.854843 0.846719 0.857225 0.828945
0.865713 0.837471 0.854767 0.846593 0.857106 0.828995
0.865465 0.838615 0.854684 0.847067 0.857162 0.828499
0.865912 0.838765 0.854577 0.846693 0.857524 0.828568
0.865077 0.838482 0.854424 0.847076 0.857523 0.829475
0.865815 0.838720 0.855115 0.847965 0.857762 0.828506
0.865575 0.838746 0.855438 0.847975 0.858019 0.828653
0.864859 0.838731 0.854459 0.847296 0.858290 0.829414
0.864245 0.838182 0.855057 0.847121 0.858027 0.829410
0.863977 0.838592 0.854927 0.848861 0.858099 0.829519
0.863438 0.838552 0.854798 0.848944 0.858880 0.829120
0.864918 0.839595 0.855122 0.848630 0.859280 0.830435
0.865009 0.840939 0.856708 0.850297 0.859674 0.830484
0.865137 0.840793 0.857074 0.850506 0.859712 0.831743
0.864144 0.840671 0.856514 0.850303 0.859137 0.833677
0.865495 0.840356 0.857670 0.850860 0.859143 0.832587
0.866633 0.841051 0.858381 0.851258 0.858733 0.832350
0.867396 0.841666 0.857021 0.851157 0.858665 0.831765
0.867583 0.842131 0.857444 0.851244 0.858416 0.831053
0.868523 0.841871 0.857012 0.850936 0.858175 0.829965
0.868718 0.842336 0.856953 0.851241 0.857834 0.829352
0.868962 0.842982 0.856178 0.851783 0.858135 0.830645
0.870136 0.842933 0.858166 0.853635 0.858815 0.831064
0.870316 0.843360 0.858254 0.852751 0.858654 0.832023
0.870306 0.843286 0.857067 0.852146 0.859353 0.832078
0.870249 0.843810 0.855895 0.853431 0.860356 0.831334
0.870049 0.843931 0.855615 0.853792 0.860742 0.831905
0.868178 0.843746 0.854951 0.854522 0.860211 0.832870
0.869457 0.843953 0.856287 0.854907 0.859821 0.832715
0.869266 0.843996 0.857590 0.854996 0.859606 0.832957
0.869173 0.844119 0.857452 0.854802 0.858984 0.833194
0.869639 0.843835 0.857182 0.854653 0.858690 0.833871
0.872291 0.843441 0.859602 0.854328 0.859023 0.834539
0.871074 0.843650 0.859436 0.854421 0.857818 0.835463
0.871854 0.843381 0.856722 0.854305 0.859020 0.836438
0.872217 0.844237 0.858021 0.855282 0.858457 0.836047
0.873510 0.843517 0.857630 0.855204 0.856926 0.838678
0.872389 0.842195 0.859750 0.854317 0.858410 0.839260
0.874001 0.842809 0.859784 0.853632 0.858379 0.839589
0.874294 0.843141 0.859288 0.853734 0.858734 0.837228
0.874053 0.844394 0.859986 0.852682 0.858060 0.838122
0.874421 0.845880 0.860972 0.855601 0.858045 0.837603
0.875063 0.846725 0.862884 0.854966 0.858736 0.837566
0.874869 0.846004 0.861730 0.853188 0.859773 0.838889
0.874442 0.843825 0.861031 0.851894 0.859585 0.841098
0.873732 0.846313 0.863232 0.851814 0.859884 0.841472
0.873813 0.846702 0.863345 0.853284 0.861678 0.840704
0.875532 0.847376 0.863512 0.851819 0.861282 0.841128
0.875377 0.847951 0.863954 0.853999 0.861051 0.840011
0.875253 0.846749 0.864177 0.853636 0.861420 0.840066
0.874259 0.847176 0.865013 0.853707 0.860228 0.841161
0.873726 0.847259 0.865318 0.853349 0.859937 0.840405
0.874073 0.847206 0.865825 0.854012 0.859924 0.839952
0.874266 0.846649 0.865937 0.854947 0.859874 0.839621
0.873684 0.846499 0.865621 0.855322 0.859810 0.838357
0.874418 0.846585 0.865115 0.853630 0.858773 0.838223
0.877263 0.846443 0.866925 0.853758 0.858982 0.838970
0.877861 0.847126 0.866473 0.852467 0.859152 0.838278
0.877811 0.847247 0.864812 0.853566 0.858938 0.836467
0.877198 0.848254 0.864531 0.853883 0.859139 0.835746
0.875268 0.848259 0.860951 0.852873 0.859476 0.835615
0.876031 0.848554 0.860343 0.851314 0.860572 0.834409
0.875211 0.848497 0.859253 0.852241 0.860100 0.832711
0.877604 0.849427 0.859995 0.852764 0.861596 0.834577
0.877452 0.848875 0.861342 0.853931 0.863684 0.837576
0.877683 0.848179 0.864329 0.855286 0.862928 0.839772
0.877820 0.848782 0.865063 0.855888 0.862417 0.839171
0.879596 0.848804 0.862188 0.857083 0.864239 0.838655
0.879752 0.851174 0.859512 0.858890 0.862780 0.838164
0.879833 0.850407 0.859148 0.859399 0.861386 0.837142
0.879646 0.850925 0.861861 0.859020 0.862532 0.837318
0.881257 0.852072 0.861676 0.859536 0.862122 0.836496
0.881928 0.853379 0.864456 0.859354 0.863273 0.835007
0.880937 0.854609 0.866298 0.858877 0.863652 0.837012
0.878316 0.851564 0.864119 0.857779 0.862440 0.837597
0.879001 0.854149 0.864713 0.857141 0.863417 0.835984
0.880786 0.854846 0.865801 0.857588 0.863173 0.838494
0.881263 0.853934 0.865933 0.859100 0.863982 0.839006
0.881501 0.854076 0.866713 0.860925 0.866404 0.841766
0.880891 0.854904 0.865857 0.859616 0.866085 0.841090
0.880616 0.855086 0.864244 0.859501 0.865134 0.842053
0.881018 0.854931 0.864651 0.860444 0.864431 0.839264
0.880732 0.854682 0.866918 0.859496 0.866378 0.841164
0.881124 0.854855 0.867647 0.860817 0.867009 0.842402
0.881099 0.856245 0.867901 0.860828 0.867444 0.843368
0.881460 0.856670 0.867530 0.860302 0.867412 0.843951
0.879224 0.857230 0.865273 0.859207 0.866774 0.842536
0.880131 0.857173 0.866704 0.859535 0.868282 0.842106
0.879613 0.857607 0.866806 0.860455 0.868437 0.840523
0.878869 0.857823 0.867515 0.860729 0.868376 0.841806
0.878076 0.857655 0.869204 0.860605 0.868825 0.841504
0.878899 0.857577 0.869918 0.861690 0.869016 0.842158
0.878268 0.856806 0.869553 0.861706 0.868241 0.843052
0.878631 0.856948 0.870236 0.861506 0.868121 0.843708
0.878812 0.856720 0.867820 0.860562 0.868287 0.844194
0.878761 0.856612 0.868099 0.859963 0.868584 0.841901
0.878831 0.857275 0.867864 0.860233 0.868582 0.842750
0.878816 0.856805 0.867984 0.859624 0.867963 0.843352
0.877981 0.856694 0.867671 0.859939 0.867620 0.843619
0.878119 0.856744 0.868375 0.860903 0.868021 0.842508
0.878404 0.856520 0.868900 0.861744 0.867963 0.841793
0.878544 0.856989 0.868324 0.861982 0.868131 0.842531
0.878493 0.856999 0.869931 0.861874 0.868247 0.842276
0.878877 0.857281 0.870791 0.861629 0.868412 0.843731
0.878380 0.857186 0.870244 0.860481 0.868839 0.844514
0.878557 0.857722 0.869599 0.861270 0.869016 0.846054
0.879041 0.857927 0.871192 0.860089 0.868607 0.846682
0.879086 0.857846 0.870375 0.859473 0.868867 0.846780
0.880415 0.857754 0.870618 0.860081 0.869828 0.846863
0.880607 0.858224 0.870627 0.860270 0.869844 0.847865
0.880909 0.858113 0.869696 0.861361 0.868760 0.846375
0.881534 0.858431 0.871727 0.861338 0.870666 0.849323
0.882209 0.858910 0.872607 0.861388 0.871559 0.848721
0.881535 0.858977 0.870719 0.861599 0.869999 0.847585
0.881742 0.859615 0.871595 0.863404 0.870876 0.849643
0.881992 0.860318 0.872279 0.863416 0.871146 0.848525
0.882139 0.860524 0.870961 0.863891 0.871628 0.847795
0.884409 0.860106 0.874507 0.863342 0.873634 0.844970
0.884242 0.860242 0.875860 0.863307 0.873678 0.845638
0.884531 0.859937 0.872035 0.863340 0.872842 0.847740
0.884080 0.860400 0.870309 0.864617 0.872022 0.849421
0.884933 0.860302 0.872032 0.864520 0.872195 0.849149
0.884610 0.860590 0.872507 0.864782 0.872072 0.848588
0.884837 0.860704 0.873789 0.864788 0.871755 0.846709
0.884865 0.860904 0.874659 0.865605 0.872056 0.848057
0.884924 0.860846 0.873359 0.865981 0.871526 0.848884
0.885680 0.861044 0.873908 0.866487 0.871911 0.849188
0.885494 0.860891 0.874263 0.865617 0.872059 0.849385
0.885785 0.860716 0.874589 0.865869 0.871845 0.848955
0.885719 0.860464 0.874716 0.865895 0.872010 0.847897
0.886151 0.859993 0.874710 0.867200 0.871669 0.848247
0.886094 0.859898 0.875561 0.867324 0.871034 0.848572
0.886130 0.859619 0.876462 0.867879 0.871982 0.847991
0.886086 0.859746 0.875634 0.867461 0.870021 0.850213
0.886960 0.859147 0.876211 0.868190 0.871455 0.849731
0.886881 0.859754 0.875487 0.867336 0.870776 0.849588
0.886610 0.860661 0.873850 0.868243 0.869837 0.850750
0.886587 0.860343 0.877015 0.867887 0.871101 0.851471
0.886535 0.860896 0.877152 0.868038 0.871661 0.852190
0.886664 0.860847 0.876964 0.867986 0.871701 0.854455
0.887617 0.860737 0.878285 0.867601 0.871048 0.852395
0.887294 0.860800 0.877642 0.866952 0.871398 0.853720
0.886381 0.860961 0.875513 0.864685 0.870649 0.856338
0.886464 0.860965 0.874734 0.866812 0.872578 0.857290
0.886407 0.860972 0.876571 0.866135 0.872663 0.857245
0.887214 0.860661 0.878412 0.865623 0.872237 0.853230
0.887750 0.860512 0.878852 0.865439 0.871870 0.852365
0.886673 0.860048 0.877842 0.865652 0.872480 0.856038
0.885941 0.860738 0.873972 0.865321 0.872837 0.857204
0.886690 0.861623 0.877178 0.865581 0.873953 0.854963
0.888613 0.862497 0.878698 0.864371 0.872191 0.853822
0.888496 0.862586 0.877868 0.864995 0.872183 0.853313
0.888911 0.862725 0.878933 0.864997 0.872646 0.852420
0.889119 0.862531 0.878374 0.866006 0.873402 0.854625
0.889866 0.862819 0.877398 0.865693 0.871716 0.855244
0.890779 0.863074 0.877879 0.865024 0.871554 0.853220
0.890568 0.862656 0.877834 0.865583 0.871633 0.851871
0.890493 0.861777 0.878505 0.865686 0.869988 0.852896
0.888034 0.861558 0.877334 0.865446 0.870045 0.854248
0.888018 0.861331 0.877200 0.865697 0.869572 0.854041
0.887736 0.861736 0.877663 0.865946 0.869335 0.854454
0.889207 0.862575 0.878860 0.866551 0.869500 0.854588
0.889471 0.862611 0.878470 0.867188 0.868756 0.855247
0.887833 0.861527 0.877233 0.867155 0.869831 0.855473
0.887789 0.861527 0.878210 0.866608 0.870105 0.854604
0.888144 0.862069 0.876587 0.867009 0.869211 0.854662
0.889548 0.862071 0.877259 0.867082 0.869401 0.854300
0.889291 0.862667 0.877734 0.867131 0.869452 0.853304
0.889047 0.863357 0.878243 0.866551 0.869057 0.855844
0.887960 0.862199 0.876894 0.867599 0.870481 0.859034
0.887481 0.861003 0.876795 0.866032 0.869880 0.859700
0.887853 0.862554 0.878581 0.866400 0.869015 0.855880
0.889640 0.863432 0.879596 0.867121 0.869062 0.854688
0.889712 0.863623 0.878060 0.866609 0.869909 0.854432
0.889987 0.863085 0.877959 0.865948 0.869686 0.856289
0.889698 0.862480 0.876968 0.865857 0.870155 0.856661
0.889552 0.862185 0.877340 0.866049 0.871618 0.856385
0.890326 0.862207 0.878760 0.865381 0.870980 0.854614
0.888584 0.861836 0.878729 0.865757 0.869856 0.854466
0.889004 0.862018 0.878049 0.866054 0.870371 0.854357
0.889134 0.861675 0.877409 0.865470 0.870389 0.855118
0.889277 0.862147 0.877428 0.865608 0.870319 0.855857
0.889497 0.862301 0.878519 0.866101 0.871240 0.854740
0.888668 0.862308 0.878829 0.866392 0.868904 0.854365
0.889544 0.862498 0.878424 0.866545 0.870131 0.854591
0.890313 0.862431 0.878179 0.867371 0.869957 0.855750
0.889303 0.862513 0.877253 0.866721 0.870205 0.855979
0.890872 0.862722 0.879343 0.866424 0.870048 0.855145
0.891511 0.862708 0.879828 0.866109 0.870781 0.855858
0.891390 0.862159 0.878676 0.866537 0.870774 0.855800
0.890540 0.862121 0.878973 0.865465 0.871469 0.856442
0.891109 0.862450 0.878454 0.865084 0.871003 0.857815
0.891875 0.861869 0.878598 0.865084 0.870101 0.857091
0.891442 0.862827 0.879450 0.867015 0.869839 0.856341
0.890504 0.862763 0.878845 0.866359 0.869477 0.856075
0.889786 0.862512 0.878719 0.866235 0.869571 0.856252
0.890447 0.862649 0.879008 0.865528 0.869211 0.855632
0.890215 0.862786 0.879097 0.866108 0.869302 0.855335
0.890888 0.862937 0.878810 0.866081 0.868895 0.855227
0.890445 0.862982 0.879158 0.866450 0.868775 0.854987
0.890063 0.862892 0.878214 0.866595 0.868033 0.855410
0.890509 0.862889 0.878371 0.866507 0.867919 0.855241
0.890594 0.863306 0.878872 0.866378 0.868205 0.856665
0.890551 0.862901 0.878423 0.866016 0.868324 0.855562
0.890205 0.862845 0.879401 0.866135 0.868588 0.856776
0.889763 0.862461 0.878350 0.865512 0.869118 0.856942
0.889357 0.861802 0.877342 0.865174 0.868085 0.856744
0.889831 0.862996 0.879859 0.866940 0.867927 0.857973
0.889020 0.862682 0.879170 0.865975 0.867420 0.856523
0.890592 0.862817 0.879411 0.866334 0.868929 0.856878
0.891070 0.863062 0.880005 0.867235 0.868642 0.857299
0.890706 0.862378 0.878543 0.866339 0.867274 0.858996
0.891540 0.862586 0.880756 0.867263 0.868416 0.857674
0.890796 0.862675 0.879537 0.866422 0.867838 0.857255
0.890804 0.862259 0.878516 0.865377 0.868246 0.857377
0.891850 0.862587 0.880016 0.866991 0.867993 0.859413
0.891141 0.862627 0.877724 0.865454 0.866777 0.859922
0.891151 0.862793 0.878952 0.867271 0.867831 0.856967
0.891122 0.862515 0.878788 0.866974 0.866242 0.856025
0.891052 0.862435 0.878148 0.866125 0.865775 0.857086
0.891645 0.862584 0.877486 0.867343 0.865138 0.858036
0.891524 0.863162 0.878240 0.866876 0.866213 0.858317
0.891871 0.863003 0.878837 0.867099 0.866435 0.857993
0.892067 0.862889 0.879757 0.868038 0.866877 0.858110
0.890584 0.862690 0.877780 0.866191 0.865975 0.857943
0.890281 0.862576 0.878195 0.867074 0.865503 0.856093
0.889657 0.862526 0.878115 0.865167 0.864362 0.856571
0.890737 0.862400 0.877709 0.865418 0.863866 0.856861
0.890688 0.862755 0.878066 0.863816 0.864327 0.858166
0.889294 0.861945 0.877721 0.864012 0.864219 0.857912
0.889886 0.863099 0.877796 0.864930 0.864554 0.853812
0.889449 0.862713 0.878174 0.864820 0.863545 0.852110
0.889280 0.863771 0.878977 0.865924 0.866169 0.851660
0.889191 0.862570 0.878554 0.864396 0.866541 0.854191
0.889781 0.862758 0.879107 0.864407 0.865984 0.854052
0.891710 0.862644 0.879265 0.863832 0.865120 0.853536
0.888613 0.861576 0.879436 0.862656 0.864539 0.855289
0.888288 0.861518 0.879613 0.861766 0.863768 0.854870
0.889034 0.861764 0.879053 0.861676 0.863685 0.852322
0.888450 0.862467 0.878353 0.862095 0.865312 0.852351
0.888356 0.862914 0.879728 0.863829 0.864104 0.850443
0.888379 0.861841 0.879664 0.863613 0.864377 0.851213
0.887146 0.863012 0.880499 0.863002 0.865401 0.855330
0.886330 0.862653 0.879226 0.862592 0.863486 0.858781
0.887782 0.863184 0.880414 0.861999 0.864655 0.855476
0.888123 0.863548 0.881676 0.861880 0.866871 0.855441
0.886744 0.862888 0.881091 0.861408 0.866029 0.853149
0.885289 0.862180 0.880835 0.862322 0.866163 0.855030
0.886307 0.861247 0.881340 0.860940 0.865025 0.853415
0.887593 0.862307 0.881076 0.860220 0.865623 0.852264
0.886488 0.862760 0.881643 0.860284 0.867974 0.853997
0.885920 0.863740 0.880028 0.860126 0.867531 0.855787
0.888284 0.862953 0.880767 0.861057 0.867507 0.852101
0.886077 0.863050 0.879957 0.859163 0.867383 0.855403
0.887729 0.863662 0.883226 0.860787 0.871703 0.845492
0.886244 0.860226 0.868777 0.859196 0.859930 0.857529
0.890604 0.858781 0.873720 0.856697 0.855170 0.836505
0.892802 0.859963 0.873074 0.861612 0.865749 0.846038
0.893130 0.860086 0.874902 0.861958 0.859967 0.855984
0.892165 0.860756 0.867618 0.863104 0.856282 0.841804
0.884894 0.842875 0.857322 0.855778 0.837130 0.810513
0.881169 0.851265 0.864697 0.858743 0.850136 0.841132
0.879179 0.854557 0.872929 0.853275 0.851930 0.854297
0.876437 0.852973 0.871236 0.851322 0.850487 0.847634
0.874524 0.844493 0.865402 0.845460 0.838384 0.828278
0.875926 0.850450 0.862234 0.835446 0.836515 0.840123
0.879092 0.849227 0.863499 0.832259 0.833707 0.838554
0.880382 0.848335 0.854621 0.841965 0.842352 0.820753
0.876177 0.848049 0.839975 0.836566 0.845906 0.796720
0.876412 0.849612 0.855969 0.841259 0.853781 0.829372
0.874408 0.847666 0.858611 0.836393 0.856789 0.830652
0.874491 0.840878 0.851135 0.824287 0.843625 0.804991
0.874707 0.848040 0.853910 0.840435 0.846232 0.808553
0.870263 0.848513 0.853359 0.843508 0.845090 0.805824
0.868578 0.849244 0.850552 0.841510 0.852541 0.797671
0.867006 0.847657 0.852916 0.837916 0.854048 0.811797
0.869457 0.850822 0.865707 0.841934 0.861454 0.828658
0.871840 0.850641 0.865279 0.849132 0.863702 0.830798
0.874051 0.848781 0.863633 0.847220 0.853867 0.822466
0.875042 0.851236 0.858983 0.845467 0.855089 0.808576
0.875660 0.851824 0.858478 0.843388 0.854379 0.808126
0.873867 0.849108 0.863850 0.841943 0.858631 0.815936
0.869959 0.844419 0.867983 0.838861 0.850428 0.825604
0.866918 0.843612 0.865648 0.840633 0.852260 0.833790
0.868413 0.847709 0.863005 0.843385 0.856146 0.828243
0.871787 0.848931 0.860329 0.842966 0.854309 0.813640
0.873021 0.850204 0.861954 0.845663 0.855659 0.814060
0.872311 0.852588 0.866221 0.848561 0.854342 0.820569
0.870905 0.852466 0.870309 0.847756 0.858648 0.825933
0.871803 0.850173 0.870671 0.847007 0.854766 0.828073
0.872789 0.851746 0.870741 0.849288 0.856299 0.826953
0.874382 0.851874 0.867344 0.850752 0.852392 0.824516
0.873964 0.852027 0.865256 0.852706 0.852145 0.818452
0.874930 0.849930 0.871233 0.851085 0.854920 0.823588
0.874398 0.849480 0.871693 0.851740 0.859753 0.826049
0.873785 0.851638 0.871552 0.851037 0.860594 0.822035
0.874442 0.852198 0.872271 0.852208 0.861240 0.821161
0.876369 0.853395 0.870970 0.853061 0.858254 0.820896
0.877492 0.855522 0.874339 0.852628 0.856963 0.821808
0.879174 0.856362 0.875597 0.853824 0.860333 0.826477
0.878352 0.856573 0.875127 0.854785 0.862543 0.830051
0.879346 0.855911 0.876323 0.855074 0.863778 0.833268
0.881161 0.856578 0.874499 0.854143 0.864661 0.828696
0.880686 0.856912 0.873778 0.853946 0.866322 0.828030
0.881698 0.856510 0.874777 0.854157 0.867032 0.826352
0.882397 0.856289 0.876241 0.853620 0.869115 0.827921
0.881703 0.856484 0.878787 0.854867 0.869125 0.829056
0.881535 0.857689 0.879871 0.854741 0.868964 0.831507
0.882840 0.857129 0.879996 0.855989 0.869379 0.833637
0.882245 0.857320 0.879328 0.857199 0.868035 0.832116
0.882918 0.858238 0.878735 0.856537 0.870553 0.831231
0.882578 0.858593 0.879330 0.858246 0.871699 0.832113
0.883376 0.858231 0.879551 0.858755 0.872040 0.832164
0.883357 0.859070 0.879913 0.859160 0.873024 0.833375
0.884644 0.859580 0.879681 0.859392 0.872910 0.833140
0.883778 0.859576 0.880357 0.859421 0.873392 0.833807
0.884359 0.860319 0.880222 0.859716 0.872446 0.836135
0.883690 0.860574 0.879354 0.858611 0.870682 0.831899
0.883575 0.860697 0.880619 0.860066 0.870417 0.835388
0.882270 0.859730 0.880305 0.858573 0.868086 0.829720
0.881530 0.860702 0.880820 0.859392 0.869702 0.834953
0.881932 0.859835 0.880697 0.860492 0.870988 0.831280
0.881390 0.859290 0.879720 0.859153 0.870596 0.833336
0.880033 0.858803 0.881916 0.859449 0.870073 0.842177
0.881991 0.859462 0.879813 0.857099 0.866449 0.833567
0.881227 0.859752 0.880747 0.858647 0.867510 0.836901
0.880391 0.859547 0.878713 0.860350 0.872294 0.832208
0.879488 0.859289 0.878883 0.857223 0.871314 0.830584
0.879962 0.859392 0.880386 0.860179 0.872365 0.838501
0.880849 0.858821 0.878398 0.857415 0.870137 0.828295
0.880077 0.859033 0.879505 0.858142 0.865927 0.831338
0.882109 0.859879 0.879249 0.855941 0.867698 0.830976
0.881300 0.860084 0.877782 0.852725 0.868068 0.831692
0.881507 0.861005 0.880053 0.856527 0.870315 0.838366
0.882071 0.859563 0.879247 0.857401 0.868810 0.833100
0.880369 0.859406 0.878912 0.856358 0.868505 0.831472
0.880360 0.858924 0.878878 0.855942 0.866285 0.832149
0.880505 0.859583 0.878698 0.857275 0.870581 0.829352
0.881152 0.860993 0.879938 0.860012 0.873866 0.832717
0.881684 0.860454 0.879547 0.859695 0.871404 0.832071
0.880797 0.860241 0.878088 0.856126 0.867758 0.825455
0.882215 0.859678 0.878472 0.856866 0.865151 0.828853
0.880541 0.859729 0.877774 0.855275 0.866884 0.824278
0.880335 0.861376 0.879619 0.854605 0.868541 0.826231
0.878465 0.862287 0.880780 0.856446 0.869192 0.831515
0.882013 0.862074 0.878837 0.854459 0.865648 0.822315
0.881110 0.864224 0.880350 0.856204 0.865485 0.828612
0.882657 0.864036 0.878685 0.856224 0.869999 0.824531
0.880847 0.862224 0.879525 0.856716 0.868211 0.828275
0.879874 0.862251 0.880238 0.855986 0.868457 0.831696
0.882379 0.860724 0.879466 0.855221 0.864093 0.828065
0.881683 0.862073 0.879494 0.855805 0.866348 0.833007
0.881266 0.860847 0.879234 0.856805 0.870041 0.829539
0.880367 0.860800 0.879904 0.857211 0.870138 0.827110
0.880247 0.863064 0.880685 0.857283 0.868304 0.830584
0.882606 0.862708 0.878692 0.856047 0.864325 0.825421
0.883440 0.863874 0.879194 0.856421 0.866750 0.831051
0.880581 0.863384 0.878654 0.855954 0.867603 0.831911
0.880322 0.862334 0.879039 0.856559 0.866515 0.824798
0.881614 0.863018 0.879897 0.858442 0.867153 0.831230
0.882796 0.864191 0.878923 0.856355 0.864055 0.821929
0.881860 0.864139 0.879747 0.858486 0.866081 0.829402
0.881012 0.863498 0.878747 0.857074 0.869898 0.832184
0.880957 0.863489 0.880453 0.857038 0.867612 0.825432
0.880232 0.863140 0.878667 0.858692 0.865710 0.828725
0.884829 0.862375 0.879057 0.856814 0.863203 0.817596
0.883198 0.864434 0.880869 0.859129 0.866412 0.831891
0.884752 0.862787 0.880484 0.856366 0.871506 0.829466
0.884433 0.863868 0.881856 0.859127 0.872131 0.828765
0.884005 0.863103 0.881886 0.858040 0.867039 0.829091
0.885204 0.863120 0.881498 0.857616 0.864927 0.826803
0.883614 0.862945 0.881222 0.860025 0.870023 0.829403
0.885293 0.864720 0.881830 0.858247 0.872481 0.829210
0.885215 0.863719 0.881331 0.859052 0.871533 0.829691
0.885751 0.863982 0.881224 0.859272 0.870327 0.824542
0.885685 0.864624 0.881157 0.859604 0.870519 0.828623
0.885198 0.864119 0.881001 0.858754 0.872106 0.829868
0.885595 0.862991 0.880132 0.857319 0.871320 0.830191
0.884589 0.864086 0.879164 0.857744 0.870405 0.832134
0.885386 0.864912 0.877023 0.856132 0.865374 0.829108
0.884825 0.863943 0.880667 0.856557 0.868023 0.832495
0.886617 0.862793 0.878444 0.848572 0.862762 0.818238
0.885286 0.864188 0.878186 0.856749 0.864078 0.833022
0.880672 0.849358 0.868371 0.848264 0.852327 0.824983
0.861050 0.844108 0.845367 0.840537 0.819787 0.764571
0.883631 0.849972 0.849333 0.844614 0.848083 0.854040
0.879066 0.844435 0.847431 0.838172 0.834368 0.852056
0.887242 0.850116 0.865091 0.853732 0.843065 0.868559
0.830349 0.703909 0.776434 0.774782 0.634601 0.701025
0.867100 0.844369 0.845093 0.844427 0.827239 0.837418
0.860088 0.839324 0.842772 0.834998 0.808271 0.833713
0.860475 0.836512 0.820625 0.836278 0.805523 0.795768
0.859920 0.826849 0.703109 0.833567 0.794953 0.646232
0.770239 0.770014 0.569643 0.793441 0.743579 0.466856
0.816203 0.804861 0.684967 0.801722 0.780350 0.580097
0.835970 0.819308 0.782216 0.809977 0.787813 0.716639
0.845186 0.827878 0.796540 0.796047 0.768526 0.742660
0.839442 0.817203 0.785406 0.774124 0.750355 0.715547
0.821751 0.780147 0.721386 0.740229 0.712827 0.649783
0.817991 0.758241 0.691728 0.719013 0.684394 0.618094
0.837106 0.781109 0.727219 0.745037 0.703371 0.661220
0.853044 0.810474 0.764246 0.776572 0.741780 0.713717
0.856647 0.812903 0.759777 0.780972 0.747265 0.707964
0.850471 0.808394 0.729371 0.777603 0.742384 0.686086
0.846329 0.792404 0.713690 0.768402 0.727228 0.667482
0.843168 0.784268 0.708777 0.764753 0.723170 0.658893
0.843116 0.784821 0.718826 0.770899 0.729951 0.674428
0.848499 0.788849 0.733738 0.779958 0.735726 0.690507
0.852806 0.792887 0.744596 0.779320 0.738569 0.704726
0.857978 0.791854 0.759661 0.778581 0.743487 0.719308
0.859309 0.795288 0.775759 0.783957 0.751024 0.735078
0.862809 0.800510 0.781769 0.787559 0.757574 0.743577
0.859391 0.800010 0.781520 0.787483 0.756972 0.744693
0.855519 0.798406 0.777240 0.784912 0.753983 0.739636
0.852263 0.797417 0.777579 0.783061 0.758381 0.739627
0.853037 0.800231 0.785338 0.780587 0.771188 0.745358
0.851019 0.808734 0.788867 0.781075 0.773268 0.749607
0.855590 0.812135 0.791283 0.788714 0.775629 0.741563
0.856089 0.812738 0.786908 0.793197 0.777243 0.740175
0.856646 0.813842 0.788836 0.792638 0.775306 0.740010
0.857559 0.817349 0.789371 0.795491 0.775832 0.737573
0.856470 0.816469 0.779881 0.794008 0.775582 0.731376
0.856460 0.817864 0.783970 0.795391 0.775964 0.727200
0.855509 0.818777 0.785494 0.797693 0.773381 0.729741
0.856069 0.819945 0.793642 0.802602 0.778173 0.744387
0.855585 0.822622 0.804492 0.805914 0.777863 0.759054
0.856165 0.826055 0.816970 0.806940 0.781479 0.773941
0.857267 0.827643 0.823535 0.807525 0.783032 0.782797
0.858959 0.825988 0.828062 0.809218 0.782654 0.788978
0.861380 0.825053 0.830956 0.809291 0.784151 0.795234
0.863174 0.828402 0.831428 0.809944 0.785480 0.798812
0.863404 0.830704 0.828793 0.810608 0.789860 0.798043
0.863121 0.830292 0.823634 0.811808 0.788034 0.791678
0.863737 0.828550 0.821072 0.811833 0.786918 0.785280
0.863421 0.828661 0.821200 0.814187 0.787153 0.780879
0.863867 0.828346 0.822656 0.814792 0.790751 0.785365
0.862951 0.829677 0.824662 0.813294 0.790585 0.790114
0.863447 0.828633 0.822954 0.812794 0.792612 0.795839
0.863522 0.829479 0.826201 0.811999 0.792807 0.797865
0.862627 0.828079 0.824465 0.808382 0.789766 0.796455
0.861844 0.828201 0.821195 0.806299 0.788906 0.793243
0.860575 0.827640 0.819053 0.807463 0.788354 0.786268
0.860142 0.829172 0.819955 0.808401 0.791166 0.785431
0.859143 0.828092 0.820121 0.806810 0.791369 0.782548
0.857957 0.826722 0.819384 0.805160 0.787084 0.780540
0.857847 0.826329 0.819271 0.805029 0.786177 0.780484
0.857736 0.825574 0.819218 0.804925 0.785499 0.780656
0.857852 0.825570 0.818756 0.804766 0.785318 0.781822
0.858365 0.825354 0.818732 0.804556 0.786847 0.782476
0.858260 0.825571 0.819220 0.804544 0.787328 0.783937
0.858110 0.825388 0.821315 0.804441 0.787539 0.784962
0.858941 0.825040 0.822665 0.804336 0.787639 0.786642
0.859137 0.824938 0.823070 0.804718 0.787609 0.787573
0.858516 0.824873 0.823618 0.805041 0.788099 0.788605
0.858885 0.824970 0.823951 0.804749 0.788033 0.789527
0.858802 0.824793 0.823685 0.804777 0.788253 0.789730
0.858351 0.824186 0.824580 0.804772 0.788059 0.790395
0.858390 0.824385 0.824546 0.804391 0.787736 0.791076
0.858712 0.825304 0.824858 0.804395 0.787487 0.791398
0.858443 0.825347 0.825202 0.804789 0.787784 0.791102
0.858693 0.825389 0.824920 0.804347 0.787695 0.791827
0.858424 0.825581 0.825437 0.804516 0.787633 0.790858
0.858301 0.825369 0.825718 0.804624 0.788199 0.789614
0.859329 0.825703 0.825753 0.804881 0.787948 0.789624
0.859436 0.825727 0.825660 0.804807 0.788700 0.789240
0.859640 0.825225 0.825732 0.805152 0.788110 0.788884
0.859641 0.825018 0.825537 0.805069 0.788611 0.788732
0.859639 0.825020 0.825532 0.804817 0.788736 0.788750
0.859634 0.825308 0.825321 0.804810 0.788943 0.788940
0.859418 0.825355 0.825300 0.804819 0.789768 0.789047
0.859249 0.825888 0.824959 0.804776 0.790117 0.789046
0.859306 0.825517 0.824772 0.806364 0.789562 0.789234
0.859068 0.825722 0.824543 0.806369 0.788885 0.789170
0.859066 0.825238 0.824848 0.806373 0.789170 0.789123
0.859065 0.824842 0.824642 0.806227 0.788921 0.789129
0.858772 0.824629 0.824457 0.805856 0.789051 0.789455
0.859207 0.824744 0.824620 0.805875 0.789335 0.790105
0.859204 0.825001 0.824761 0.805899 0.789475 0.790815
0.859080 0.825248 0.824992 0.805769 0.789819 0.791035
0.858545 0.825148 0.825219 0.805530 0.790862 0.791515
0.858671 0.825050 0.825671 0.805529 0.791039 0.792296
0.858436 0.824778 0.825738 0.805898 0.790548 0.792869
0.858436 0.824998 0.825825 0.806144 0.790336 0.793351
0.858432 0.825316 0.825329 0.806199 0.789916 0.793503
0.858438 0.825138 0.825300 0.805759 0.789651 0.793739
0.858683 0.824965 0.825321 0.805764 0.790926 0.794459
0.858742 0.824968 0.826124 0.805872 0.790893 0.794671
0.858742 0.824268 0.826038 0.805825 0.790658 0.794383
0.858582 0.824372 0.826057 0.806259 0.790810 0.793714
0.858761 0.824323 0.825439 0.806385 0.792411 0.793641
0.858445 0.824545 0.825697 0.806579 0.792351 0.793154
0.858441 0.824644 0.825831 0.806735 0.793802 0.793353
0.858757 0.824018 0.826212 0.806433 0.793518 0.793480
0.858760 0.823766 0.826247 0.806562 0.793604 0.793961
0.858848 0.823355 0.826762 0.806394 0.793248 0.793792
0.859303 0.823470 0.826793 0.806087 0.793242 0.793608
0.859237 0.823142 0.827502 0.805833 0.793405 0.794244
0.859239 0.823485 0.827448 0.805991 0.793955 0.795114
0.859280 0.823861 0.827722 0.805249 0.793379 0.795087
0.859270 0.823664 0.828860 0.805308 0.793299 0.795087
0.859290 0.823625 0.829958 0.805478 0.792803 0.794407
0.859564 0.823525 0.829081 0.805357 0.792290 0.794303
0.859462 0.823099 0.829548 0.805509 0.792321 0.794328
0.859461 0.822989 0.829267 0.806042 0.792380 0.794343
0.860036 0.822880 0.830101 0.804991 0.792298 0.794537
0.860271 0.823079 0.830178 0.804995 0.792999 0.794429
0.860151 0.822655 0.830124 0.805064 0.792918 0.795162
0.860583 0.822126 0.830137 0.804763 0.792811 0.796465
0.861148 0.821971 0.829842 0.805781 0.792024 0.797392
0.860663 0.822360 0.830048 0.805117 0.791602 0.798232
0.860730 0.822088 0.829827 0.805434 0.792081 0.798655
0.860544 0.822628 0.830268 0.805870 0.792804 0.799104
0.861536 0.822630 0.830387 0.805893 0.790957 0.799314
0.861603 0.822597 0.830308 0.805664 0.791205 0.799891
0.861736 0.822510 0.831285 0.805760 0.790989 0.799995
0.861608 0.822451 0.830446 0.805689 0.790881 0.800215
0.861721 0.822396 0.830511 0.805473 0.790682 0.800320
0.861707 0.822495 0.830765 0.805511 0.790694 0.800574
0.862263 0.822655 0.830730 0.804712 0.790533 0.800566
0.862440 0.823230 0.831122 0.804736 0.790545 0.800467
0.862574 0.822302 0.831186 0.805028 0.790218 0.800424
0.862438 0.822764 0.832022 0.805001 0.790349 0.800322
0.862102 0.822755 0.831085 0.803840 0.789887 0.801323
0.862223 0.822758 0.831256 0.804771 0.789899 0.800765
0.862285 0.822760 0.832251 0.804899 0.790013 0.800558
0.862353 0.823376 0.832423 0.804920 0.789211 0.800634
0.862835 0.824137 0.832695 0.805229 0.789998 0.800484
0.862618 0.824302 0.832887 0.805104 0.789913 0.800435
0.862622 0.824107 0.832543 0.804964 0.789644 0.800513
0.862527 0.824151 0.832926 0.805925 0.789595 0.800497
0.862524 0.824152 0.833299 0.806033 0.789785 0.801400
0.862681 0.824265 0.833302 0.806142 0.789801 0.800831
0.862682 0.824363 0.833428 0.806153 0.790017 0.799880
0.862803 0.824168 0.833549 0.806116 0.790305 0.799766
0.862804 0.823535 0.833558 0.805699 0.789815 0.799229
0.862678 0.823538 0.833558 0.806230 0.789829 0.799789
0.862549 0.823639 0.833674 0.806190 0.791633 0.799894
0.862399 0.824437 0.833294 0.806479 0.791745 0.800426
0.862401 0.824995 0.833304 0.806368 0.791899 0.800647
0.862773 0.824432 0.833315 0.806154 0.791908 0.799697
0.862588 0.824431 0.832885 0.806131 0.792428 0.799705
0.862754 0.824241 0.832962 0.806253 0.792488 0.799422
0.862875 0.825226 0.833010 0.806147 0.791766 0.799541
0.862872 0.825043 0.833665 0.806623 0.791929 0.799064
0.862874 0.825110 0.834098 0.806668 0.791877 0.799893
0.863080 0.825160 0.834413 0.806669 0.791994 0.799772
0.863057 0.825161 0.833932 0.806666 0.792001 0.800066
0.862982 0.825020 0.833997 0.806453 0.792295 0.800095
0.862981 0.824429 0.834153 0.806718 0.792619 0.799863
0.863353 0.824433 0.834165 0.806722 0.792838 0.799751
0.863353 0.824000 0.834447 0.807370 0.792855 0.800040
0.863353 0.824004 0.834455 0.807136 0.792750 0.800628
0.863304 0.824198 0.834574 0.807151 0.793238 0.800377
0.863378 0.824361 0.834955 0.807373 0.793465 0.800394
0.863378 0.824502 0.835088 0.807380 0.793689 0.800537
0.863224 0.825168 0.835196 0.807733 0.794090 0.800123
0.863224 0.825264 0.835199 0.807741 0.795122 0.800556
0.863229 0.825148 0.833901 0.807814 0.794385 0.801154
0.863552 0.825147 0.834088 0.807993 0.794807 0.801129
0.863664 0.825249 0.834100 0.808380 0.794821 0.800149
0.863879 0.825351 0.834121 0.808481 0.794938 0.800117
0.864747 0.825452 0.834485 0.808551 0.794588 0.800776
0.864754 0.825457 0.834709 0.808921 0.794422 0.801074
0.864602 0.825460 0.834834 0.808772 0.795889 0.800644
0.864629 0.825465 0.834963 0.808988 0.795664 0.800646
0.864690 0.825466 0.834901 0.808623 0.795677 0.801178
0.864689 0.825565 0.835107 0.808498 0.795689 0.801259
0.864751 0.826000 0.835381 0.808021 0.796046 0.801244
0.864689 0.825562 0.835904 0.808284 0.796539 0.801994
0.864569 0.825851 0.835717 0.808285 0.796654 0.802191
0.864688 0.825891 0.836293 0.808288 0.796709 0.802435
0.865126 0.825887 0.836573 0.808293 0.796895 0.802533
0.865234 0.825891 0.835485 0.808686 0.796242 0.802586
0.864874 0.825775 0.835504 0.809000 0.796250 0.802893
0.865236 0.825779 0.834700 0.809004 0.795958 0.803099
0.865300 0.825460 0.835932 0.808609 0.795803 0.803123
0.865763 0.825461 0.835580 0.808612 0.795811 0.803125
0.865764 0.825357 0.836643 0.808626 0.795821 0.803132
0.865810 0.825464 0.836232 0.808628 0.795827 0.802984
0.865812 0.825469 0.834809 0.808436 0.795836 0.802997
0.865820 0.825686 0.834721 0.808559 0.795950 0.802683
0.865698 0.825689 0.835104 0.808669 0.796081 0.802595
0.865702 0.825842 0.835325 0.808672 0.796320 0.802536
0.865671 0.825586 0.835025 0.808674 0.796228 0.802750
0.865704 0.825589 0.834719 0.808430 0.796232 0.802827
0.865672 0.825565 0.835034 0.808496 0.797410 0.802563
0.865891 0.825669 0.834075 0.808781 0.797421 0.802577
0.865893 0.825767 0.834195 0.809082 0.797311 0.802744
0.866202 0.825453 0.834465 0.808531 0.797418 0.802757
0.865961 0.825411 0.835105 0.808379 0.797345 0.802763
0.866068 0.825466 0.835236 0.808621 0.797507 0.802761
0.866069 0.825209 0.834583 0.808626 0.797007 0.802644
0.866069 0.825007 0.834733 0.808222 0.797312 0.802490
0.866070 0.825525 0.834736 0.808088 0.797040 0.802799
0.866135 0.825329 0.835337 0.808306 0.797143 0.803041
0.866138 0.825331 0.835347 0.808309 0.797251 0.803379
0.866234 0.825098 0.834795 0.808695 0.797131 0.803385
0.865773 0.825199 0.835481 0.808356 0.797081 0.803672
0.866205 0.825145 0.835814 0.808529 0.797051 0.803364
0.865654 0.825244 0.836223 0.808428 0.796988 0.803465
0.866092 0.824712 0.836778 0.808754 0.797099 0.803475
0.866094 0.824602 0.836834 0.810100 0.798275 0.803491
0.865660 0.824801 0.836948 0.810104 0.798386 0.803248
0.865661 0.825326 0.836077 0.809993 0.797897 0.803399
0.865600 0.825426 0.837017 0.810321 0.797966 0.803946
0.865601 0.825343 0.836300 0.810416 0.797435 0.803856
0.865774 0.825334 0.836406 0.810392 0.798295 0.803818
0.865466 0.825279 0.836589 0.810612 0.798300 0.802844
0.865396 0.825209 0.835831 0.810620 0.798244 0.802910
0.865770 0.824972 0.835862 0.810842 0.796176 0.803009
0.865773 0.824972 0.836146 0.810888 0.796082 0.802884
0.865965 0.824862 0.836225 0.810740 0.796323 0.802463
0.866172 0.824737 0.836124 0.810837 0.796437 0.802670
0.865714 0.825034 0.836345 0.810516 0.795960 0.802890
0.866132 0.824929 0.836562 0.810626 0.796183 0.803399
0.865823 0.824895 0.836047 0.810627 0.795971 0.803850
0.865825 0.824822 0.835607 0.809960 0.795984 0.803455
0.865941 0.824949 0.835480 0.809967 0.795946 0.802442
0.865837 0.825044 0.835278 0.810337 0.796301 0.802753
0.866087 0.824720 0.835306 0.810217 0.796148 0.802651
0.866089 0.824721 0.835461 0.810365 0.796052 0.802277
0.866212 0.824721 0.834918 0.810241 0.797012 0.802086
0.865885 0.825300 0.835021 0.810018 0.798497 0.802748
0.866030 0.825292 0.835180 0.809551 0.798401 0.802853
0.866402 0.825430 0.835236 0.809553 0.798369 0.802745
0.866340 0.825649 0.834846 0.809128 0.798374 0.803117
0.866405 0.825552 0.834666 0.809130 0.798378 0.803123
0.866832 0.825696 0.835276 0.809482 0.799928 0.802996
0.866717 0.826189 0.834432 0.809489 0.799830 0.803020
0.866703 0.826412 0.835167 0.809558 0.800209 0.803038
0.866637 0.826415 0.835767 0.809705 0.800373 0.803521
0.865900 0.826993 0.835135 0.809653 0.798763 0.803763
0.865901 0.826592 0.835262 0.809412 0.798777 0.804001
0.865904 0.826112 0.834856 0.810596 0.799086 0.804223
0.865317 0.826422 0.834948 0.810607 0.798923 0.804246
0.865505 0.826029 0.835488 0.810620 0.799488 0.804043
0.865838 0.826526 0.835603 0.811193 0.798978 0.804117
0.865840 0.826529 0.835567 0.811531 0.799203 0.804105
0.866257 0.826528 0.835199 0.811665 0.799032 0.804091
0.866190 0.825907 0.835077 0.811470 0.799121 0.803560
0.866114 0.825796 0.835231 0.811373 0.799292 0.803643
0.866368 0.825934 0.835354 0.811476 0.797470 0.803648
0.866369 0.826178 0.836198 0.811485 0.797763 0.803864
0.866441 0.826179 0.836527 0.811335 0.797558 0.803875
0.866505 0.826179 0.836059 0.812126 0.797046 0.803478
0.866727 0.825735 0.835645 0.812125 0.797903 0.803127
0.866911 0.825742 0.835758 0.812372 0.798864 0.804258
0.866983 0.825537 0.833750 0.812412 0.798990 0.804587
0.866983 0.825544 0.834190 0.812575 0.799022 0.805271
0.867209 0.825228 0.834287 0.813477 0.799333 0.805600
0.867363 0.825231 0.834017 0.813468 0.800133 0.806871
0.867360 0.825235 0.833463 0.814560 0.800063 0.806983
0.867357 0.825452 0.834218 0.813540 0.800022 0.806975
0.868622 0.825448 0.834375 0.813035 0.800825 0.806951
0.868795 0.825175 0.834303 0.812995 0.800626 0.806515
0.868747 0.825457 0.834315 0.812526 0.801596 0.806401
0.868888 0.825700 0.834541 0.812915 0.801555 0.806638
0.868703 0.826494 0.834287 0.813033 0.801395 0.806635
0.868440 0.826329 0.834462 0.812918 0.800957 0.806813
0.868333 0.825884 0.834610 0.812587 0.800419 0.807886
0.867653 0.826090 0.834408 0.812724 0.800430 0.807928
0.867461 0.826423 0.834633 0.813007 0.801094 0.808065
0.867384 0.826359 0.834929 0.812411 0.801571 0.808037
0.867532 0.826348 0.835022 0.812525 0.802013 0.807601
0.868359 0.826235 0.835556 0.812719 0.802154 0.807435
0.868447 0.826348 0.833611 0.812611 0.801913 0.807543
0.868449 0.826695 0.833621 0.812818 0.802027 0.807362
0.868553 0.826702 0.834217 0.812738 0.801805 0.807472
0.868555 0.826478 0.834028 0.812851 0.801698 0.808425
0.868556 0.826808 0.834146 0.813073 0.801720 0.808708
0.868408 0.827105 0.835619 0.813407 0.801836 0.808846
0.867793 0.827617 0.835817 0.813401 0.801822 0.808409
0.867794 0.827679 0.836128 0.813750 0.801746 0.808095
0.868548 0.827461 0.837202 0.813153 0.801729 0.807518
0.868398 0.827554 0.837083 0.814310 0.801572 0.807360
0.868216 0.827437 0.836728 0.814101 0.800552 0.806771
0.867837 0.827632 0.837766 0.814214 0.800443 0.806764
0.867879 0.827638 0.837695 0.814543 0.800093 0.806771
0.867835 0.827648 0.837751 0.814626 0.801171 0.807047
0.867839 0.829236 0.838396 0.814940 0.801664 0.807571
0.867841 0.829251 0.838460 0.814392 0.802117 0.807624
0.867890 0.829655 0.839255 0.814741 0.803216 0.807574
0.868201 0.829434 0.839145 0.814453 0.802785 0.807812
0.868355 0.829242 0.839056 0.814315 0.802792 0.807617
0.868356 0.829499 0.839483 0.814760 0.802484 0.807167
0.868352 0.829073 0.839489 0.814563 0.802190 0.807429
0.868840 0.828444 0.838859 0.815618 0.801966 0.807122
0.868837 0.828439 0.838968 0.815397 0.801947 0.807097
0.868836 0.828437 0.839362 0.815403 0.801776 0.806709
0.868721 0.828437 0.839359 0.815406 0.801977 0.806499
0.868652 0.827951 0.838809 0.815531 0.801981 0.805985
0.868758 0.827951 0.838930 0.815426 0.802193 0.806244
0.868644 0.827929 0.839125 0.816316 0.801951 0.805839
0.868212 0.828123 0.838673 0.816255 0.801839 0.805428
0.868531 0.828332 0.838399 0.815840 0.801985 0.804740
0.868529 0.828072 0.838613 0.815946 0.800973 0.804556
0.868274 0.827986 0.838552 0.815341 0.801530 0.804559
0.868007 0.828458 0.838774 0.815195 0.802465 0.804772
0.867048 0.828453 0.837820 0.815789 0.802269 0.805078
0.866901 0.828161 0.838381 0.816090 0.801392 0.806237
0.866709 0.828059 0.838425 0.815801 0.800511 0.806247
0.865481 0.828249 0.838957 0.815932 0.800784 0.806206
0.865480 0.828456 0.839081 0.816178 0.800749 0.805703
0.864330 0.828659 0.839060 0.816078 0.800551 0.806021
0.864328 0.828749 0.839178 0.816044 0.801531 0.806223
0.864328 0.828364 0.839189 0.816085 0.801471 0.806134
0.864327 0.828315 0.839298 0.816079 0.801604 0.806038
0.864326 0.827648 0.839305 0.815731 0.801507 0.805565
0.864325 0.827155 0.840042 0.815242 0.801509 0.805169
0.865741 0.827265 0.839948 0.815120 0.801099 0.804797
0.866073 0.827367 0.839003 0.814892 0.801466 0.804970
0.867257 0.827366 0.838956 0.815021 0.801898 0.805053
0.867004 0.827759 0.839284 0.815081 0.801814 0.805690
0.867900 0.827145 0.838832 0.814966 0.801089 0.805914
0.868006 0.826860 0.838840 0.814960 0.800935 0.806033
0.868121 0.826051 0.838812 0.814862 0.801394 0.805750
0.868122 0.826143 0.838690 0.814621 0.801336 0.805551
0.867871 0.826236 0.838663 0.814624 0.801241 0.805547
0.867876 0.826619 0.838775 0.814733 0.801256 0.805548
0.867877 0.827044 0.838990 0.814966 0.801250 0.805817
0.868397 0.826512 0.839405 0.814966 0.801777 0.806167
0.868398 0.826924 0.839481 0.815224 0.800223 0.806433
0.868395 0.827019 0.839848 0.815440 0.800227 0.805623
0.868394 0.827114 0.839951 0.815290 0.800502 0.805653
0.868503 0.826999 0.840008 0.815074 0.799719 0.805549
0.868524 0.826778 0.840209 0.815073 0.799716 0.805520
0.868526 0.826679 0.840949 0.816276 0.800391 0.805392
0.867972 0.827392 0.839999 0.816106 0.800501 0.805815
0.868377 0.827392 0.841053 0.816053 0.799687 0.805713
0.867794 0.827552 0.840491 0.816070 0.799847 0.805452
0.868299 0.827550 0.840142 0.815366 0.799613 0.805203
0.868007 0.827406 0.840636 0.814994 0.799216 0.804550
0.868277 0.827405 0.840455 0.815377 0.799151 0.804509
0.867348 0.827504 0.840463 0.815424 0.799172 0.804513
0.867477 0.827401 0.840697 0.815381 0.798043 0.804631
0.866784 0.827602 0.840405 0.815168 0.798077 0.805140
0.866787 0.827718 0.840316 0.815280 0.796922 0.805438
0.867564 0.827480 0.840647 0.814394 0.798084 0.805319
0.867569 0.828010 0.840556 0.814377 0.797901 0.805327
0.867570 0.828218 0.840720 0.813649 0.797909 0.805152
0.867566 0.828276 0.840730 0.813690 0.799195 0.805264
0.865399 0.828471 0.841643 0.813658 0.799221 0.805658
0.864896 0.828093 0.841864 0.813878 0.799015 0.805869
0.864707 0.827959 0.841827 0.813805 0.799022 0.806449
0.864685 0.828154 0.842150 0.814822 0.798848 0.806474
0.865230 0.828042 0.842149 0.814998 0.799055 0.806319
0.865223 0.828232 0.842262 0.813895 0.798826 0.806536
0.865225 0.828230 0.842035 0.813404 0.798716 0.806509
0.865230 0.828438 0.841915 0.813632 0.798713 0.806404
0.865007 0.828440 0.842083 0.813694 0.797701 0.806399
0.865101 0.828160 0.841968 0.813906 0.797157 0.806263
0.864920 0.828362 0.841972 0.813898 0.795947 0.806544
0.864928 0.828250 0.841817 0.813876 0.796065 0.807285
0.865777 0.828257 0.841929 0.813869 0.796390 0.807310
0.865711 0.828320 0.842246 0.813759 0.797058 0.807355
0.866033 0.828325 0.842351 0.814589 0.798395 0.807497
0.866191 0.827721 0.842462 0.814477 0.798202 0.807509
0.866438 0.827723 0.842735 0.814578 0.797901 0.807332
0.866326 0.827623 0.842305 0.814249 0.798159 0.807314
0.866328 0.827597 0.842476 0.814373 0.796882 0.807055
0.866330 0.827593 0.843449 0.814049 0.797023 0.806742
0.866329 0.827641 0.843447 0.814046 0.796951 0.806883
0.866270 0.827696 0.842922 0.814042 0.796955 0.806875
0.866424 0.827699 0.843018 0.813993 0.796963 0.806875
0.866363 0.827746 0.843122 0.813800 0.796983 0.806881
0.866363 0.827751 0.842850 0.813754 0.798000 0.806898
0.866250 0.828044 0.843158 0.813747 0.798390 0.807658
0.866250 0.828533 0.843265 0.813545 0.798498 0.808297
0.866250 0.828927 0.843263 0.813758 0.798494 0.808610
0.866101 0.829922 0.843066 0.813867 0.798708 0.808618
0.866105 0.830119 0.842944 0.814525 0.798264 0.809472
0.865791 0.829128 0.842465 0.814664 0.798711 0.809483
0.866077 0.829321 0.842301 0.814517 0.799137 0.809881
0.866143 0.829043 0.842302 0.814411 0.799452 0.809499
0.866068 0.828003 0.842398 0.814202 0.799942 0.808781
0.865842 0.827758 0.842514 0.814637 0.799828 0.808740
0.865843 0.827753 0.842511 0.814742 0.799829 0.808734
0.866069 0.827753 0.842700 0.814732 0.799842 0.808838
0.866185 0.827652 0.842474 0.814730 0.799749 0.809119
0.867464 0.827540 0.842484 0.814664 0.799367 0.809146
0.867397 0.827795 0.842385 0.814857 0.798004 0.809252
0.867397 0.827799 0.841582 0.814799 0.799334 0.809277
0.867397 0.827637 0.841566 0.814805 0.798091 0.809002
0.867382 0.827655 0.841566 0.814811 0.798368 0.809059
0.867380 0.828222 0.841570 0.814230 0.798489 0.808964
0.867661 0.828041 0.841373 0.814234 0.799633 0.809633
0.867657 0.828007 0.841561 0.814360 0.799341 0.809336
0.867702 0.828010 0.841506 0.814225 0.798604 0.809410
0.867823 0.828147 0.841724 0.814431 0.798587 0.809700
0.867647 0.828246 0.841989 0.815057 0.799620 0.810439
0.867474 0.828383 0.842039 0.815471 0.799850 0.810580
0.866245 0.827543 0.842083 0.816097 0.801001 0.810295
0.866304 0.827580 0.842399 0.816213 0.801606 0.810296
0.865981 0.827688 0.843006 0.816616 0.801734 0.810287
0.865789 0.827983 0.842396 0.816824 0.801556 0.810081
0.865668 0.828186 0.842646 0.816593 0.801139 0.809804
0.865214 0.829098 0.843361 0.816712 0.799562 0.810299
0.865215 0.829203 0.843144 0.816813 0.799264 0.810323
0.865648 0.828824 0.843736 0.817054 0.799614 0.810297
0.866107 0.828595 0.844996 0.816459 0.799625 0.810017
0.867457 0.828482 0.845231 0.815601 0.798865 0.809307
0.867136 0.828106 0.844835 0.815559 0.800344 0.809276
0.867138 0.826557 0.844842 0.816053 0.800449 0.809597
0.867138 0.826564 0.844421 0.816058 0.800462 0.809882
0.866587 0.826575 0.844346 0.816173 0.800463 0.809193
0.866398 0.825928 0.844782 0.815807 0.800084 0.808770
0.866010 0.825830 0.844772 0.816090 0.800095 0.808471
0.866380 0.826106 0.844778 0.815941 0.800171 0.808937
0.866066 0.826145 0.845254 0.816049 0.800498 0.809004
0.866734 0.826487 0.844378 0.815900 0.800621 0.809401
0.866730 0.826642 0.844971 0.816010 0.801384 0.809705
0.866625 0.826783 0.844981 0.816320 0.801369 0.810011
0.866625 0.826777 0.844988 0.816237 0.801617 0.810029
0.866603 0.826971 0.844174 0.816116 0.801007 0.810461
0.866248 0.827065 0.844291 0.816119 0.799978 0.810089
0.866249 0.826863 0.845038 0.816122 0.799967 0.809889
0.866357 0.826763 0.845032 0.815885 0.799358 0.809551
0.866535 0.826661 0.845179 0.815885 0.800691 0.809428
0.866061 0.826770 0.845343 0.816099 0.799602 0.809150
0.866535 0.826575 0.844950 0.816108 0.799631 0.809264
0.866092 0.826575 0.844871 0.815301 0.799656 0.808698
0.866962 0.826420 0.844950 0.815409 0.799942 0.809003
0.866307 0.826946 0.844063 0.815409 0.799971 0.809599
0.865863 0.827204 0.843779 0.815621 0.800910 0.810090
0.864869 0.827212 0.843571 0.815470 0.800934 0.810322
0.864713 0.827576 0.844377 0.815568 0.801058 0.810037
0.864716 0.827572 0.844225 0.815182 0.801039 0.810124
0.865412 0.827872 0.844226 0.814583 0.800123 0.810222
0.865228 0.827675 0.844277 0.814584 0.800869 0.810381
0.865434 0.827769 0.844274 0.815502 0.801016 0.810365
0.866189 0.827869 0.844953 0.815670 0.800978 0.811105
0.865956 0.828045 0.845325 0.816225 0.801096 0.810860
0.865803 0.828016 0.845700 0.816330 0.801184 0.811496
0.866068 0.827686 0.844774 0.816332 0.801487 0.811305
0.866069 0.827660 0.844879 0.816206 0.801485 0.811419
0.865463 0.827860 0.844728 0.816103 0.801347 0.810905
0.865097 0.827986 0.844833 0.815678 0.801353 0.811069
0.865536 0.827883 0.845047 0.815783 0.801453 0.810989
0.865422 0.828081 0.845065 0.815721 0.801469 0.811192
0.865426 0.828295 0.845064 0.815821 0.802598 0.811668
0.866478 0.828074 0.845058 0.816163 0.802622 0.811940
0.867212 0.828370 0.845054 0.816151 0.802437 0.812028
0.867211 0.828669 0.844990 0.816109 0.802655 0.811911
0.866890 0.828754 0.845090 0.816347 0.802793 0.811506
0.866944 0.828757 0.845195 0.816193 0.803381 0.811423
0.866637 0.829489 0.844257 0.816309 0.803369 0.811470
0.866522 0.830278 0.844850 0.816367 0.803566 0.812023
0.866433 0.831022 0.845481 0.816375 0.803602 0.812133
0.866532 0.830843 0.845749 0.816376 0.803212 0.812053
0.866420 0.830928 0.845749 0.816540 0.803845 0.811822
0.866478 0.830906 0.845750 0.816173 0.803366 0.812960
0.866614 0.830128 0.845931 0.816874 0.804096 0.812645
0.866359 0.830222 0.845805 0.816703 0.803817 0.813175
