0.839825 0.832839 0.821033 0.828554 0.821677 0.780683
0.853260 0.851200 0.836087 0.840310 0.833915 0.798491
0.869710 0.853231 0.847692 0.844777 0.843951 0.817803
0.879613 0.853889 0.851004 0.846613 0.848752 0.830278
0.884785 0.852195 0.851139 0.844147 0.849813 0.832801
0.886671 0.855617 0.852184 0.847094 0.847081 0.841289
0.887833 0.856545 0.853839 0.852998 0.847716 0.837946
0.888433 0.861600 0.853860 0.855530 0.846238 0.842634
0.888189 0.864450 0.853689 0.858994 0.847349 0.845678
0.889105 0.866539 0.856849 0.860285 0.847731 0.848499
0.892020 0.870465 0.856291 0.865188 0.850757 0.851601
0.894482 0.874361 0.857920 0.870762 0.853327 0.853577
0.899674 0.874576 0.862121 0.877389 0.858977 0.856903
0.903548 0.877197 0.865313 0.881847 0.863059 0.859323
0.907466 0.880944 0.866211 0.882654 0.866629 0.862287
0.910582 0.879767 0.870229 0.885413 0.866105 0.864828
0.914091 0.880261 0.873124 0.885384 0.869249 0.867828
0.913171 0.881329 0.875504 0.886725 0.870275 0.870335
0.911809 0.879565 0.875009 0.884019 0.872163 0.869788
0.909581 0.879488 0.870684 0.881162 0.869098 0.866380
0.908406 0.875966 0.869934 0.876591 0.868541 0.862225
0.904224 0.870885 0.869964 0.872881 0.863505 0.862364
0.899082 0.870084 0.869960 0.868033 0.858996 0.859994
0.898771 0.870161 0.868105 0.866493 0.861957 0.860161
0.897590 0.870309 0.866231 0.863421 0.859699 0.861743
0.897146 0.869625 0.864842 0.861392 0.854858 0.861333
0.895907 0.868947 0.865646 0.860893 0.852454 0.863193
0.896155 0.868296 0.865944 0.861030 0.854328 0.860808
0.900268 0.867864 0.866273 0.865148 0.854079 0.859963
0.902101 0.868551 0.868198 0.868429 0.855237 0.862849
0.901886 0.868568 0.869694 0.867795 0.854203 0.863385
0.903061 0.868692 0.866806 0.868333 0.856255 0.867353
0.903309 0.867761 0.871064 0.873023 0.860118 0.873149
0.905637 0.869025 0.871740 0.874317 0.862496 0.873054
0.906062 0.867986 0.876249 0.873160 0.863245 0.871657
0.904242 0.868938 0.875127 0.872090 0.862528 0.872235
0.903762 0.868048 0.874862 0.871074 0.860111 0.868237
0.904575 0.868475 0.874880 0.872282 0.861458 0.868188
0.904234 0.868613 0.875152 0.869485 0.860424 0.869976
0.901366 0.868277 0.875039 0.869200 0.858619 0.871886
0.903801 0.867268 0.873474 0.868891 0.859387 0.872003
0.904175 0.867968 0.874063 0.868255 0.858750 0.871249
0.904995 0.866328 0.873895 0.866993 0.859120 0.870529
0.904423 0.863458 0.874284 0.866992 0.856715 0.869663
0.904351 0.861785 0.873417 0.865104 0.858006 0.868735
0.903075 0.861559 0.873173 0.863080 0.857723 0.869787
0.901547 0.860630 0.869570 0.861475 0.857923 0.870062
0.901424 0.857265 0.868612 0.862655 0.858053 0.870102
0.898418 0.856985 0.869868 0.859890 0.858694 0.870791
0.896459 0.858044 0.868691 0.860328 0.858337 0.872842
0.896582 0.856494 0.868537 0.860855 0.859636 0.873445
0.897562 0.856336 0.868586 0.862258 0.858003 0.876342
0.900616 0.854375 0.866694 0.861827 0.857486 0.875028
0.900215 0.853547 0.869633 0.859895 0.859976 0.871698
0.903801 0.855774 0.872344 0.862583 0.861686 0.872253
0.903036 0.854638 0.873472 0.861746 0.863070 0.874933
0.902930 0.852800 0.876849 0.861768 0.863345 0.874096
0.906238 0.851591 0.878418 0.864981 0.861396 0.870681
0.905562 0.847985 0.879126 0.862344 0.857345 0.872740
0.906333 0.847441 0.877846 0.860707 0.855552 0.873272
0.910138 0.847874 0.876679 0.861648 0.856113 0.872981
0.903553 0.848007 0.877274 0.858582 0.853614 0.875392
0.901948 0.845232 0.877075 0.854814 0.851326 0.873303
0.903623 0.845630 0.873009 0.857138 0.850568 0.873203
0.901857 0.843739 0.869889 0.855459 0.849574 0.872120
0.899448 0.843037 0.868309 0.854477 0.848236 0.874639
0.902815 0.840568 0.868108 0.855734 0.847793 0.871230
0.899552 0.841921 0.866871 0.853108 0.845158 0.875360
0.898453 0.841067 0.869188 0.851056 0.844039 0.877602
0.903493 0.840642 0.868185 0.854577 0.845970 0.876317
0.906429 0.840123 0.867516 0.856412 0.845917 0.879694
0.905400 0.841318 0.872620 0.856051 0.847290 0.885171
0.908408 0.844386 0.868558 0.856313 0.846553 0.884364
0.907878 0.844711 0.868495 0.855990 0.847133 0.887018
0.908316 0.848172 0.872797 0.852895 0.847278 0.889439
0.907500 0.843267 0.867987 0.856121 0.848266 0.886339
0.907880 0.842998 0.865556 0.856549 0.847384 0.885636
0.907071 0.845299 0.865495 0.853501 0.846478 0.887797
0.907644 0.842347 0.865824 0.852615 0.845706 0.884507
0.905821 0.839623 0.862805 0.853570 0.843232 0.880890
0.905013 0.838911 0.862153 0.851546 0.841309 0.881051
0.903992 0.839096 0.860505 0.849763 0.838510 0.879849
0.902872 0.836648 0.857223 0.850297 0.838704 0.876411
0.901189 0.835453 0.857543 0.850047 0.838316 0.875016
0.902455 0.837604 0.859095 0.849184 0.837161 0.875531
0.901084 0.836890 0.859424 0.849776 0.838264 0.876679
0.903458 0.835571 0.856836 0.852227 0.837940 0.872282
0.903051 0.835364 0.856388 0.850068 0.836599 0.873970
0.902779 0.833178 0.856969 0.849179 0.836343 0.875267
0.902356 0.830123 0.856982 0.850450 0.837598 0.873310
0.903308 0.833211 0.857321 0.849198 0.836951 0.873802
0.905094 0.832771 0.856473 0.847668 0.837730 0.874055
0.904799 0.831937 0.855056 0.848797 0.838359 0.873026
0.905099 0.832562 0.854478 0.848554 0.840055 0.872517
0.905507 0.832839 0.858461 0.849178 0.840901 0.876997
0.905767 0.830163 0.857149 0.849582 0.839050 0.872964
0.905608 0.831423 0.856812 0.850389 0.838776 0.872206
0.905827 0.832349 0.858070 0.850255 0.839523 0.873752
0.903604 0.832690 0.856660 0.850833 0.837858 0.870922
0.905718 0.833657 0.858441 0.852604 0.839262 0.873935
0.906287 0.834641 0.858676 0.852679 0.838968 0.874094
0.906737 0.833768 0.858267 0.852255 0.839072 0.871607
0.906517 0.834675 0.859635 0.851208 0.839757 0.871452
0.904813 0.833462 0.856874 0.850634 0.838335 0.871648
0.906104 0.832969 0.858198 0.850655 0.837222 0.872525
0.903735 0.830925 0.858418 0.848804 0.836573 0.872791
0.904441 0.829528 0.857437 0.848672 0.835789 0.872324
0.903908 0.830268 0.859528 0.848551 0.835619 0.870057
0.904471 0.829282 0.857933 0.849600 0.835339 0.870437
0.903750 0.833378 0.859517 0.848532 0.836450 0.864228
0.903717 0.831972 0.858970 0.849271 0.834913 0.870668
0.904670 0.833178 0.857420 0.849538 0.835518 0.870505
0.904960 0.832578 0.856922 0.848737 0.834924 0.868767
0.902506 0.831913 0.856680 0.848876 0.833037 0.869207
0.904150 0.832723 0.859227 0.847892 0.835231 0.868587
0.902479 0.832750 0.858415 0.851549 0.834352 0.868101
0.904992 0.833439 0.859969 0.850672 0.835761 0.868771
0.904661 0.835402 0.860652 0.849787 0.837210 0.868592
0.903692 0.835650 0.858299 0.850390 0.835723 0.871885
0.905252 0.836197 0.860017 0.849472 0.838085 0.865978
0.901893 0.834127 0.856663 0.855263 0.834642 0.870210
0.904577 0.840095 0.860637 0.854095 0.838102 0.868606
0.904645 0.843101 0.860516 0.854873 0.838849 0.869507
0.903704 0.837386 0.857190 0.855900 0.836658 0.873458
0.905595 0.840586 0.861693 0.857779 0.836609 0.864895
0.903728 0.838723 0.856365 0.858185 0.835319 0.864769
0.904427 0.841021 0.857022 0.857812 0.835416 0.864623
0.905223 0.838637 0.860701 0.854572 0.840854 0.864898
0.903046 0.837784 0.856978 0.856994 0.837436 0.867665
0.901484 0.841569 0.856827 0.855646 0.837816 0.865855
0.904243 0.840526 0.863196 0.856451 0.839645 0.861950
0.899029 0.837028 0.856814 0.855869 0.837649 0.862113
0.898773 0.836104 0.854364 0.856388 0.837073 0.861920
0.901794 0.840622 0.859892 0.855894 0.840028 0.861679
0.900670 0.840388 0.860879 0.857184 0.840575 0.862847
0.898028 0.837034 0.856071 0.859516 0.838372 0.867849
0.898297 0.837769 0.857688 0.859959 0.838661 0.865472
0.901897 0.840815 0.860643 0.858230 0.842816 0.860133
0.900441 0.839838 0.860458 0.858067 0.839252 0.861898
0.897603 0.835707 0.855351 0.859161 0.836375 0.860909
0.898395 0.836767 0.857193 0.859058 0.834737 0.860043
0.901462 0.837343 0.859176 0.857383 0.837289 0.856256
0.899978 0.838450 0.856279 0.857280 0.836038 0.856350
0.897794 0.834485 0.856367 0.856832 0.836063 0.853993
0.899200 0.834870 0.857234 0.858421 0.838653 0.858345
0.900273 0.838996 0.863204 0.858150 0.839670 0.859309
0.900124 0.837821 0.860748 0.858803 0.838256 0.863044
0.899166 0.836153 0.857680 0.857922 0.835788 0.859272
0.898303 0.836633 0.858514 0.855658 0.836322 0.854889
0.897358 0.837394 0.860214 0.856254 0.836495 0.851580
0.896591 0.838929 0.858535 0.859683 0.835912 0.853523
0.895300 0.838587 0.857090 0.861057 0.835311 0.854834
0.893621 0.839322 0.860156 0.861430 0.837753 0.857516
0.893382 0.838862 0.863061 0.862532 0.838842 0.858255
0.893765 0.839720 0.859141 0.861865 0.837350 0.853924
0.893857 0.838694 0.858858 0.860932 0.837365 0.851797
0.892391 0.838238 0.859260 0.861520 0.837260 0.852010
0.892462 0.837224 0.857491 0.861625 0.837199 0.850156
0.891274 0.835861 0.858634 0.861171 0.837592 0.849323
0.893206 0.838627 0.859982 0.862490 0.838182 0.852709
0.893442 0.840013 0.861240 0.862395 0.839073 0.852863
0.894051 0.839463 0.860606 0.863150 0.837110 0.852588
0.893457 0.840095 0.862507 0.861843 0.839742 0.853663
0.891663 0.839636 0.862687 0.861605 0.838831 0.849374
0.892242 0.840214 0.860018 0.860663 0.838308 0.847202
0.892964 0.840572 0.858995 0.860722 0.840851 0.846924
0.892571 0.840170 0.858575 0.859405 0.840157 0.848045
0.892255 0.840570 0.859140 0.859536 0.839156 0.848437
0.893166 0.841607 0.860654 0.860025 0.841376 0.849228
0.893527 0.842201 0.861509 0.859812 0.841601 0.846553
0.892775 0.843761 0.859331 0.860151 0.841134 0.848495
0.893906 0.842994 0.860709 0.860844 0.843293 0.843913
0.892943 0.842225 0.860235 0.859900 0.840489 0.842375
0.891998 0.842391 0.860974 0.859763 0.838161 0.845258
0.893557 0.841895 0.862384 0.859821 0.841261 0.841147
0.892321 0.843575 0.862890 0.861204 0.840302 0.845268
0.892310 0.844407 0.863304 0.861047 0.839989 0.843149
0.891530 0.843714 0.864369 0.862368 0.843104 0.840885
0.890279 0.844581 0.861479 0.861634 0.840445 0.841780
0.892527 0.842526 0.862968 0.860876 0.842659 0.839720
0.891792 0.843725 0.865255 0.860574 0.840518 0.839286
0.891669 0.844509 0.865399 0.861120 0.841699 0.837668
0.890464 0.844589 0.864328 0.861260 0.842971 0.837952
0.891802 0.844549 0.863893 0.860043 0.843779 0.837761
0.891841 0.844345 0.864141 0.859370 0.847794 0.838058
0.890525 0.843147 0.862846 0.859752 0.846093 0.840413
0.890745 0.841775 0.862835 0.860140 0.846106 0.839999
0.889838 0.842976 0.860967 0.858840 0.842257 0.839531
0.891505 0.843290 0.862017 0.858732 0.845137 0.834919
0.892205 0.844135 0.861756 0.857390 0.841427 0.836035
0.889396 0.843465 0.862014 0.857013 0.841014 0.831454
0.885490 0.842749 0.862580 0.857092 0.840202 0.831857
0.888178 0.840634 0.864500 0.856422 0.840975 0.829270
0.889117 0.841062 0.864586 0.855345 0.839708 0.827503
0.889418 0.840399 0.864322 0.855144 0.838759 0.824313
0.886411 0.837673 0.864291 0.854369 0.840430 0.825206
0.888745 0.840004 0.867427 0.854356 0.840355 0.818305
0.881476 0.832768 0.857597 0.854593 0.836853 0.832069
0.889245 0.832055 0.860144 0.853507 0.838315 0.785480
0.877250 0.824184 0.852622 0.851769 0.833507 0.831683
0.875833 0.817723 0.850005 0.841953 0.822145 0.829024
0.878625 0.819396 0.847924 0.838455 0.828187 0.829717
0.868779 0.802805 0.837185 0.826356 0.812792 0.809904
0.865684 0.799805 0.835698 0.823632 0.811597 0.803630
0.864402 0.798127 0.837403 0.823542 0.819788 0.803383
0.858550 0.796953 0.832140 0.820573 0.812580 0.806645
0.853041 0.793081 0.825113 0.818351 0.805651 0.798130
0.852030 0.792116 0.822084 0.812560 0.804230 0.794096
0.851645 0.789172 0.818376 0.810797 0.804907 0.795019
0.851805 0.787730 0.825535 0.817353 0.808573 0.799978
0.849286 0.788544 0.823128 0.818618 0.806045 0.800771
0.850480 0.786445 0.818556 0.817091 0.807906 0.793600
0.852355 0.785535 0.815256 0.819439 0.808002 0.795867
0.855594 0.788946 0.818791 0.823029 0.808887 0.799591
0.861385 0.795795 0.824196 0.825920 0.812031 0.803275
0.867039 0.797985 0.829477 0.829269 0.813129 0.803888
0.868106 0.799064 0.830271 0.831019 0.814598 0.804716
0.869168 0.801132 0.830808 0.830898 0.813941 0.802571
0.868595 0.797675 0.831383 0.834179 0.812634 0.799890
0.868571 0.797936 0.828127 0.833351 0.812560 0.794272
0.868365 0.799270 0.828028 0.834154 0.811890 0.790521
0.867769 0.800071 0.828867 0.836455 0.813938 0.790610
0.870766 0.803254 0.829615 0.839271 0.816255 0.791988
0.870973 0.805181 0.830102 0.840555 0.818798 0.796345
0.871276 0.807855 0.830417 0.842093 0.818742 0.800507
0.868209 0.807991 0.830387 0.841294 0.819633 0.799337
0.867454 0.809314 0.829848 0.841087 0.823984 0.795467
0.865612 0.808419 0.827001 0.841878 0.824216 0.794184
0.861587 0.807318 0.824441 0.840913 0.823749 0.789816
0.862026 0.808407 0.825165 0.841650 0.823528 0.788925
0.860381 0.810370 0.824248 0.842097 0.822526 0.791569
0.859467 0.812284 0.822245 0.840663 0.825394 0.791866
0.859514 0.813394 0.821643 0.841339 0.826445 0.796266
0.859848 0.816012 0.823363 0.841156 0.828250 0.795536
0.859410 0.818421 0.823893 0.841686 0.828573 0.796808
0.859347 0.818663 0.826150 0.840870 0.830003 0.796101
0.860291 0.816867 0.824496 0.841200 0.829969 0.797019
0.860161 0.815403 0.822419 0.840300 0.828798 0.794175
0.861013 0.812794 0.822507 0.839860 0.826169 0.791483
0.859378 0.812794 0.820898 0.840184 0.824436 0.790185
0.859172 0.813355 0.820395 0.838096 0.823919 0.793244
0.858259 0.814126 0.821925 0.838162 0.821268 0.793881
0.858466 0.815211 0.821629 0.838384 0.819818 0.794590
0.859474 0.815681 0.821699 0.838361 0.820052 0.796368
0.862341 0.815373 0.821527 0.838229 0.819798 0.796034
0.862298 0.815122 0.822168 0.837972 0.819922 0.792908
0.859584 0.814174 0.820969 0.838494 0.820251 0.791561
0.861157 0.816525 0.819624 0.838709 0.819990 0.789982
0.860929 0.815884 0.820596 0.838468 0.820205 0.791122
0.860564 0.816359 0.821532 0.837646 0.819794 0.790648
0.858241 0.817263 0.822109 0.836846 0.817392 0.788159
0.858194 0.815757 0.820712 0.836061 0.817849 0.788027
0.857179 0.814896 0.818815 0.834149 0.818699 0.786910
0.854860 0.816170 0.817660 0.832431 0.817574 0.785958
0.851862 0.816458 0.816962 0.832620 0.817300 0.788292
0.850821 0.818621 0.817054 0.833481 0.817120 0.786949
0.849822 0.819750 0.816962 0.834137 0.818202 0.784970
0.850604 0.821999 0.819452 0.835001 0.820084 0.787558
0.851112 0.820922 0.819872 0.837284 0.819363 0.789152
0.849935 0.820166 0.820398 0.837933 0.816038 0.791439
0.850360 0.821914 0.822604 0.837091 0.814740 0.789943
0.849558 0.822077 0.821655 0.837058 0.815516 0.789025
0.846999 0.821629 0.821712 0.838661 0.816062 0.788123
0.846819 0.821719 0.821558 0.839105 0.815754 0.788321
0.847384 0.822285 0.820192 0.840331 0.815304 0.788883
0.847765 0.823002 0.819373 0.838894 0.815876 0.789805
0.848059 0.823141 0.820445 0.838372 0.814896 0.788294
0.848125 0.820164 0.822422 0.837545 0.814730 0.788080
0.847774 0.819484 0.822180 0.835758 0.814099 0.787683
0.848197 0.818320 0.819510 0.834198 0.813648 0.787039
0.847224 0.816820 0.819222 0.833173 0.812723 0.784634
0.846539 0.816646 0.818312 0.833412 0.811600 0.784372
0.844492 0.815633 0.817138 0.832354 0.811552 0.781229
0.841186 0.814178 0.813968 0.829692 0.811122 0.778274
0.839650 0.813939 0.810849 0.827853 0.812187 0.777581
0.839503 0.814106 0.808410 0.828475 0.813070 0.777716
0.840751 0.815881 0.807884 0.827736 0.811376 0.776719
0.841311 0.815686 0.807910 0.829639 0.811382 0.779217
0.842247 0.816050 0.808470 0.829768 0.811652 0.779686
0.840843 0.815677 0.807564 0.830210 0.811654 0.780933
0.840512 0.814835 0.805219 0.830108 0.812251 0.778384
0.840764 0.813769 0.807918 0.830201 0.813131 0.778193
0.841877 0.813031 0.804682 0.831151 0.811984 0.778930
0.839733 0.811453 0.803851 0.831019 0.810733 0.777647
0.839848 0.812399 0.804527 0.829800 0.810842 0.776125
0.839185 0.811460 0.800896 0.829682 0.809382 0.776069
0.839246 0.812743 0.800022 0.829521 0.809926 0.774316
0.836921 0.812748 0.799207 0.829152 0.808232 0.773165
0.834903 0.810375 0.798807 0.831612 0.806599 0.771705
0.832710 0.808908 0.797138 0.830062 0.807383 0.772752
0.833354 0.808825 0.793949 0.830424 0.808409 0.772125
0.832785 0.808305 0.794990 0.828974 0.808207 0.771848
0.832328 0.807048 0.798002 0.829584 0.808695 0.772450
0.835301 0.808200 0.800041 0.827841 0.807689 0.774090
0.839932 0.808801 0.803989 0.828472 0.808129 0.774478
0.842875 0.808201 0.804754 0.829136 0.807550 0.772151
0.841515 0.810851 0.805051 0.832183 0.805543 0.772805
0.843259 0.811968 0.807558 0.832478 0.806352 0.774899
0.845011 0.810241 0.810695 0.833033 0.807902 0.776145
0.845232 0.808392 0.813263 0.833133 0.810232 0.777037
0.846261 0.807758 0.815651 0.834142 0.809841 0.778363
0.846682 0.807061 0.817823 0.833451 0.811627 0.778028
0.846616 0.805497 0.817510 0.832460 0.811957 0.779658
0.846335 0.806668 0.815641 0.833757 0.810046 0.779144
0.847619 0.806742 0.817847 0.833250 0.811636 0.780144
0.848291 0.806607 0.818732 0.832030 0.811372 0.782144
0.849578 0.806216 0.817570 0.828866 0.810129 0.781506
0.850039 0.806850 0.818236 0.830382 0.809974 0.780187
0.849249 0.807420 0.818218 0.830827 0.810497 0.780689
0.849285 0.807934 0.818689 0.831128 0.810606 0.781529
0.849419 0.808652 0.819445 0.829898 0.810869 0.781881
0.850113 0.808649 0.819843 0.829591 0.811027 0.782133
0.850678 0.808922 0.820382 0.829250 0.812844 0.781534
0.849103 0.808871 0.820919 0.829429 0.813631 0.780642
0.850898 0.808875 0.821194 0.828018 0.812988 0.781664
0.849844 0.807975 0.822255 0.827359 0.812633 0.780788
0.849366 0.808310 0.821017 0.828128 0.811586 0.782723
0.849291 0.809352 0.822291 0.827655 0.811674 0.782871
0.848978 0.809251 0.823397 0.826737 0.813275 0.782912
0.850075 0.809141 0.823483 0.826823 0.813311 0.782557
0.850339 0.810626 0.822836 0.827513 0.815699 0.781234
0.851431 0.809621 0.824329 0.827018 0.817101 0.781062
0.852488 0.808859 0.823822 0.828647 0.818617 0.781865
0.853603 0.809288 0.825189 0.829709 0.819505 0.782637
0.853902 0.809656 0.827090 0.829423 0.819910 0.782580
0.854458 0.810064 0.827807 0.829358 0.820817 0.783018
0.854615 0.810342 0.829321 0.829609 0.820398 0.781536
0.853849 0.809330 0.829665 0.829069 0.819415 0.780434
0.854487 0.809925 0.829360 0.829492 0.820392 0.779235
0.853893 0.810189 0.830129 0.829290 0.821168 0.778570
0.853977 0.810239 0.830587 0.827909 0.820579 0.779673
0.854643 0.811119 0.830117 0.828253 0.821003 0.779670
0.855466 0.812929 0.831191 0.828502 0.820719 0.778086
0.855692 0.814265 0.830679 0.829159 0.821087 0.778764
0.856293 0.814535 0.831973 0.828941 0.819791 0.777205
0.856505 0.815001 0.831869 0.828536 0.821954 0.777985
0.856987 0.813929 0.832454 0.826715 0.820588 0.775129
0.857240 0.814000 0.832087 0.826817 0.819527 0.775503
0.857160 0.813052 0.831462 0.827055 0.819374 0.773598
0.858504 0.814425 0.832202 0.828151 0.818181 0.773214
0.860096 0.814646 0.831239 0.829775 0.817824 0.772627
0.859241 0.815802 0.831854 0.830595 0.818581 0.773084
0.860703 0.815677 0.831028 0.831252 0.820279 0.774962
0.860109 0.816359 0.830741 0.832072 0.822427 0.776912
0.861580 0.817075 0.831487 0.832849 0.822594 0.777712
0.861334 0.817454 0.831166 0.832101 0.822079 0.777565
0.862430 0.818717 0.831854 0.833240 0.823669 0.779586
0.861963 0.821132 0.831042 0.833423 0.826335 0.781609
0.861601 0.822307 0.830704 0.832963 0.824743 0.783094
0.862026 0.821914 0.830024 0.833500 0.825124 0.782879
0.863311 0.821292 0.831018 0.833196 0.824480 0.784282
0.863593 0.821284 0.830443 0.832923 0.823937 0.786252
0.863931 0.821918 0.831421 0.833097 0.822657 0.786093
0.864872 0.823088 0.832258 0.833879 0.823120 0.787496
0.864029 0.823778 0.831289 0.833788 0.825350 0.789215
0.864211 0.824227 0.831581 0.833402 0.823630 0.789735
0.865162 0.823562 0.832711 0.833567 0.824806 0.787553
0.863735 0.822321 0.834933 0.833365 0.828152 0.787292
0.865587 0.822222 0.836334 0.833784 0.828205 0.789707
0.867413 0.824021 0.837692 0.836297 0.834466 0.789997
0.866737 0.823407 0.837040 0.835765 0.834085 0.790423
0.865803 0.821488 0.837091 0.836242 0.833348 0.790545
0.865341 0.821550 0.838356 0.836214 0.835395 0.788718
0.867526 0.822039 0.837221 0.834080 0.831809 0.787923
0.866382 0.822242 0.835927 0.833380 0.830712 0.786205
0.866920 0.823469 0.838720 0.834345 0.830610 0.784637
0.866413 0.823403 0.838035 0.834371 0.830269 0.782403
0.867051 0.823738 0.835436 0.834901 0.829061 0.782131
0.865914 0.823686 0.836743 0.835360 0.827811 0.782305
0.865904 0.823684 0.837839 0.835565 0.828211 0.782896
0.866022 0.824134 0.838566 0.835219 0.829237 0.784265
0.866387 0.824579 0.840346 0.835507 0.830204 0.784545
0.866642 0.824618 0.839888 0.836749 0.828941 0.786879
0.867527 0.825014 0.838810 0.836749 0.830914 0.787552
0.868877 0.824364 0.838006 0.836247 0.832439 0.786496
0.868170 0.824593 0.839449 0.836915 0.834218 0.786051
0.869056 0.824790 0.839920 0.838740 0.834532 0.792333
0.870650 0.824854 0.839895 0.836720 0.837707 0.792011
0.871036 0.824258 0.840923 0.836356 0.836257 0.792979
0.871064 0.824809 0.841794 0.835814 0.836832 0.793557
0.871432 0.826007 0.841978 0.835346 0.837328 0.792713
0.871579 0.826447 0.841976 0.835873 0.835837 0.792790
0.869389 0.827129 0.841415 0.836038 0.836955 0.792700
0.869076 0.828175 0.840637 0.834747 0.837850 0.791773
0.868878 0.828805 0.840429 0.835826 0.839471 0.790620
0.869807 0.829521 0.840999 0.835711 0.838646 0.791577
0.869389 0.830255 0.840906 0.837103 0.838454 0.791801
0.868966 0.829762 0.841434 0.836937 0.838037 0.793965
0.868460 0.828655 0.841692 0.837212 0.837618 0.792631
0.869372 0.827284 0.840110 0.836294 0.837981 0.792781
0.869877 0.826993 0.839542 0.835939 0.837389 0.794000
0.870490 0.826528 0.839547 0.833045 0.836863 0.793354
0.870234 0.826605 0.840457 0.832085 0.836068 0.794924
0.870079 0.827112 0.839566 0.831062 0.835014 0.796268
0.869653 0.827078 0.840582 0.834154 0.837521 0.794522
0.869919 0.826566 0.840174 0.835043 0.837039 0.795036
0.870428 0.828816 0.840676 0.835937 0.837658 0.793816
0.870520 0.828908 0.841682 0.836504 0.838233 0.792303
0.870150 0.827308 0.841511 0.834704 0.837665 0.792845
0.870168 0.827080 0.842989 0.833352 0.837271 0.791228
0.870977 0.828449 0.841427 0.830606 0.838687 0.792998
0.871136 0.827039 0.843398 0.831563 0.837620 0.791750
0.871480 0.826795 0.842089 0.830126 0.835362 0.793134
0.871416 0.825870 0.842326 0.830240 0.837094 0.792689
0.872594 0.826114 0.840496 0.830600 0.837078 0.792906
0.871959 0.826987 0.841013 0.831102 0.837760 0.792914
0.872458 0.827100 0.841300 0.831516 0.838727 0.792484
0.875314 0.827806 0.842781 0.831277 0.838940 0.792525
0.876088 0.826762 0.843132 0.831543 0.838998 0.793036
0.876671 0.827433 0.842413 0.832933 0.838198 0.793783
0.876680 0.828962 0.844272 0.832162 0.840900 0.796813
0.876983 0.829945 0.843273 0.833053 0.842270 0.797532
0.876792 0.830515 0.845334 0.834894 0.842348 0.795241
0.878803 0.830082 0.844416 0.831996 0.840438 0.798540
0.877313 0.830483 0.843871 0.832433 0.843066 0.800526
0.877414 0.830005 0.843094 0.830865 0.843343 0.799420
0.878265 0.828809 0.841203 0.828789 0.842068 0.799125
0.877269 0.829097 0.841990 0.828545 0.842497 0.801843
0.878221 0.827352 0.838583 0.828994 0.841719 0.800877
0.877643 0.823846 0.837494 0.827913 0.839344 0.799953
0.876747 0.823819 0.838406 0.827939 0.841343 0.800747
0.879057 0.824465 0.839018 0.827780 0.839281 0.802449
0.878564 0.826473 0.840636 0.832884 0.842841 0.804175
0.878088 0.826842 0.840343 0.832953 0.842135 0.802894
0.878127 0.823456 0.836711 0.827251 0.836394 0.801389
0.876615 0.823282 0.841797 0.831025 0.840441 0.797939
0.878301 0.823907 0.841672 0.831009 0.844819 0.798479
0.879051 0.826788 0.840031 0.829027 0.842818 0.802731
0.878097 0.826249 0.841714 0.830190 0.843255 0.803002
0.877307 0.820371 0.839438 0.826479 0.841988 0.800684
0.877269 0.820056 0.838786 0.825937 0.840478 0.799555
0.876308 0.820760 0.839767 0.827486 0.841040 0.799826
0.878365 0.821769 0.840515 0.826260 0.843164 0.799874
0.877026 0.825277 0.841409 0.829203 0.843292 0.798198
0.877878 0.824546 0.840627 0.828254 0.840386 0.798327
0.876359 0.823072 0.840064 0.827589 0.843409 0.800599
0.876933 0.823483 0.840229 0.826601 0.844154 0.801357
0.877400 0.823053 0.840697 0.825682 0.844838 0.802661
0.877850 0.823896 0.841190 0.828146 0.843891 0.803198
0.878003 0.824236 0.839894 0.826954 0.846966 0.803333
0.878501 0.821217 0.840171 0.826515 0.844254 0.804747
0.876765 0.821565 0.839247 0.825302 0.844109 0.799965
0.876861 0.821702 0.840317 0.826503 0.844476 0.799506
0.877953 0.823280 0.842001 0.827597 0.844626 0.804775
0.878220 0.823126 0.841171 0.826351 0.842178 0.807236
0.877702 0.822177 0.840525 0.826405 0.842350 0.802872
0.875697 0.821816 0.839912 0.826175 0.840253 0.801203
0.874726 0.821922 0.840585 0.827189 0.840214 0.805897
0.876303 0.824304 0.841993 0.826546 0.840097 0.811561
0.876238 0.824260 0.839933 0.826922 0.840232 0.810077
0.874086 0.824944 0.840572 0.829269 0.842559 0.809277
0.872149 0.823738 0.840379 0.827414 0.841747 0.807586
0.872871 0.824194 0.840398 0.829657 0.844097 0.808577
0.874019 0.823546 0.839304 0.827684 0.840418 0.810224
0.873385 0.824590 0.840117 0.833213 0.844164 0.808157
0.872555 0.823746 0.837381 0.828545 0.839286 0.808497
0.872276 0.824585 0.838839 0.827631 0.837367 0.810962
0.874048 0.825257 0.840848 0.831073 0.842757 0.807494
0.876130 0.823019 0.837123 0.825885 0.843607 0.806128
0.874038 0.825745 0.841883 0.831651 0.848909 0.804125
0.874252 0.824120 0.843018 0.831352 0.847440 0.810094
0.871679 0.821025 0.835760 0.824835 0.843041 0.810676
0.871982 0.824354 0.839566 0.833806 0.839653 0.806385
0.874113 0.825372 0.839210 0.836636 0.846184 0.806487
0.871819 0.823473 0.835165 0.829827 0.842771 0.812663
0.872001 0.822874 0.837888 0.834540 0.843720 0.806790
0.874320 0.829487 0.842562 0.841129 0.846742 0.805126
0.870964 0.819394 0.833087 0.824192 0.841913 0.800136
0.871392 0.817890 0.834619 0.822336 0.838860 0.799422
0.873082 0.829299 0.842930 0.829372 0.840413 0.816333
0.874524 0.838791 0.853280 0.831814 0.850057 0.832574
0.866455 0.815833 0.834757 0.820620 0.829352 0.829580
0.869985 0.818566 0.842025 0.822985 0.843797 0.820478
0.878194 0.820923 0.843196 0.831724 0.832415 0.804951
0.877771 0.816981 0.846818 0.825085 0.835550 0.810061
0.877259 0.819238 0.845845 0.823592 0.830748 0.815725
0.878117 0.825367 0.847852 0.825477 0.832084 0.821688
0.878203 0.829047 0.852333 0.830618 0.838678 0.822350
0.877376 0.824932 0.851605 0.829032 0.844421 0.814588
0.874993 0.822464 0.847797 0.826675 0.840518 0.810447
0.872766 0.823747 0.847135 0.822896 0.838448 0.809545
0.870904 0.819957 0.848094 0.824575 0.839881 0.810062
0.869729 0.824535 0.845611 0.826230 0.846340 0.821399
0.868524 0.828791 0.846933 0.827979 0.841211 0.828956
0.867292 0.830601 0.847606 0.830264 0.836056 0.834480
0.868673 0.833544 0.847616 0.836608 0.837441 0.834483
0.873120 0.837973 0.849912 0.841625 0.845306 0.836987
0.872981 0.838322 0.853517 0.844242 0.848354 0.838273
0.871644 0.837433 0.851697 0.841594 0.846224 0.836745
0.868798 0.832631 0.850634 0.839144 0.846668 0.834412
0.866592 0.832095 0.851118 0.838439 0.843164 0.831096
0.867073 0.830582 0.849677 0.836057 0.845126 0.828901
0.866066 0.829397 0.849961 0.837469 0.845679 0.825196
0.866569 0.828480 0.849810 0.835474 0.846428 0.826782
0.864654 0.830297 0.850094 0.835759 0.846968 0.827987
0.864953 0.832301 0.850256 0.834627 0.850553 0.829014
0.865902 0.834406 0.850814 0.836757 0.852454 0.830829
0.867435 0.835272 0.850015 0.838415 0.854037 0.828847
0.866517 0.831987 0.849103 0.835816 0.852547 0.828531
0.867734 0.827753 0.848527 0.830903 0.846696 0.825751
0.866743 0.825936 0.849770 0.829240 0.845635 0.823704
0.866377 0.825839 0.851762 0.827635 0.844465 0.826306
0.866252 0.825832 0.851604 0.827150 0.847107 0.826792
0.865542 0.827485 0.852533 0.827229 0.848095 0.830121
0.865533 0.828384 0.851613 0.828131 0.848527 0.829498
0.866891 0.830296 0.851640 0.827359 0.849633 0.828483
0.865020 0.830621 0.851623 0.827356 0.847666 0.828957
0.865808 0.830345 0.852555 0.828118 0.849483 0.828630
0.866581 0.828792 0.853753 0.828683 0.850504 0.827654
0.866399 0.826752 0.852622 0.827902 0.846940 0.828632
0.866713 0.827941 0.852366 0.827138 0.846432 0.824694
0.863762 0.828399 0.852136 0.826290 0.845900 0.822804
0.865614 0.828861 0.851631 0.828999 0.845153 0.825635
0.865777 0.829545 0.853486 0.831957 0.847531 0.825748
0.865916 0.830493 0.854394 0.833121 0.847785 0.822240
0.867562 0.830197 0.853463 0.832864 0.847020 0.821412
0.868177 0.829599 0.853334 0.833019 0.847514 0.820903
0.866718 0.829672 0.854017 0.833114 0.846073 0.821420
0.866851 0.831052 0.856581 0.832715 0.844506 0.824563
0.867514 0.830584 0.857108 0.833419 0.845699 0.824746
0.866115 0.830384 0.856667 0.833782 0.844923 0.824120
0.864148 0.831414 0.856541 0.835031 0.846417 0.825464
0.863870 0.832976 0.857082 0.836628 0.849524 0.824382
0.865166 0.834740 0.858405 0.839462 0.851295 0.826661
0.864408 0.835972 0.856594 0.840118 0.851280 0.826735
0.863718 0.835443 0.857061 0.841097 0.848985 0.827970
0.863338 0.835727 0.857721 0.843513 0.849786 0.829191
0.864015 0.836721 0.857586 0.845078 0.852019 0.829758
0.864025 0.837078 0.858627 0.846228 0.853206 0.831753
0.863238 0.837483 0.859472 0.845289 0.852617 0.832926
0.863431 0.838191 0.858590 0.846272 0.853728 0.832369
0.863750 0.838793 0.858614 0.847851 0.854057 0.831699
0.863772 0.839182 0.857524 0.848117 0.854622 0.831348
0.864368 0.839422 0.857668 0.848820 0.853461 0.830508
0.864275 0.839393 0.858308 0.849099 0.854024 0.828616
0.864322 0.839708 0.857279 0.849277 0.855167 0.829377
0.864255 0.839561 0.857405 0.847626 0.853804 0.830012
0.863992 0.838386 0.856747 0.846801 0.852879 0.829432
0.863894 0.839004 0.856462 0.847063 0.854485 0.829591
0.864044 0.839070 0.857193 0.847399 0.855914 0.828971
0.864199 0.838075 0.857883 0.848400 0.854661 0.829733
0.864499 0.837889 0.856861 0.847839 0.855010 0.830466
0.864639 0.839778 0.857131 0.846985 0.856016 0.830411
0.864440 0.838972 0.857375 0.847271 0.856565 0.828573
0.864707 0.837667 0.856913 0.846681 0.856110 0.827713
0.866221 0.837157 0.857228 0.846453 0.856356 0.827312
0.866412 0.837197 0.857484 0.846659 0.857183 0.826551
0.867125 0.836636 0.854347 0.845645 0.856877 0.826596
0.866938 0.835958 0.854248 0.845236 0.857567 0.826855
0.866811 0.836785 0.854709 0.845254 0.857840 0.826709
0.867068 0.835994 0.854119 0.845311 0.857798 0.826372
0.867592 0.835828 0.854289 0.845057 0.857594 0.826679
0.867505 0.836299 0.854495 0.845532 0.857703 0.827841
0.867447 0.836971 0.855262 0.845056 0.857667 0.828893
0.867299 0.836853 0.854825 0.845283 0.857792 0.830132
0.867655 0.837363 0.855170 0.846718 0.857823 0.830214
0.867898 0.838081 0.854961 0.847233 0.857226 0.829495
0.868380 0.837804 0.854885 0.847103 0.857105 0.829539
0.868369 0.838780 0.854684 0.847578 0.857164 0.829054
0.868829 0.838925 0.854575 0.847209 0.857525 0.829133
0.868676 0.838642 0.854425 0.847590 0.857524 0.830041
0.869231 0.838887 0.855254 0.848471 0.857760 0.829016
0.868996 0.838911 0.855577 0.848489 0.858020 0.829166
0.868248 0.838888 0.854710 0.847808 0.858290 0.829998
0.867796 0.838349 0.855310 0.847638 0.858027 0.829988
0.867553 0.838764 0.855067 0.849386 0.858099 0.830098
0.867058 0.838727 0.854937 0.849461 0.858880 0.829695
0.868399 0.839772 0.855262 0.849146 0.859281 0.831020
0.868519 0.840939 0.856848 0.850714 0.859675 0.830923
0.868647 0.840792 0.857214 0.850923 0.859711 0.832178
0.868606 0.840850 0.856652 0.850714 0.859138 0.834179
0.868855 0.840357 0.857809 0.851275 0.859144 0.833022
0.870587 0.841052 0.858521 0.851671 0.858820 0.832793
0.871209 0.841665 0.857159 0.851567 0.858843 0.832287
0.871284 0.842129 0.857583 0.851660 0.858502 0.831507
0.871788 0.841871 0.857152 0.851357 0.858268 0.830496
0.871985 0.842332 0.857092 0.851661 0.857930 0.829878
0.872089 0.842980 0.856319 0.852208 0.858134 0.831173
0.873128 0.842935 0.858307 0.854069 0.858817 0.831613
0.873288 0.843360 0.858395 0.853174 0.858656 0.832570
0.873267 0.843288 0.857205 0.852558 0.859356 0.832689
0.873266 0.843810 0.856036 0.853854 0.860357 0.831857
0.873073 0.843931 0.855754 0.854218 0.860741 0.832425
0.871425 0.843742 0.855086 0.854941 0.860207 0.833459
0.872438 0.843957 0.856426 0.855333 0.859823 0.833253
0.872268 0.843999 0.857729 0.855427 0.859606 0.833359
0.872162 0.844118 0.857590 0.855229 0.859080 0.833803
0.872662 0.843834 0.857321 0.855091 0.858689 0.834493
0.875192 0.843441 0.859743 0.854658 0.859023 0.835023
0.874095 0.843652 0.859574 0.854854 0.857815 0.836035
0.874879 0.843382 0.856862 0.854734 0.859020 0.836928
0.874994 0.844237 0.858163 0.855602 0.858458 0.836552
0.876430 0.843517 0.857772 0.855633 0.856928 0.839196
0.875442 0.842195 0.859889 0.854744 0.858503 0.839790
0.877079 0.842808 0.859925 0.854065 0.858379 0.840116
0.877393 0.843140 0.859429 0.854058 0.858734 0.837755
0.877098 0.844394 0.860126 0.853122 0.858060 0.838706
0.877484 0.845880 0.861114 0.856041 0.858046 0.838193
0.877843 0.846725 0.863029 0.855294 0.858737 0.838026
0.877794 0.846004 0.861991 0.853517 0.859776 0.839268
0.877517 0.843825 0.861291 0.852341 0.859585 0.841526
0.876665 0.846313 0.863493 0.852152 0.859885 0.841833
0.876754 0.846702 0.863606 0.853624 0.861678 0.841137
0.878460 0.847375 0.863774 0.852271 0.861281 0.841614
0.878308 0.847950 0.864217 0.854332 0.861050 0.840496
0.878187 0.846749 0.864439 0.853863 0.861420 0.840540
0.877325 0.847176 0.865275 0.853925 0.860228 0.841702
0.877956 0.847259 0.865580 0.853572 0.859937 0.840866
0.878033 0.847207 0.866087 0.854234 0.859924 0.840428
0.878068 0.846649 0.866197 0.855164 0.859874 0.840016
0.877486 0.846499 0.865881 0.855540 0.859810 0.838757
0.877914 0.846585 0.865374 0.853965 0.858935 0.838623
0.880041 0.846443 0.867067 0.853976 0.859099 0.839259
0.880614 0.847125 0.866616 0.852796 0.859260 0.838560
0.880631 0.847247 0.864957 0.853779 0.859076 0.836746
0.880116 0.848254 0.864679 0.854098 0.859224 0.836019
0.878302 0.848259 0.860950 0.853196 0.859474 0.835856
0.879193 0.848554 0.860341 0.851638 0.860573 0.834763
0.877921 0.848498 0.859250 0.852565 0.860304 0.832997
0.880463 0.849427 0.859992 0.853082 0.861667 0.834886
0.880237 0.848875 0.861341 0.854354 0.863799 0.837856
0.880624 0.848179 0.864330 0.855595 0.863084 0.840026
0.880748 0.848781 0.865062 0.856197 0.862536 0.839531
0.882516 0.848804 0.862187 0.857394 0.864239 0.838976
0.882604 0.851174 0.859654 0.859314 0.862780 0.838554
0.882707 0.850407 0.859291 0.859719 0.861387 0.837420
0.882406 0.850925 0.861861 0.859347 0.862532 0.837609
0.884214 0.852072 0.861674 0.859856 0.862122 0.836800
0.884747 0.853379 0.864460 0.859679 0.863275 0.835289
0.883752 0.854609 0.866298 0.859204 0.863652 0.837305
0.881108 0.851563 0.864119 0.858112 0.862531 0.837871
0.881839 0.854150 0.864711 0.857371 0.863507 0.836273
0.883437 0.854846 0.865801 0.858041 0.863174 0.838794
0.883884 0.853934 0.865931 0.859424 0.863982 0.839327
0.884123 0.854076 0.866712 0.861254 0.866404 0.842123
0.883345 0.854904 0.865856 0.859949 0.866085 0.841447
0.883244 0.855086 0.864390 0.859842 0.865134 0.842451
0.883680 0.854931 0.864648 0.860673 0.864431 0.839711
0.883402 0.854681 0.866916 0.859724 0.866378 0.841657
0.883773 0.854855 0.867645 0.861160 0.867009 0.842907
0.883539 0.856245 0.867897 0.861054 0.867445 0.843792
0.883916 0.856670 0.867677 0.860528 0.867412 0.844359
0.881654 0.857230 0.865418 0.859547 0.866774 0.842992
0.882604 0.857173 0.866850 0.859764 0.868282 0.842562
0.882095 0.857606 0.866804 0.860688 0.868437 0.840979
0.881336 0.857823 0.867513 0.860955 0.868375 0.842227
0.880530 0.857655 0.869201 0.860828 0.868824 0.841910
0.881523 0.857577 0.869916 0.861917 0.869016 0.842559
0.880880 0.856806 0.869702 0.861934 0.868386 0.843438
0.881084 0.856948 0.870385 0.861732 0.868121 0.844095
0.881404 0.856720 0.867968 0.860782 0.868287 0.844581
0.881357 0.856612 0.868247 0.860185 0.868584 0.842296
0.881438 0.857275 0.868012 0.860459 0.868585 0.843145
0.881429 0.856805 0.868097 0.859846 0.867964 0.843731
0.880594 0.856694 0.867783 0.860162 0.867619 0.843981
0.880749 0.856744 0.868487 0.861128 0.868021 0.842865
0.881050 0.856520 0.869012 0.861972 0.867963 0.842150
0.881190 0.856989 0.868472 0.862210 0.868131 0.842882
0.881139 0.856999 0.870043 0.862103 0.868247 0.842625
0.881384 0.857281 0.870904 0.861862 0.868412 0.844091
0.881027 0.857186 0.870356 0.860712 0.868839 0.844868
0.881204 0.857722 0.869711 0.861503 0.869016 0.846423
0.881545 0.857927 0.871304 0.860323 0.868607 0.847061
0.881742 0.857845 0.870487 0.859709 0.868937 0.847158
0.883068 0.857755 0.870730 0.860316 0.869828 0.847240
0.883121 0.858224 0.870740 0.860509 0.869844 0.848252
0.883574 0.858113 0.869810 0.861600 0.868837 0.846743
0.884079 0.858431 0.871875 0.861521 0.870752 0.849713
0.884717 0.858910 0.872756 0.861569 0.871559 0.849110
0.884336 0.858976 0.870868 0.861779 0.870000 0.847962
0.884299 0.859615 0.871744 0.863588 0.870961 0.850024
0.884520 0.860318 0.872276 0.863601 0.871237 0.848916
0.884983 0.860525 0.871110 0.864068 0.871626 0.848195
0.886949 0.860106 0.874506 0.863521 0.873634 0.845381
0.886813 0.860242 0.875860 0.863486 0.873678 0.846053
0.887063 0.859937 0.872032 0.863516 0.872841 0.848142
0.886769 0.860400 0.870457 0.864790 0.872022 0.849807
0.887485 0.860302 0.872031 0.864697 0.872195 0.849542
0.887141 0.860590 0.872504 0.864958 0.872072 0.848972
0.887364 0.860704 0.873788 0.864961 0.871755 0.847095
0.887402 0.860904 0.874657 0.865780 0.872056 0.848438
0.887463 0.860846 0.873357 0.866153 0.871527 0.849278
0.888230 0.861044 0.873907 0.866660 0.871911 0.849579
0.888049 0.860891 0.874261 0.865790 0.872059 0.849779
0.888343 0.860716 0.874588 0.866041 0.871845 0.849353
0.888274 0.860464 0.874717 0.866067 0.872010 0.848293
0.888698 0.859993 0.874709 0.867368 0.871669 0.848636
0.888630 0.859898 0.875560 0.867494 0.871035 0.848967
0.888668 0.859619 0.876463 0.868050 0.871982 0.848397
0.888743 0.859746 0.875634 0.867626 0.870021 0.850604
0.889491 0.859292 0.876213 0.868361 0.871455 0.850146
0.889421 0.859898 0.875489 0.867508 0.870776 0.850001
0.889136 0.860807 0.873850 0.868414 0.869837 0.851144
0.888680 0.860495 0.877019 0.868063 0.871101 0.851887
0.888690 0.861050 0.877154 0.868214 0.871661 0.852607
0.888814 0.861001 0.876964 0.868159 0.871701 0.854869
0.889636 0.860897 0.878284 0.867779 0.871048 0.852834
0.889468 0.860959 0.877641 0.867128 0.871398 0.854138
0.888548 0.861117 0.875514 0.864861 0.870652 0.856717
0.888511 0.861124 0.874736 0.866993 0.872578 0.857679
0.888595 0.861130 0.876572 0.866311 0.872663 0.857637
0.889395 0.860820 0.878413 0.865796 0.872237 0.853636
0.889780 0.860672 0.878854 0.865615 0.871870 0.852774
0.888703 0.860206 0.877842 0.865830 0.872479 0.856431
0.888287 0.860897 0.873971 0.865498 0.872834 0.857578
0.888744 0.861789 0.877180 0.865762 0.873953 0.855361
0.890502 0.862667 0.878700 0.864551 0.872191 0.854169
0.890393 0.862760 0.877866 0.865175 0.872183 0.853654
0.890830 0.862901 0.878932 0.865182 0.872646 0.852737
0.890908 0.862711 0.878374 0.866198 0.873400 0.854926
0.891779 0.862996 0.877402 0.865880 0.871718 0.855598
0.892536 0.863069 0.877880 0.865205 0.871554 0.853550
0.892320 0.862652 0.877836 0.865763 0.871633 0.852214
0.892403 0.861955 0.878504 0.865864 0.869989 0.853215
0.889953 0.861735 0.877338 0.865626 0.870045 0.854633
0.889926 0.861507 0.877203 0.865876 0.869572 0.854421
0.889632 0.861914 0.877661 0.866122 0.869335 0.854764
0.891103 0.862756 0.878859 0.866729 0.869500 0.854916
0.891350 0.862791 0.878469 0.867365 0.868756 0.855565
0.889722 0.861708 0.877232 0.867334 0.869831 0.855774
0.889553 0.861530 0.878211 0.866794 0.870105 0.854915
0.889900 0.862065 0.876586 0.867190 0.869211 0.854972
0.891140 0.862074 0.877259 0.867266 0.869401 0.854627
0.890895 0.862665 0.877735 0.867315 0.869452 0.853643
0.890798 0.863357 0.878241 0.866731 0.869057 0.856174
0.889722 0.862195 0.876895 0.867778 0.870481 0.859425
0.889391 0.861180 0.876794 0.866211 0.869879 0.860145
0.889603 0.862550 0.878583 0.866580 0.869015 0.856194
0.891388 0.863431 0.879599 0.867298 0.869062 0.855007
0.891306 0.863625 0.878063 0.866789 0.869909 0.854741
0.891761 0.863087 0.877961 0.866133 0.869686 0.856736
0.891475 0.862481 0.876969 0.866041 0.870154 0.857090
0.891325 0.862188 0.877343 0.866232 0.871618 0.856833
0.891933 0.862205 0.878762 0.865563 0.870980 0.854940
0.890345 0.861837 0.878732 0.865936 0.869857 0.854782
0.890782 0.862021 0.878051 0.866237 0.870371 0.854743
0.890909 0.861674 0.877409 0.865653 0.870389 0.855504
0.891028 0.862144 0.877428 0.865786 0.870319 0.856246
0.891105 0.862299 0.878519 0.866281 0.871240 0.855075
0.890566 0.862308 0.878831 0.866570 0.868904 0.854684
0.891458 0.862500 0.878426 0.866725 0.870131 0.854926
0.892239 0.862433 0.878180 0.867554 0.869957 0.856152
0.891211 0.862509 0.877252 0.866901 0.870205 0.856343
0.892365 0.862721 0.879344 0.866606 0.870048 0.855461
0.892996 0.862708 0.879830 0.866291 0.870781 0.856178
0.893032 0.862164 0.878677 0.866717 0.870774 0.856170
0.892164 0.862121 0.878978 0.865651 0.871469 0.856807
0.892730 0.862452 0.878455 0.865272 0.871003 0.858158
0.893640 0.861867 0.878599 0.865265 0.870101 0.857431
0.893056 0.862827 0.879453 0.867201 0.869839 0.856702
0.892270 0.862761 0.878846 0.866542 0.869477 0.856417
0.891707 0.862515 0.878720 0.866420 0.869571 0.856585
0.892367 0.862652 0.879008 0.865711 0.869211 0.855967
0.892139 0.862784 0.879098 0.866292 0.869303 0.855677
0.892808 0.862936 0.878812 0.866262 0.868895 0.855559
0.892063 0.862981 0.879156 0.866638 0.868775 0.855336
0.891827 0.862893 0.878215 0.866783 0.868033 0.855738
0.892009 0.862890 0.878372 0.866696 0.867919 0.855569
0.892121 0.863307 0.878873 0.866571 0.868206 0.857014
0.892317 0.862900 0.878424 0.866204 0.868324 0.855890
0.891841 0.862846 0.879398 0.866324 0.868588 0.857109
0.891392 0.862462 0.878355 0.865701 0.869118 0.857263
0.891286 0.861802 0.877340 0.865357 0.868086 0.857049
0.891472 0.862996 0.879859 0.867129 0.867927 0.858316
0.890645 0.862681 0.879169 0.866153 0.867420 0.856816
0.892351 0.862817 0.879411 0.866516 0.868929 0.857201
0.892583 0.863062 0.880012 0.867423 0.868642 0.857636
0.892324 0.862378 0.878682 0.866513 0.867275 0.859431
0.893048 0.862585 0.880758 0.867460 0.868416 0.858014
0.892298 0.862676 0.879537 0.866607 0.867838 0.857568
0.892474 0.862258 0.878661 0.865560 0.868246 0.857659
0.893384 0.862588 0.880017 0.867181 0.867993 0.859737
0.892797 0.862627 0.877870 0.865638 0.866777 0.860349
0.892686 0.862794 0.878949 0.867461 0.867831 0.857283
0.892652 0.862515 0.878793 0.867163 0.866242 0.856323
0.892574 0.862434 0.878147 0.866312 0.865775 0.857531
0.893175 0.862584 0.877485 0.867531 0.865138 0.858467
0.893055 0.863162 0.878242 0.867065 0.866213 0.858692
0.893372 0.863004 0.878981 0.867283 0.866435 0.858360
0.893596 0.862889 0.879760 0.868225 0.866877 0.858470
0.892097 0.862690 0.877777 0.866377 0.865975 0.858319
0.891825 0.862576 0.878199 0.867266 0.865504 0.856431
0.891159 0.862526 0.878114 0.865986 0.864361 0.856901
0.892238 0.862399 0.877709 0.866127 0.863866 0.857223
0.892182 0.862756 0.878066 0.864533 0.864327 0.858514
0.890786 0.861945 0.877718 0.864738 0.864219 0.858227
0.891387 0.863098 0.877796 0.865435 0.864554 0.854141
0.890945 0.862714 0.878171 0.865341 0.863545 0.852503
0.890790 0.863771 0.878977 0.866339 0.866169 0.851990
0.890802 0.862570 0.878553 0.864817 0.866542 0.854641
0.891402 0.862757 0.879103 0.864600 0.865984 0.854369
0.893336 0.862644 0.879261 0.864027 0.865120 0.853871
0.890235 0.861576 0.879551 0.862851 0.864539 0.855619
0.889902 0.861518 0.879728 0.861961 0.863768 0.855254
0.890657 0.861764 0.879163 0.861868 0.863685 0.852692
0.890205 0.862466 0.878463 0.862286 0.865312 0.852862
0.889982 0.862913 0.879874 0.864027 0.864104 0.850823
0.889882 0.861841 0.879774 0.863848 0.864377 0.851708
0.888786 0.863012 0.880611 0.863245 0.865401 0.855783
0.887791 0.862653 0.879487 0.862830 0.863486 0.859220
0.889276 0.863184 0.880528 0.862241 0.864655 0.855878
0.889600 0.863548 0.881936 0.862118 0.866871 0.855799
0.888230 0.862889 0.881352 0.861646 0.866029 0.853720
0.886908 0.862180 0.880949 0.862567 0.866163 0.855524
0.888054 0.861247 0.881602 0.861176 0.865025 0.853971
0.889199 0.862306 0.881186 0.860459 0.865623 0.852496
0.888146 0.862760 0.881757 0.860537 0.867974 0.854233
0.887706 0.863740 0.880292 0.860370 0.867531 0.856107
0.889965 0.862953 0.880879 0.861309 0.867507 0.852317
0.888113 0.863050 0.880214 0.859390 0.867383 0.855834
0.889314 0.863662 0.883339 0.860939 0.871703 0.845662
0.889116 0.860612 0.869494 0.859874 0.860302 0.858563
0.891851 0.858781 0.873718 0.856754 0.855170 0.836652
0.894285 0.859964 0.873100 0.861734 0.865748 0.846278
0.894572 0.860084 0.875061 0.862667 0.861084 0.856144
0.893583 0.860755 0.867778 0.863778 0.857007 0.841938
0.886192 0.842875 0.857334 0.856137 0.837421 0.810559
0.883465 0.851265 0.865221 0.859675 0.850847 0.841235
0.881938 0.854557 0.873584 0.854452 0.852749 0.854586
0.878402 0.852973 0.871590 0.851759 0.850856 0.847873
0.876265 0.844493 0.865714 0.845602 0.838637 0.828368
0.877808 0.850450 0.862559 0.835663 0.836570 0.840368
0.881876 0.849227 0.863941 0.832708 0.833863 0.838766
0.882712 0.848335 0.854934 0.842227 0.842351 0.820834
0.878175 0.848049 0.840178 0.836733 0.845906 0.796777
0.879022 0.849612 0.856415 0.841596 0.854045 0.829517
0.876837 0.847666 0.858931 0.836636 0.856877 0.830755
0.876440 0.840878 0.851336 0.824390 0.843619 0.805135
0.876862 0.848040 0.854794 0.840981 0.846455 0.808678
0.873197 0.848683 0.854166 0.844054 0.845547 0.806012
0.871213 0.849245 0.851411 0.842226 0.852937 0.797859
0.869531 0.847657 0.853548 0.838536 0.854115 0.811852
0.872388 0.850822 0.866652 0.842691 0.861631 0.828837
0.874668 0.850641 0.866251 0.849926 0.863985 0.831010
0.876476 0.848781 0.864027 0.847619 0.853866 0.822670
0.877523 0.851236 0.859232 0.845737 0.855084 0.808728
0.878192 0.851824 0.859285 0.844156 0.854369 0.808272
0.876055 0.849107 0.864640 0.842703 0.858714 0.816081
0.872183 0.844419 0.868739 0.839236 0.850602 0.825814
0.869713 0.843612 0.866134 0.841125 0.852547 0.833890
0.871015 0.847712 0.863475 0.844090 0.856240 0.828500
0.873898 0.848931 0.860851 0.843255 0.854304 0.813861
0.874957 0.850204 0.862408 0.846056 0.855652 0.814263
0.874637 0.852588 0.866469 0.849161 0.854437 0.820854
0.873258 0.852466 0.870566 0.848039 0.858647 0.826208
0.873998 0.850173 0.870785 0.847305 0.854764 0.828280
0.875179 0.851746 0.871267 0.849866 0.856389 0.827430
0.876778 0.851869 0.867859 0.851436 0.852480 0.824998
0.876256 0.852027 0.865798 0.853087 0.852137 0.818690
0.877457 0.849930 0.871769 0.851674 0.855017 0.823768
0.877122 0.849480 0.871904 0.852351 0.859752 0.826236
0.876124 0.851638 0.871771 0.851341 0.860593 0.822147
0.876829 0.852198 0.872703 0.852611 0.861239 0.821333
0.878885 0.853395 0.871219 0.853469 0.858252 0.821070
0.879754 0.855522 0.874458 0.852935 0.856960 0.821968
0.881575 0.856362 0.875717 0.854236 0.860332 0.826616
0.880773 0.856573 0.875399 0.855310 0.862543 0.830182
0.881804 0.855911 0.876442 0.855389 0.863778 0.833465
0.883613 0.856578 0.874614 0.854565 0.864661 0.829047
0.883027 0.856912 0.874050 0.854477 0.866320 0.828384
0.884174 0.856510 0.875048 0.854476 0.867032 0.826778
0.884997 0.856289 0.876511 0.854163 0.869114 0.828430
0.884190 0.856484 0.879063 0.855298 0.869122 0.829433
0.884001 0.857689 0.879960 0.854956 0.868965 0.831828
0.885361 0.857129 0.880240 0.856430 0.869483 0.834007
0.884719 0.857320 0.879574 0.857414 0.868031 0.832445
0.885553 0.858238 0.878977 0.856868 0.870657 0.831552
0.884941 0.858593 0.879571 0.858687 0.871802 0.832643
0.885608 0.858231 0.879797 0.859091 0.872145 0.832550
0.885884 0.859070 0.880154 0.859710 0.873127 0.833906
0.886886 0.859580 0.879924 0.859725 0.872909 0.833592
0.886334 0.859576 0.880601 0.859977 0.873497 0.834430
0.886938 0.860319 0.880468 0.860160 0.872444 0.836746
0.886241 0.860574 0.879603 0.858832 0.870682 0.832423
0.886291 0.860697 0.880858 0.860617 0.870522 0.836346
0.884367 0.859730 0.880399 0.858808 0.868086 0.830177
0.884231 0.860702 0.881218 0.859941 0.869804 0.836037
0.884487 0.859835 0.880944 0.860723 0.870989 0.831729
0.883805 0.859290 0.879807 0.859388 0.870597 0.833994
0.882749 0.858803 0.882316 0.860009 0.870176 0.843476
0.884127 0.859462 0.879902 0.857341 0.866446 0.834150
0.883948 0.859752 0.881173 0.859213 0.867615 0.837960
0.882992 0.859547 0.878989 0.860582 0.872293 0.833230
0.881906 0.859289 0.879005 0.857459 0.871315 0.831214
0.882466 0.859392 0.880812 0.860738 0.872465 0.839646
0.882987 0.858821 0.878518 0.857657 0.870136 0.828799
0.882685 0.859033 0.879940 0.858371 0.865925 0.832127
0.884725 0.859879 0.879688 0.856786 0.867696 0.831959
0.883506 0.860084 0.877903 0.853568 0.868067 0.832091
0.884138 0.861005 0.880469 0.857510 0.870424 0.839357
0.884562 0.859563 0.879669 0.858248 0.868810 0.833788
0.882816 0.859406 0.879331 0.857205 0.868502 0.832404
0.882948 0.858924 0.879288 0.857166 0.866394 0.833117
0.883078 0.859583 0.878819 0.858152 0.870584 0.830160
0.883552 0.860993 0.880213 0.860803 0.873973 0.833696
0.884238 0.860454 0.879983 0.860489 0.871509 0.833111
0.883057 0.860241 0.878359 0.856678 0.867761 0.826178
0.884711 0.859678 0.879058 0.857769 0.865254 0.829844
0.882918 0.859729 0.878050 0.855850 0.866882 0.825145
0.882714 0.861376 0.879737 0.855062 0.868648 0.827201
0.880973 0.862287 0.881224 0.857130 0.869294 0.832422
0.884161 0.862074 0.879118 0.854919 0.865648 0.823048
0.883686 0.864224 0.880781 0.857119 0.865583 0.829657
0.885090 0.864036 0.878961 0.856689 0.869997 0.825368
0.883303 0.862224 0.879648 0.857181 0.868213 0.829250
0.882413 0.862251 0.880676 0.856797 0.868562 0.832761
0.884807 0.860724 0.879741 0.855672 0.864091 0.829150
0.884664 0.862073 0.879909 0.856584 0.866448 0.834184
0.883644 0.860847 0.879666 0.857022 0.870038 0.830545
0.882796 0.860800 0.880188 0.857445 0.870138 0.828237
0.882760 0.863064 0.881110 0.857846 0.868414 0.831587
0.884890 0.862708 0.878964 0.856276 0.864323 0.826518
0.885851 0.863874 0.879786 0.856636 0.866750 0.832131
0.883014 0.863384 0.879095 0.856179 0.867788 0.832703
0.882673 0.862334 0.879321 0.856804 0.866721 0.825841
0.884159 0.863018 0.880489 0.858788 0.867336 0.832376
0.885129 0.864191 0.879198 0.856591 0.864054 0.822871
0.884271 0.864139 0.880345 0.858713 0.866276 0.830420
0.883474 0.863498 0.879195 0.857305 0.870103 0.833164
0.883294 0.863489 0.880734 0.857282 0.867612 0.826285
0.882802 0.863140 0.879220 0.858920 0.865921 0.830000
0.887149 0.862375 0.879316 0.857060 0.863201 0.818621
0.885636 0.864434 0.881436 0.859463 0.866628 0.832930
0.887168 0.862787 0.880768 0.856610 0.871506 0.830408
0.886838 0.863868 0.882304 0.859370 0.872131 0.829854
0.886501 0.863103 0.882460 0.858274 0.867039 0.830300
0.887561 0.863120 0.882088 0.857865 0.864925 0.828058
0.885988 0.862945 0.881645 0.860266 0.870023 0.830702
0.887555 0.864720 0.882264 0.858499 0.872481 0.830124
0.887543 0.863719 0.881757 0.859413 0.871533 0.830860
0.888091 0.863982 0.881650 0.859520 0.870327 0.825468
0.888018 0.864624 0.881574 0.859845 0.870518 0.829639
0.887557 0.864119 0.881528 0.858992 0.872106 0.830950
0.887960 0.862991 0.880672 0.857557 0.871321 0.831164
0.887071 0.864086 0.879928 0.858088 0.870518 0.833175
0.887745 0.864912 0.877778 0.856368 0.865372 0.830233
0.887461 0.863943 0.881434 0.856888 0.868126 0.833998
0.888840 0.862793 0.878908 0.848837 0.862762 0.819149
0.887952 0.864188 0.878950 0.857422 0.864407 0.835255
0.884996 0.851369 0.871251 0.850562 0.855793 0.831704
0.861967 0.844108 0.845511 0.840537 0.819787 0.764803
0.886006 0.850149 0.855494 0.845884 0.850022 0.857901
0.884412 0.845430 0.854471 0.841618 0.839460 0.856610
0.888052 0.850116 0.866202 0.854026 0.843466 0.869280
0.830349 0.703909 0.776399 0.774782 0.634472 0.701051
0.868105 0.844695 0.845901 0.845879 0.830280 0.837747
0.863052 0.840242 0.843163 0.837960 0.814144 0.834069
0.863013 0.837373 0.820924 0.838081 0.810638 0.795767
0.860495 0.827127 0.703164 0.833856 0.797158 0.645974
0.770322 0.770025 0.569965 0.793450 0.743713 0.465708
0.816201 0.804862 0.684964 0.801755 0.780506 0.579480
0.835970 0.819308 0.782218 0.810046 0.788496 0.716440
0.845377 0.827960 0.796564 0.796049 0.769338 0.742514
0.839788 0.817490 0.785422 0.774129 0.750897 0.715290
0.822044 0.780366 0.721337 0.740226 0.713044 0.649344
0.818682 0.758475 0.691686 0.718930 0.684369 0.617537
0.838908 0.781408 0.727176 0.745155 0.703490 0.660741
0.855688 0.810846 0.764427 0.776799 0.741898 0.713534
0.857921 0.813122 0.759889 0.780921 0.747423 0.707925
0.850719 0.808401 0.729473 0.777562 0.742376 0.686033
0.846479 0.792406 0.713725 0.768334 0.727190 0.667606
0.843326 0.784267 0.708852 0.764697 0.723227 0.659114
0.843272 0.784822 0.718857 0.770906 0.730025 0.674602
0.848834 0.788852 0.733740 0.779975 0.735853 0.690643
0.853126 0.792891 0.744585 0.779334 0.738586 0.704807
0.858264 0.791859 0.759808 0.778544 0.743505 0.719394
0.860063 0.795292 0.776088 0.783928 0.751168 0.735024
0.864020 0.800510 0.782183 0.787623 0.758012 0.743539
0.860828 0.800013 0.781868 0.787548 0.757506 0.744656
0.856577 0.798409 0.777408 0.784904 0.754316 0.739611
0.853310 0.797416 0.777760 0.783054 0.758704 0.739579
0.854706 0.800230 0.785514 0.780583 0.771559 0.745313
0.853024 0.808733 0.789155 0.781074 0.773642 0.749596
0.856965 0.812134 0.791571 0.788712 0.775980 0.741542
0.857847 0.812738 0.787096 0.793284 0.777477 0.740158
0.858280 0.813842 0.789021 0.792718 0.775481 0.739969
0.859571 0.817349 0.789558 0.795565 0.775942 0.737516
0.858912 0.816468 0.779971 0.794085 0.775712 0.731307
0.859240 0.817863 0.784070 0.795468 0.775963 0.727146
0.858623 0.818776 0.785705 0.797770 0.773381 0.729709
0.859554 0.819944 0.793950 0.802678 0.778173 0.744351
0.859320 0.822622 0.804773 0.805992 0.777863 0.759027
0.859964 0.826055 0.817166 0.807098 0.781478 0.773922
0.860650 0.827643 0.823643 0.807611 0.783032 0.782801
0.861888 0.825988 0.828188 0.809216 0.782654 0.788985
0.864387 0.825053 0.831091 0.809289 0.784151 0.795246
0.866091 0.828402 0.831565 0.809943 0.785479 0.798830
0.866412 0.830704 0.828920 0.810607 0.789924 0.798064
0.866122 0.830292 0.823760 0.811807 0.788097 0.791690
0.866291 0.828550 0.821198 0.811831 0.786981 0.785303
0.866148 0.828661 0.821330 0.814185 0.787282 0.780910
0.866316 0.828346 0.822778 0.814790 0.790749 0.785394
0.865575 0.829677 0.824787 0.813293 0.790584 0.790194
0.866082 0.828633 0.823071 0.812793 0.792612 0.795958
0.866012 0.829479 0.826323 0.811997 0.792808 0.797991
0.865561 0.828079 0.824595 0.808380 0.789766 0.796581
0.865154 0.828201 0.821327 0.806297 0.788909 0.793285
0.863808 0.827640 0.819180 0.807461 0.788427 0.786304
0.863556 0.829171 0.820068 0.808400 0.791233 0.785460
0.863012 0.828092 0.820237 0.806808 0.791435 0.782560
0.861872 0.826721 0.819741 0.805159 0.787154 0.780569
0.861767 0.826328 0.819629 0.805027 0.786248 0.780517
0.861665 0.825574 0.819573 0.804924 0.785571 0.780686
0.861789 0.825570 0.819110 0.804764 0.785390 0.781855
0.862168 0.825354 0.819090 0.804554 0.786919 0.782504
0.862073 0.825571 0.819582 0.804542 0.787401 0.783971
0.861933 0.825388 0.821677 0.804439 0.787613 0.784992
0.862122 0.825040 0.822799 0.804335 0.787636 0.786676
0.862327 0.824938 0.823206 0.804717 0.787608 0.787610
0.862214 0.824872 0.823754 0.805040 0.788098 0.788640
0.862255 0.824971 0.824089 0.804748 0.788033 0.789570
0.862319 0.824793 0.823821 0.804775 0.788252 0.789772
0.862025 0.824185 0.824714 0.804770 0.788059 0.790438
0.862054 0.824388 0.824681 0.804389 0.787736 0.791121
0.862366 0.825304 0.824990 0.804394 0.787487 0.791434
0.862229 0.825347 0.825331 0.804787 0.787784 0.791139
0.862381 0.825389 0.825051 0.804346 0.787695 0.791868
0.862102 0.825581 0.825566 0.804514 0.787633 0.790903
0.861958 0.825369 0.825845 0.804623 0.788199 0.789657
0.862969 0.825701 0.825879 0.804879 0.787948 0.789663
0.863068 0.825727 0.825784 0.804806 0.788700 0.789280
0.863268 0.825225 0.825854 0.805150 0.788111 0.788924
0.863270 0.825017 0.825657 0.805068 0.788611 0.788765
0.863262 0.825019 0.825651 0.804815 0.788737 0.788784
0.863254 0.825308 0.825450 0.804809 0.788944 0.788975
0.863041 0.825355 0.825421 0.804818 0.789769 0.789082
0.862873 0.825889 0.825089 0.804774 0.790117 0.789073
0.862941 0.825516 0.824904 0.806362 0.789562 0.789264
0.862701 0.825722 0.824675 0.806367 0.788886 0.789200
0.862702 0.825238 0.824975 0.806371 0.789170 0.789154
0.862702 0.824841 0.824769 0.806226 0.788921 0.789155
0.862415 0.824629 0.824584 0.805855 0.789050 0.789484
0.862591 0.824744 0.824754 0.805874 0.789335 0.790137
0.862587 0.825001 0.824895 0.805897 0.789475 0.790852
0.862464 0.825248 0.825125 0.805768 0.789819 0.791078
0.861934 0.825148 0.825344 0.805529 0.790862 0.791558
0.862055 0.825050 0.825810 0.805527 0.791039 0.792338
0.861815 0.824778 0.825885 0.805896 0.790548 0.792908
0.861813 0.824998 0.825971 0.806143 0.790336 0.793391
0.861817 0.825316 0.825475 0.806198 0.789916 0.793546
0.861817 0.825138 0.825445 0.805758 0.789651 0.793785
0.862061 0.824965 0.825467 0.805763 0.790926 0.794505
0.862116 0.824968 0.826270 0.805871 0.790893 0.794716
0.862117 0.824269 0.826185 0.805823 0.790658 0.794428
0.861952 0.824372 0.826203 0.806258 0.790810 0.793759
0.862135 0.824323 0.825585 0.806384 0.792411 0.793685
0.861822 0.824545 0.825844 0.806578 0.792351 0.793198
0.861816 0.824644 0.825993 0.806734 0.793802 0.793397
0.862136 0.824018 0.826375 0.806432 0.793518 0.793525
0.862139 0.823766 0.826412 0.806561 0.793604 0.794005
0.862223 0.823356 0.826928 0.806393 0.793248 0.793832
0.862480 0.823470 0.826960 0.806085 0.793242 0.793647
0.862419 0.823142 0.827669 0.805832 0.793406 0.794283
0.862425 0.823485 0.827615 0.805989 0.793955 0.795155
0.862500 0.823861 0.827889 0.805247 0.793379 0.795127
0.862496 0.823664 0.829030 0.805306 0.793299 0.795128
0.862520 0.823625 0.830128 0.805477 0.792803 0.794455
0.862802 0.823525 0.829251 0.805356 0.792290 0.794351
0.862704 0.823099 0.829720 0.805508 0.792321 0.794376
0.862699 0.822989 0.829440 0.806040 0.792380 0.794391
0.863278 0.822880 0.830273 0.804989 0.792298 0.794586
0.863505 0.823079 0.830350 0.804993 0.792999 0.794477
0.863705 0.822655 0.830295 0.805063 0.792918 0.795213
0.864136 0.822126 0.830306 0.804761 0.792811 0.796515
0.864682 0.821971 0.830011 0.805780 0.792024 0.797441
0.864184 0.822360 0.830216 0.805192 0.791602 0.798281
0.864237 0.822088 0.829992 0.805468 0.792081 0.798702
0.864048 0.822627 0.830433 0.805904 0.792804 0.799153
0.864908 0.822630 0.830551 0.805926 0.790957 0.799359
0.864973 0.822597 0.830471 0.805698 0.791205 0.799937
0.865109 0.822510 0.831448 0.805794 0.790989 0.800086
0.864985 0.822451 0.830609 0.805723 0.790881 0.800308
0.865080 0.822396 0.830673 0.805507 0.790682 0.800412
0.865069 0.822495 0.830921 0.805544 0.790694 0.800666
0.865481 0.822656 0.830891 0.804746 0.790533 0.800660
0.865646 0.823230 0.831283 0.804770 0.790545 0.800560
0.865787 0.822302 0.831346 0.805062 0.790218 0.800518
0.865656 0.822764 0.832183 0.805035 0.790349 0.800415
0.865444 0.822756 0.831247 0.803874 0.789887 0.801415
0.865570 0.822758 0.831417 0.804805 0.789899 0.800856
0.865629 0.822760 0.832413 0.804933 0.790013 0.800648
0.865696 0.823376 0.832585 0.804954 0.789211 0.800722
0.866172 0.824137 0.832855 0.805262 0.789998 0.800574
0.865949 0.824302 0.833047 0.805138 0.789913 0.800573
0.865945 0.824107 0.832704 0.804997 0.789644 0.800650
0.865851 0.824151 0.833086 0.805958 0.789595 0.800633
0.865850 0.824152 0.833461 0.806066 0.789786 0.801534
0.866011 0.824265 0.833463 0.806176 0.789801 0.800964
0.866009 0.824363 0.833589 0.806186 0.790017 0.800012
0.866124 0.824168 0.833711 0.806150 0.790305 0.799897
0.866121 0.823535 0.833720 0.805732 0.789815 0.799360
0.865997 0.823538 0.833720 0.806264 0.789829 0.799919
0.865868 0.823640 0.833836 0.806224 0.791633 0.800027
0.865871 0.824437 0.833457 0.806513 0.791745 0.800558
0.865875 0.824996 0.833468 0.806366 0.791899 0.800777
0.866256 0.824432 0.833480 0.806152 0.791908 0.799827
0.866068 0.824431 0.833051 0.806130 0.792428 0.799834
0.866096 0.824241 0.833131 0.806252 0.792488 0.799552
0.866225 0.825226 0.833259 0.806145 0.791766 0.799670
0.866231 0.825043 0.833917 0.806621 0.791929 0.799193
0.866240 0.825110 0.834354 0.806667 0.791877 0.800022
0.866443 0.825160 0.834617 0.806667 0.791994 0.799901
0.866429 0.825161 0.834024 0.806664 0.792001 0.800192
0.866359 0.825020 0.834091 0.806451 0.792295 0.800221
0.866362 0.824429 0.834249 0.806716 0.792619 0.799986
0.866733 0.824433 0.834262 0.806720 0.792838 0.799874
0.866742 0.824000 0.834545 0.807369 0.792855 0.800162
0.866744 0.824004 0.834554 0.807134 0.792750 0.800748
0.866702 0.824198 0.834672 0.807150 0.793238 0.800497
0.866781 0.824361 0.835054 0.807372 0.793465 0.800517
0.866782 0.824502 0.835187 0.807378 0.793689 0.800660
0.866627 0.825168 0.835294 0.807732 0.794090 0.800246
0.866626 0.825264 0.835297 0.807740 0.795122 0.800725
0.866625 0.825148 0.833998 0.807813 0.794385 0.801320
0.866947 0.825147 0.834185 0.807992 0.794807 0.801299
0.867053 0.825249 0.834198 0.808379 0.794821 0.800328
0.867270 0.825351 0.834218 0.808480 0.794938 0.800296
0.868141 0.825452 0.834581 0.808550 0.794588 0.800957
0.868142 0.825457 0.834804 0.808919 0.794422 0.801255
0.868014 0.825460 0.834929 0.808771 0.795889 0.800821
0.868038 0.825465 0.835057 0.808987 0.795664 0.800823
0.868095 0.825466 0.834996 0.808622 0.795677 0.801354
0.868099 0.825565 0.835203 0.808497 0.795689 0.801435
0.868166 0.826000 0.835477 0.808020 0.796046 0.801422
0.868107 0.825563 0.836001 0.808282 0.796539 0.802171
0.867993 0.825851 0.835816 0.808283 0.796654 0.802367
0.868113 0.825891 0.836392 0.808288 0.796710 0.802607
0.868553 0.825887 0.836672 0.808292 0.796895 0.802707
0.868661 0.825891 0.835583 0.808685 0.796242 0.802760
0.868296 0.825775 0.835603 0.808999 0.796250 0.803067
0.868658 0.825779 0.834799 0.809002 0.795958 0.803273
0.868725 0.825460 0.836031 0.808608 0.795803 0.803295
0.869197 0.825461 0.835680 0.808610 0.795811 0.803298
0.869199 0.825357 0.836743 0.808625 0.795821 0.803304
0.869134 0.825464 0.836334 0.808626 0.795827 0.803154
0.869136 0.825469 0.834913 0.808434 0.795836 0.803168
0.869149 0.825685 0.834827 0.808558 0.795950 0.802853
0.869020 0.825689 0.835210 0.808667 0.796081 0.802765
0.869022 0.825842 0.835430 0.808670 0.796320 0.802704
0.868991 0.825586 0.835128 0.808673 0.796228 0.802919
0.869026 0.825589 0.834822 0.808429 0.796231 0.802997
0.868994 0.825565 0.835138 0.808495 0.797410 0.802732
0.869220 0.825669 0.834179 0.808780 0.797421 0.802747
0.869223 0.825767 0.834301 0.809081 0.797311 0.802911
0.869532 0.825453 0.834571 0.808529 0.797418 0.802925
0.869290 0.825412 0.835211 0.808378 0.797345 0.802930
0.869398 0.825466 0.835343 0.808619 0.797507 0.802928
0.869399 0.825209 0.834690 0.808624 0.797007 0.802810
0.869400 0.825007 0.834840 0.808220 0.797312 0.802655
0.869402 0.825525 0.834844 0.808086 0.797040 0.802969
0.869468 0.825329 0.835445 0.808304 0.797143 0.803210
0.869470 0.825331 0.835456 0.808307 0.797251 0.803548
0.869720 0.825098 0.834904 0.808694 0.797131 0.803557
0.869262 0.825198 0.835591 0.808354 0.797081 0.803849
0.869690 0.825145 0.835826 0.808528 0.797051 0.803541
0.869145 0.825244 0.836334 0.808427 0.796988 0.803644
0.869583 0.824712 0.836889 0.808753 0.797099 0.803654
0.869584 0.824602 0.836947 0.810099 0.798275 0.803668
0.869148 0.824801 0.837061 0.810101 0.798386 0.803425
0.869150 0.825326 0.836191 0.809991 0.797897 0.803579
0.869091 0.825426 0.837129 0.810320 0.797966 0.804125
0.869093 0.825343 0.836412 0.810414 0.797435 0.804034
0.869265 0.825334 0.836520 0.810391 0.798295 0.803997
0.868955 0.825279 0.836702 0.810611 0.798300 0.803023
0.868888 0.825209 0.835943 0.810619 0.798244 0.803090
0.869261 0.824972 0.835975 0.810840 0.796176 0.803190
0.869262 0.824972 0.836260 0.810886 0.796082 0.803055
0.869454 0.824862 0.836338 0.810740 0.796324 0.802634
0.869420 0.824737 0.836235 0.810837 0.796437 0.802844
0.868962 0.825034 0.836456 0.810514 0.795960 0.803064
0.869380 0.824929 0.836673 0.810625 0.796183 0.803561
0.869072 0.824895 0.836160 0.810625 0.795971 0.804013
0.869074 0.824822 0.835719 0.809958 0.795984 0.803614
0.869190 0.824949 0.835593 0.809965 0.795946 0.802605
0.869103 0.825044 0.835392 0.810335 0.796301 0.802912
0.869353 0.824720 0.835421 0.810215 0.796148 0.802811
0.869355 0.824721 0.835576 0.810362 0.796052 0.802432
0.869478 0.824721 0.835034 0.810238 0.797012 0.802238
0.869150 0.825300 0.835138 0.810018 0.798497 0.802901
0.869300 0.825292 0.835296 0.809552 0.798401 0.803005
0.869675 0.825430 0.835353 0.809553 0.798369 0.802897
0.869612 0.825649 0.834963 0.809127 0.798374 0.803269
0.869680 0.825552 0.834785 0.809130 0.798378 0.803271
0.870105 0.825696 0.835396 0.809482 0.799928 0.803144
0.869993 0.826189 0.834551 0.809489 0.799830 0.803167
0.869985 0.826412 0.835285 0.809558 0.800209 0.803184
0.869918 0.826415 0.835887 0.809705 0.800373 0.803666
0.869188 0.826992 0.835255 0.809653 0.798763 0.803914
0.869186 0.826592 0.835382 0.809412 0.798777 0.804151
0.869186 0.826112 0.834975 0.810596 0.799086 0.804371
0.868499 0.826422 0.835068 0.810606 0.798923 0.804393
0.868684 0.826030 0.835608 0.810619 0.799488 0.804189
0.868793 0.826526 0.835722 0.811192 0.798978 0.804266
0.868787 0.826529 0.835686 0.811531 0.799203 0.804254
0.869203 0.826528 0.835318 0.811665 0.799032 0.804237
0.869129 0.825907 0.835197 0.811469 0.799121 0.803704
0.869052 0.825796 0.835353 0.811372 0.799293 0.803787
0.869306 0.825934 0.835474 0.811474 0.797470 0.803790
0.869304 0.826178 0.836317 0.811483 0.797763 0.804006
0.869382 0.826179 0.836647 0.811334 0.797558 0.804017
0.869445 0.826179 0.836179 0.812124 0.797046 0.803619
0.869677 0.825735 0.835764 0.812122 0.797903 0.803263
0.869859 0.825742 0.835879 0.812370 0.798864 0.804394
0.869936 0.825537 0.833872 0.812410 0.798990 0.804728
0.869938 0.825544 0.834311 0.812573 0.799022 0.805410
0.870261 0.825228 0.834408 0.813475 0.799333 0.805739
0.870268 0.825231 0.834140 0.813465 0.800133 0.807009
0.870270 0.825235 0.833587 0.814557 0.800063 0.807120
0.870275 0.825452 0.834343 0.813538 0.800022 0.807115
0.871539 0.825448 0.834501 0.813033 0.800825 0.807091
0.871409 0.825175 0.834429 0.812994 0.800626 0.806647
0.871365 0.825457 0.834442 0.812523 0.801596 0.806531
0.871507 0.825700 0.834669 0.812913 0.801555 0.806779
0.871315 0.826494 0.834414 0.813031 0.801395 0.806775
0.871197 0.826328 0.834588 0.812916 0.800957 0.806948
0.871071 0.825884 0.834736 0.812585 0.800419 0.808028
0.870594 0.826090 0.834533 0.812722 0.800430 0.808070
0.870399 0.826423 0.834757 0.813004 0.801094 0.808205
0.870253 0.826359 0.835053 0.812408 0.801571 0.808177
0.870404 0.826348 0.835147 0.812523 0.802013 0.807737
0.871089 0.826235 0.835681 0.812717 0.802154 0.807568
0.871027 0.826348 0.833737 0.812609 0.801913 0.807677
0.871027 0.826695 0.833747 0.812817 0.802027 0.807495
0.871124 0.826702 0.834343 0.812737 0.801805 0.807598
0.871126 0.826478 0.834154 0.812849 0.801698 0.808556
0.871126 0.826808 0.834271 0.813071 0.801720 0.808831
0.871125 0.827105 0.835745 0.813405 0.801836 0.808973
0.870842 0.827617 0.835944 0.813400 0.801822 0.808531
0.870842 0.827679 0.836254 0.813749 0.801746 0.808218
0.871114 0.827461 0.837329 0.813153 0.801729 0.807639
0.871114 0.827554 0.837210 0.814309 0.801572 0.807475
0.870935 0.827437 0.836855 0.814100 0.800552 0.806889
0.870549 0.827632 0.837891 0.814214 0.800443 0.806883
0.870740 0.827638 0.837821 0.814542 0.800093 0.806894
0.870843 0.827648 0.837877 0.814626 0.801171 0.807173
0.870843 0.829236 0.838523 0.814939 0.801664 0.807695
0.870845 0.829251 0.838585 0.814391 0.802117 0.807745
0.870891 0.829655 0.839380 0.814740 0.803216 0.807690
0.871206 0.829434 0.839270 0.814451 0.802785 0.807930
0.871223 0.829242 0.839181 0.814313 0.802792 0.807735
0.871224 0.829499 0.839609 0.814758 0.802484 0.807284
0.871222 0.829073 0.839615 0.814751 0.802190 0.807545
0.871709 0.828444 0.838986 0.815808 0.801966 0.807237
0.871710 0.828439 0.839096 0.815587 0.801947 0.807214
0.871711 0.828437 0.839490 0.815595 0.801776 0.806827
0.871596 0.828437 0.839487 0.815599 0.801977 0.806619
0.871525 0.827951 0.838936 0.815725 0.801981 0.806099
0.871632 0.827951 0.839058 0.815618 0.802193 0.806358
0.871609 0.827929 0.839254 0.816510 0.801951 0.805952
0.871175 0.828123 0.838802 0.816449 0.801839 0.805532
0.871494 0.828332 0.838529 0.816035 0.801985 0.804842
0.871492 0.828072 0.838742 0.816143 0.800973 0.804659
0.871224 0.827986 0.838681 0.815539 0.801530 0.804659
0.871107 0.828458 0.838901 0.815393 0.802465 0.804883
0.870366 0.828453 0.837947 0.815989 0.802269 0.805187
0.870362 0.828161 0.838507 0.816290 0.801392 0.806343
0.870158 0.828059 0.838548 0.816000 0.800511 0.806359
0.868917 0.828249 0.839081 0.816133 0.800784 0.806316
0.868912 0.828456 0.839205 0.816379 0.800749 0.805824
0.867760 0.828659 0.839184 0.816282 0.800551 0.806140
0.867758 0.828749 0.839301 0.816249 0.801531 0.806345
0.867758 0.828364 0.839312 0.816289 0.801471 0.806262
0.867757 0.828315 0.839422 0.816285 0.801604 0.806161
0.867759 0.827648 0.839429 0.815937 0.801507 0.805686
0.867764 0.827155 0.840168 0.815449 0.801509 0.805298
0.869277 0.827265 0.840074 0.815327 0.801099 0.804924
0.869473 0.827367 0.839130 0.815100 0.801466 0.805091
0.870507 0.827366 0.839081 0.815230 0.801898 0.805174
0.870263 0.827759 0.839411 0.815291 0.801814 0.805813
0.870838 0.827145 0.838959 0.815175 0.801089 0.806041
0.870940 0.826860 0.838967 0.815170 0.800935 0.806160
0.871061 0.826051 0.838943 0.815073 0.801394 0.805879
0.871062 0.826143 0.838819 0.814833 0.801336 0.805677
0.870810 0.826236 0.838792 0.814836 0.801241 0.805673
0.870816 0.826619 0.838903 0.814946 0.801256 0.805673
0.870813 0.827044 0.839119 0.815179 0.801250 0.805945
0.871333 0.826512 0.839534 0.815178 0.801777 0.806289
0.871334 0.826924 0.839610 0.815437 0.800223 0.806551
0.871334 0.827019 0.839976 0.815653 0.800227 0.805741
0.871332 0.827114 0.840079 0.815503 0.800502 0.805772
0.871440 0.826999 0.840138 0.815287 0.799719 0.805667
0.871461 0.826778 0.840339 0.815286 0.799716 0.805642
0.871460 0.826679 0.841078 0.816491 0.800391 0.805516
0.871225 0.827392 0.840127 0.816320 0.800501 0.805936
0.871460 0.827392 0.841181 0.816170 0.799687 0.805838
0.871189 0.827552 0.840619 0.816189 0.799847 0.805577
0.871376 0.827550 0.840270 0.815485 0.799613 0.805328
0.871253 0.827406 0.840766 0.815112 0.799216 0.804670
0.871210 0.827405 0.840585 0.815497 0.799151 0.804632
0.870590 0.827504 0.840594 0.815543 0.799172 0.804636
0.870864 0.827401 0.840829 0.815501 0.798043 0.804754
0.870158 0.827602 0.840536 0.815288 0.798077 0.805266
0.870162 0.827718 0.840447 0.815400 0.796922 0.805563
0.870799 0.827480 0.840780 0.814514 0.798084 0.805442
0.870804 0.828010 0.840691 0.814497 0.797901 0.805450
0.870808 0.828218 0.840854 0.813769 0.797909 0.805275
0.870807 0.828276 0.840865 0.813810 0.799195 0.805386
0.868638 0.828471 0.841777 0.813779 0.799221 0.805785
0.868127 0.828093 0.841997 0.813998 0.799015 0.805994
0.867934 0.827959 0.841960 0.813926 0.799022 0.806579
0.868057 0.828154 0.842281 0.814943 0.798848 0.806604
0.868597 0.828042 0.842280 0.815120 0.799055 0.806447
0.868585 0.828232 0.842392 0.814017 0.798826 0.806664
0.868583 0.828230 0.842165 0.813527 0.798716 0.806638
0.868583 0.828438 0.842045 0.813755 0.798713 0.806537
0.868510 0.828440 0.842213 0.813818 0.797701 0.806536
0.868759 0.828161 0.842099 0.814029 0.797157 0.806393
0.868568 0.828362 0.842102 0.814021 0.795947 0.806671
0.868536 0.828250 0.841947 0.814000 0.796065 0.807411
0.869382 0.828257 0.842059 0.813994 0.796390 0.807438
0.869317 0.828320 0.842376 0.813885 0.797058 0.807482
0.869647 0.828325 0.842481 0.814716 0.798395 0.807624
0.869655 0.827721 0.842593 0.814605 0.798202 0.807636
0.869905 0.827723 0.842867 0.814706 0.797901 0.807462
0.869797 0.827623 0.842437 0.814378 0.798159 0.807443
0.869799 0.827597 0.842607 0.814502 0.796882 0.807180
0.869801 0.827593 0.843580 0.814176 0.797023 0.806872
0.869805 0.827641 0.843578 0.814174 0.796951 0.807012
0.869747 0.827696 0.843054 0.814169 0.796955 0.807005
0.869753 0.827699 0.843150 0.814121 0.796963 0.807005
0.869693 0.827746 0.843256 0.813929 0.796983 0.807010
0.869696 0.827751 0.842983 0.813883 0.798000 0.807028
0.869581 0.828044 0.843292 0.813876 0.798390 0.807788
0.869580 0.828533 0.843400 0.813674 0.798498 0.808426
0.869581 0.828927 0.843397 0.813888 0.798494 0.808734
0.869579 0.829922 0.843199 0.813997 0.798708 0.808742
0.869576 0.830119 0.843076 0.814655 0.798264 0.809596
0.869254 0.829128 0.842598 0.814793 0.798711 0.809609
0.869419 0.829321 0.842431 0.814646 0.799137 0.810007
0.869473 0.829043 0.842431 0.814541 0.799452 0.809624
0.869264 0.828003 0.842527 0.814333 0.799942 0.808906
0.869034 0.827758 0.842642 0.814768 0.799828 0.808866
0.869033 0.827753 0.842642 0.814873 0.799829 0.808861
0.869260 0.827753 0.842831 0.814861 0.799842 0.808967
0.869378 0.827652 0.842603 0.814861 0.799749 0.809247
0.870663 0.827540 0.842612 0.814795 0.799367 0.809275
0.870593 0.827795 0.842515 0.814987 0.798004 0.809382
0.870599 0.827799 0.841712 0.814930 0.799334 0.809403
0.870601 0.827637 0.841697 0.814935 0.798091 0.809128
0.870589 0.827655 0.841698 0.814942 0.798368 0.809182
0.870592 0.828222 0.841703 0.814361 0.798489 0.809090
0.870733 0.828041 0.841506 0.814365 0.799633 0.809758
0.870733 0.828007 0.841696 0.814491 0.799341 0.809461
0.870777 0.828010 0.841640 0.814356 0.798604 0.809535
0.870900 0.828147 0.841859 0.814561 0.798587 0.809823
0.870723 0.828246 0.842123 0.815188 0.799620 0.810566
0.870541 0.828383 0.842174 0.815602 0.799851 0.810761
0.869298 0.827543 0.842215 0.816227 0.801001 0.810475
0.869388 0.827580 0.842532 0.816343 0.801606 0.810476
0.869053 0.827688 0.843137 0.816747 0.801734 0.810465
0.868852 0.827983 0.842526 0.816954 0.801556 0.810261
0.868733 0.828186 0.842775 0.816722 0.801139 0.809985
0.868727 0.829098 0.843489 0.816841 0.799562 0.810480
0.868729 0.829203 0.843272 0.816942 0.799264 0.810507
0.869168 0.828824 0.843863 0.817183 0.799614 0.810478
0.869173 0.828595 0.845126 0.816588 0.799625 0.810195
0.870465 0.828482 0.845364 0.815731 0.798865 0.809483
0.870152 0.828106 0.844966 0.815689 0.800344 0.809453
0.870157 0.826557 0.844974 0.816183 0.800449 0.809773
0.870160 0.826564 0.844554 0.816187 0.800462 0.810059
0.869610 0.826575 0.844480 0.816303 0.800463 0.809365
0.869416 0.825928 0.844916 0.815936 0.800084 0.808888
0.869113 0.825830 0.844905 0.816219 0.800095 0.808584
0.869479 0.826106 0.844910 0.816069 0.800171 0.809049
0.869159 0.826145 0.845386 0.816178 0.800498 0.809171
0.869822 0.826487 0.844509 0.816029 0.800621 0.809574
0.869815 0.826642 0.845100 0.816139 0.801384 0.809871
0.869707 0.826783 0.845111 0.816448 0.801369 0.810180
0.869712 0.826777 0.845117 0.816366 0.801617 0.810201
0.869684 0.826971 0.844426 0.816246 0.801007 0.810634
0.869330 0.827065 0.844421 0.816248 0.799978 0.810256
0.869335 0.826863 0.845170 0.816251 0.799967 0.810058
0.869447 0.826763 0.845164 0.816015 0.799358 0.809664
0.869631 0.826661 0.845313 0.816016 0.800691 0.809534
0.869166 0.826770 0.845481 0.816230 0.799602 0.809262
0.869500 0.826575 0.845089 0.816239 0.799631 0.809384
0.869062 0.826575 0.845006 0.815431 0.799656 0.808817
0.869942 0.826420 0.845086 0.815538 0.799942 0.809127
0.869143 0.826946 0.844201 0.815540 0.799971 0.809722
0.868697 0.827204 0.843917 0.815752 0.800910 0.810212
0.867698 0.827212 0.843711 0.815602 0.800934 0.810500
0.867687 0.827576 0.844517 0.815700 0.801058 0.810214
0.867685 0.827572 0.844363 0.815314 0.801039 0.810301
0.868377 0.827872 0.844363 0.814716 0.800123 0.810397
0.868195 0.827675 0.844415 0.814717 0.800869 0.810556
0.868397 0.827769 0.844410 0.815635 0.801016 0.810535
0.869155 0.827869 0.845091 0.815803 0.800978 0.811272
0.868918 0.828045 0.845464 0.816359 0.801096 0.811025
0.868913 0.828016 0.845837 0.816464 0.801184 0.811661
0.869182 0.827686 0.844912 0.816466 0.801487 0.811468
0.869179 0.827660 0.845016 0.816340 0.801485 0.811581
0.868577 0.827860 0.844867 0.816237 0.801347 0.811067
0.868495 0.827986 0.844972 0.815812 0.801353 0.811232
0.868939 0.827883 0.845186 0.815918 0.801453 0.811152
0.868819 0.828081 0.845203 0.815856 0.801469 0.811360
0.868816 0.828295 0.845201 0.815956 0.802598 0.811841
0.869869 0.828074 0.845194 0.816298 0.802622 0.812111
0.870600 0.828370 0.845193 0.816286 0.802437 0.812201
0.870592 0.828669 0.845127 0.816245 0.802655 0.812078
0.870267 0.828754 0.845229 0.816482 0.802793 0.811668
0.870311 0.828757 0.845330 0.816329 0.803381 0.811585
0.870296 0.829489 0.844388 0.816443 0.803369 0.811637
0.870216 0.830278 0.844979 0.816501 0.803566 0.812189
0.870179 0.831022 0.845607 0.816509 0.803602 0.812293
0.870418 0.830843 0.845895 0.816510 0.803212 0.812214
0.870298 0.830928 0.845894 0.816674 0.803845 0.811983
0.870352 0.830906 0.845898 0.816307 0.803366 0.813125
0.870637 0.830128 0.846079 0.817009 0.804096 0.812868
0.870374 0.830222 0.846076 0.816839 0.803817 0.813405
