0.646255 0.506340 0.569156 0.623681 0.622337 0.591085
0.663981 0.529049 0.588697 0.636319 0.636531 0.615188
0.682810 0.530787 0.608489 0.639420 0.643886 0.640038
0.693217 0.532289 0.610242 0.640971 0.647970 0.651689
0.702586 0.526976 0.610478 0.637105 0.649647 0.651594
0.705798 0.530000 0.609959 0.640143 0.644404 0.667186
0.709217 0.533558 0.612030 0.648675 0.643202 0.662519
0.710297 0.540506 0.612344 0.653349 0.640373 0.670779
0.709917 0.546547 0.611660 0.657548 0.647605 0.675273
0.711846 0.548767 0.616689 0.659944 0.648988 0.680975
0.718886 0.556134 0.616730 0.667225 0.652559 0.686429
0.725501 0.563588 0.620122 0.674915 0.658991 0.688371
0.735598 0.563746 0.626659 0.687446 0.668269 0.693182
0.743521 0.569161 0.631814 0.695637 0.676399 0.694821
0.750531 0.578352 0.636549 0.697568 0.679887 0.698725
0.756673 0.577057 0.644075 0.701548 0.682452 0.702371
0.763428 0.576701 0.648028 0.703360 0.687368 0.706360
0.759690 0.577910 0.650979 0.704915 0.687560 0.709038
0.754868 0.570976 0.651709 0.699612 0.688376 0.707182
0.750143 0.572848 0.642330 0.694590 0.683696 0.702310
0.748343 0.566622 0.641900 0.686403 0.683072 0.694672
0.740093 0.558191 0.638454 0.680634 0.671932 0.696334
0.730044 0.553322 0.637565 0.671692 0.663175 0.692320
0.729632 0.552694 0.636865 0.669557 0.667756 0.693178
0.726432 0.553978 0.633822 0.665238 0.664745 0.694929
0.725758 0.550224 0.631294 0.661880 0.657077 0.694207
0.723202 0.548038 0.631416 0.661364 0.652037 0.697106
0.726018 0.546147 0.631620 0.660140 0.654724 0.692786
0.732005 0.545802 0.632961 0.666447 0.656732 0.691223
0.735018 0.547441 0.638373 0.671647 0.658055 0.694573
0.735262 0.546350 0.639699 0.670199 0.655387 0.695280
0.738233 0.546618 0.633531 0.671421 0.659897 0.701431
0.738255 0.544645 0.639616 0.679739 0.666667 0.711821
0.742125 0.546310 0.641782 0.682393 0.670165 0.711219
0.741930 0.544786 0.652121 0.680743 0.672605 0.708354
0.738947 0.546169 0.647859 0.678349 0.671884 0.708910
0.739338 0.544861 0.649635 0.676099 0.668595 0.702918
0.740563 0.545812 0.649827 0.678270 0.670780 0.702486
0.737514 0.545259 0.648182 0.672797 0.666426 0.705376
0.732805 0.544722 0.646032 0.671560 0.660676 0.708021
0.736785 0.542881 0.644750 0.671438 0.662233 0.709595
0.736957 0.543326 0.645537 0.670778 0.661744 0.708213
0.737747 0.539703 0.644311 0.668997 0.661630 0.706503
0.736266 0.534342 0.645059 0.669327 0.658463 0.703941
0.735883 0.531081 0.646123 0.665783 0.661207 0.701754
0.733117 0.530025 0.644612 0.663160 0.660762 0.701261
0.729691 0.529363 0.638692 0.661425 0.661484 0.704275
0.729331 0.523128 0.634752 0.662842 0.660796 0.703450
0.722779 0.522987 0.636686 0.658632 0.662306 0.702236
0.718450 0.524019 0.635341 0.659091 0.661511 0.705488
0.719391 0.521540 0.632966 0.660509 0.662680 0.705360
0.720071 0.521775 0.632991 0.662776 0.659703 0.709978
0.726359 0.518257 0.630110 0.661458 0.659808 0.707811
0.725090 0.517077 0.634464 0.657890 0.661830 0.698811
0.733115 0.521903 0.641206 0.661629 0.666427 0.699821
0.731187 0.519649 0.643000 0.660433 0.666188 0.703963
0.730274 0.515322 0.648332 0.660553 0.666064 0.701138
0.736397 0.513964 0.651058 0.665120 0.663888 0.694912
0.734949 0.507610 0.651144 0.660418 0.655123 0.698905
0.735391 0.507199 0.646738 0.657148 0.650346 0.699214
0.742002 0.507884 0.644130 0.658963 0.652150 0.697436
0.729735 0.506897 0.640483 0.654694 0.645804 0.699273
0.726379 0.501422 0.638426 0.648833 0.641224 0.693737
0.728711 0.502358 0.634985 0.651840 0.641496 0.691989
0.723521 0.500203 0.627139 0.648070 0.637047 0.688264
0.718014 0.497878 0.620201 0.645736 0.634011 0.692346
0.725472 0.493862 0.620923 0.647644 0.636569 0.683234
0.718489 0.494758 0.615506 0.643099 0.629508 0.688372
0.714571 0.491961 0.618787 0.639808 0.626391 0.695681
0.726904 0.492631 0.617986 0.645497 0.630175 0.685282
0.732651 0.491242 0.614561 0.647338 0.628552 0.692810
0.729755 0.491546 0.623588 0.646465 0.629368 0.708126
0.737275 0.498875 0.616061 0.647262 0.628951 0.698832
0.735036 0.498776 0.614556 0.646103 0.630003 0.705095
0.735027 0.502116 0.622776 0.641075 0.630193 0.717573
0.733284 0.496650 0.614098 0.645916 0.632039 0.701428
0.733608 0.496247 0.610431 0.646884 0.630718 0.700740
0.732692 0.497705 0.609921 0.642324 0.628231 0.714452
0.733840 0.493211 0.609899 0.641308 0.628571 0.704051
0.729840 0.488711 0.605232 0.643020 0.626122 0.696399
0.728012 0.488257 0.602819 0.639755 0.621281 0.698523
0.725400 0.488281 0.600917 0.637426 0.616642 0.699821
0.724424 0.485384 0.594564 0.638181 0.618273 0.689780
0.719956 0.483499 0.595475 0.637625 0.617889 0.688703
0.720883 0.486455 0.598099 0.636160 0.615897 0.694301
0.719353 0.483615 0.598969 0.636787 0.617425 0.692283
0.724675 0.482583 0.595467 0.640065 0.616524 0.681728
0.722459 0.481639 0.592621 0.636568 0.613792 0.684788
0.722325 0.477917 0.594097 0.634844 0.612995 0.686297
0.722521 0.473093 0.594574 0.636776 0.614372 0.682291
0.723845 0.477047 0.594192 0.634405 0.612779 0.686421
0.728148 0.476464 0.592888 0.632353 0.613812 0.687338
0.727475 0.475808 0.591437 0.633848 0.615618 0.683150
0.728455 0.476483 0.590089 0.633670 0.617504 0.683173
0.728015 0.476354 0.596998 0.634428 0.618584 0.694247
0.729101 0.472790 0.595070 0.635074 0.616961 0.684202
0.728691 0.474388 0.594882 0.636612 0.616594 0.682847
0.728993 0.475610 0.597004 0.635445 0.616826 0.688842
0.724815 0.475898 0.594090 0.637831 0.615178 0.679843
0.728085 0.477155 0.597353 0.639987 0.616289 0.688124
0.728526 0.478711 0.597427 0.639755 0.614765 0.688946
0.728940 0.477761 0.595655 0.638463 0.615980 0.680576
0.727171 0.478782 0.597549 0.636393 0.616954 0.687856
0.724427 0.476791 0.592900 0.635400 0.614274 0.682802
0.726593 0.475667 0.593514 0.634936 0.611186 0.686539
0.722140 0.472858 0.593962 0.631982 0.609699 0.686994
0.724395 0.471210 0.593067 0.631730 0.608870 0.683317
0.722851 0.472134 0.595377 0.631428 0.607859 0.688206
0.724800 0.470900 0.595664 0.633381 0.609858 0.679668
0.721832 0.476637 0.596937 0.631328 0.610192 0.684806
0.721852 0.474032 0.595905 0.632503 0.609939 0.686081
0.723428 0.475704 0.593093 0.632806 0.610631 0.688413
0.724514 0.474107 0.592316 0.632182 0.608206 0.691483
0.720149 0.474063 0.591798 0.631949 0.605697 0.680063
0.723570 0.474424 0.595122 0.629941 0.607196 0.690502
0.720490 0.475251 0.593307 0.635517 0.607553 0.679090
0.725588 0.476353 0.597149 0.634622 0.610265 0.689325
0.724316 0.479108 0.598690 0.634263 0.613095 0.689068
0.722109 0.479770 0.593933 0.634748 0.610796 0.683810
0.725088 0.481013 0.597282 0.634100 0.613180 0.689898
0.719451 0.477008 0.590053 0.642315 0.608392 0.680662
0.724042 0.484481 0.597082 0.640064 0.612069 0.688255
0.724444 0.489135 0.596943 0.641963 0.612930 0.691560
0.722326 0.481389 0.591416 0.642892 0.611690 0.685041
0.726399 0.486589 0.599480 0.646955 0.612531 0.692226
0.721830 0.482932 0.590619 0.646425 0.609962 0.675398
0.722883 0.485589 0.591054 0.645728 0.609716 0.679481
0.726905 0.484507 0.598899 0.642823 0.617705 0.691713
0.722088 0.481022 0.590462 0.645151 0.612676 0.672028
0.718110 0.486228 0.589049 0.641234 0.613992 0.680614
0.725479 0.486691 0.601828 0.643704 0.615759 0.690583
0.713155 0.479570 0.590158 0.641368 0.613700 0.667827
0.713024 0.477910 0.586162 0.642682 0.614023 0.664450
0.720537 0.484678 0.597212 0.643626 0.616945 0.684123
0.715982 0.483798 0.596090 0.644155 0.616344 0.684696
0.708272 0.478577 0.587263 0.646219 0.612925 0.675087
0.708795 0.479785 0.589517 0.646895 0.611955 0.673243
0.717751 0.483774 0.594923 0.644922 0.617518 0.681083
0.713264 0.481823 0.593733 0.644315 0.612639 0.678425
0.706077 0.475610 0.584800 0.645298 0.609772 0.667082
0.707805 0.476462 0.588564 0.645633 0.608525 0.668724
0.717724 0.479104 0.591250 0.643579 0.611021 0.676969
0.709369 0.479818 0.585799 0.642638 0.607805 0.669520
0.706359 0.474195 0.585594 0.642035 0.608354 0.659604
0.708772 0.474602 0.586368 0.644282 0.611321 0.669554
0.711927 0.479788 0.598350 0.644798 0.612212 0.680241
0.712500 0.477973 0.594184 0.645880 0.609502 0.681638
0.709499 0.475647 0.586826 0.643738 0.606635 0.668947
0.706767 0.476280 0.589419 0.640026 0.607665 0.665641
0.706609 0.477550 0.591128 0.641710 0.607415 0.663814
0.704641 0.479712 0.589891 0.646504 0.608540 0.664621
0.703125 0.478691 0.588235 0.648154 0.607927 0.661400
0.700867 0.479590 0.592757 0.648649 0.610513 0.670444
0.700596 0.478953 0.597756 0.650122 0.611438 0.672849
0.700833 0.479421 0.590480 0.648994 0.609493 0.660920
0.701228 0.479179 0.589800 0.647548 0.608980 0.659324
0.699067 0.478491 0.589833 0.649667 0.608949 0.663025
0.699120 0.476926 0.587844 0.649634 0.609235 0.657195
0.697241 0.475132 0.589696 0.648763 0.610131 0.654573
0.701149 0.479123 0.593245 0.651163 0.610324 0.663547
0.702537 0.481094 0.595611 0.650457 0.611784 0.663749
0.704656 0.481214 0.594585 0.651406 0.609764 0.662638
0.702985 0.482537 0.597798 0.650367 0.614153 0.666968
0.699446 0.481447 0.597760 0.649469 0.613246 0.658618
0.700286 0.482291 0.593096 0.647997 0.611826 0.655261
0.702538 0.483017 0.591852 0.648631 0.614411 0.659029
0.701842 0.483186 0.590768 0.646488 0.612788 0.658614
0.701485 0.483719 0.591482 0.646353 0.611482 0.658304
0.702954 0.485316 0.594575 0.648151 0.614862 0.663171
0.703332 0.485795 0.595784 0.647487 0.615884 0.657053
0.702375 0.489081 0.594654 0.648265 0.616034 0.659651
0.704562 0.488015 0.596575 0.649493 0.617571 0.656329
0.701466 0.486963 0.595651 0.648118 0.612423 0.650987
0.699732 0.486963 0.597335 0.647815 0.610109 0.652999
0.703730 0.485720 0.600294 0.649168 0.614239 0.651128
0.701705 0.487979 0.601799 0.650137 0.613903 0.655664
0.701580 0.489081 0.601796 0.649928 0.613351 0.653421
0.700371 0.487796 0.603581 0.652489 0.617208 0.653618
0.698160 0.489057 0.599087 0.651395 0.613521 0.652336
0.702789 0.485666 0.601383 0.650032 0.616412 0.652322
0.701060 0.487557 0.604335 0.648483 0.613172 0.647357
0.700831 0.488127 0.603774 0.649007 0.615035 0.645325
0.697716 0.487989 0.602154 0.649363 0.616213 0.646140
0.700389 0.487915 0.601021 0.647049 0.617542 0.645985
0.700933 0.487658 0.601715 0.646050 0.623817 0.647613
0.697650 0.485477 0.599269 0.646070 0.620712 0.647732
0.699824 0.483690 0.598944 0.647351 0.619955 0.648440
0.695837 0.485316 0.595799 0.645079 0.614514 0.645728
0.701896 0.486020 0.597897 0.645727 0.619392 0.643715
0.701761 0.486558 0.597743 0.643312 0.614390 0.643824
0.696853 0.485827 0.597714 0.643005 0.613085 0.639124
0.688834 0.484598 0.598763 0.642471 0.611584 0.638455
0.694498 0.481371 0.601712 0.641372 0.613976 0.638111
0.696289 0.481640 0.602033 0.639847 0.612140 0.636218
0.696986 0.480669 0.601485 0.639657 0.610584 0.635903
0.691017 0.477256 0.600946 0.637594 0.611921 0.632471
0.696949 0.479926 0.606969 0.638379 0.611663 0.631200
0.680710 0.470215 0.589931 0.637945 0.607201 0.634197
0.701928 0.474175 0.603548 0.642099 0.613536 0.613420
0.673237 0.460764 0.583364 0.635511 0.604027 0.631611
0.670244 0.453666 0.582874 0.621396 0.592280 0.620541
0.674828 0.455435 0.577665 0.616553 0.596795 0.630690
0.664590 0.440774 0.572416 0.603015 0.591127 0.584488
0.658759 0.439228 0.571221 0.599969 0.589807 0.582266
0.653019 0.436529 0.569712 0.596314 0.595759 0.591141
0.642966 0.434914 0.563086 0.592639 0.588081 0.587055
0.636241 0.432280 0.557921 0.593012 0.582569 0.568515
0.635809 0.429379 0.552793 0.585335 0.580318 0.559681
0.633157 0.423643 0.546368 0.582204 0.578151 0.562087
0.632227 0.422018 0.554750 0.588161 0.582283 0.564413
0.630868 0.428929 0.553722 0.592414 0.582930 0.568702
0.636923 0.429954 0.549972 0.592700 0.589882 0.566106
0.640042 0.429892 0.546086 0.595343 0.589449 0.569433
0.641312 0.431350 0.547715 0.598079 0.588809 0.569525
0.648402 0.436236 0.553051 0.599741 0.588908 0.569912
0.658282 0.437294 0.557763 0.604031 0.589757 0.569528
0.660790 0.437524 0.560338 0.606690 0.591205 0.574884
0.663178 0.441739 0.561493 0.606825 0.591076 0.577712
0.663671 0.440138 0.565424 0.615086 0.591647 0.581666
0.665981 0.444102 0.562850 0.616005 0.593745 0.577970
0.666210 0.445899 0.564047 0.618580 0.593316 0.574665
0.664841 0.446628 0.564455 0.622301 0.595392 0.573726
0.669654 0.447929 0.563100 0.625445 0.598134 0.572028
0.669875 0.447455 0.562680 0.626197 0.602082 0.573752
0.669195 0.449233 0.562444 0.626967 0.600907 0.575271
0.663460 0.449495 0.562489 0.624674 0.601818 0.572877
0.662429 0.451626 0.560751 0.624674 0.606593 0.568895
0.660843 0.451575 0.557955 0.627393 0.607634 0.568566
0.654187 0.451298 0.554640 0.626880 0.608003 0.563556
0.654973 0.453584 0.556272 0.629243 0.608961 0.563371
0.651864 0.457064 0.555079 0.629660 0.606894 0.568960
0.649535 0.459385 0.551271 0.627585 0.611121 0.570360
0.649688 0.460205 0.549540 0.627865 0.612865 0.574465
0.650354 0.462145 0.551602 0.627050 0.614887 0.571007
0.649377 0.464618 0.551846 0.627922 0.614624 0.571898
0.649076 0.465079 0.555496 0.627064 0.617978 0.570446
0.649679 0.463241 0.552846 0.628284 0.618194 0.573856
0.648064 0.462572 0.549965 0.626822 0.617326 0.570822
0.649465 0.459847 0.549850 0.626358 0.613315 0.568634
0.645468 0.459870 0.547183 0.627031 0.610118 0.564741
0.645425 0.459529 0.547027 0.622727 0.609598 0.567282
0.644195 0.459642 0.548867 0.622706 0.604714 0.567041
0.644853 0.460894 0.547902 0.622908 0.601557 0.567125
0.646385 0.461446 0.547805 0.622866 0.601455 0.569295
0.651291 0.461047 0.547708 0.622866 0.601150 0.569244
0.650955 0.461723 0.548874 0.622562 0.601252 0.565253
0.645954 0.460986 0.547287 0.623351 0.602271 0.565081
0.648186 0.465182 0.546510 0.624003 0.602842 0.564667
0.647310 0.464586 0.548109 0.624065 0.603614 0.566875
0.646888 0.465721 0.549454 0.622951 0.603137 0.565951
0.644350 0.467983 0.550459 0.621661 0.600000 0.564178
0.644448 0.465394 0.548398 0.620656 0.600101 0.565003
0.643999 0.464691 0.546064 0.617860 0.601349 0.564896
0.639892 0.466547 0.544848 0.615261 0.598417 0.564111
0.635721 0.467252 0.543961 0.615680 0.597886 0.567901
0.634048 0.470423 0.543835 0.617642 0.598425 0.567071
0.632755 0.472172 0.544128 0.619207 0.600333 0.565416
0.633756 0.474385 0.548146 0.620580 0.603238 0.568810
0.636122 0.472946 0.549293 0.624200 0.602434 0.571849
0.634847 0.472189 0.550061 0.625220 0.598579 0.575842
0.636048 0.475615 0.553571 0.624420 0.597172 0.577792
0.635314 0.476864 0.552715 0.624720 0.598254 0.578274
0.630173 0.476556 0.552840 0.627394 0.598975 0.575279
0.628477 0.476171 0.552868 0.627761 0.597149 0.573976
0.629064 0.476248 0.550106 0.629181 0.595893 0.572470
0.628904 0.476634 0.548592 0.625927 0.596485 0.572093
0.628619 0.476827 0.549885 0.624657 0.593439 0.568491
0.628085 0.471683 0.552459 0.622813 0.593046 0.566201
0.626711 0.470612 0.551773 0.619732 0.592223 0.564444
0.627549 0.469565 0.546745 0.617268 0.592125 0.563787
0.624540 0.467768 0.547573 0.616447 0.590849 0.562148
0.623939 0.467752 0.545455 0.616522 0.591854 0.561485
0.621648 0.465687 0.544051 0.615014 0.592077 0.559179
0.617357 0.464099 0.540164 0.612088 0.591685 0.557242
0.615284 0.463913 0.535265 0.609360 0.593454 0.557037
0.614931 0.463786 0.531507 0.609845 0.594369 0.556542
0.616243 0.465452 0.532148 0.608046 0.590984 0.553685
0.616721 0.464707 0.531650 0.610207 0.589866 0.555138
0.617478 0.464800 0.531991 0.610546 0.589300 0.554887
0.615510 0.464243 0.531085 0.610908 0.588081 0.557122
0.615385 0.462978 0.527735 0.610952 0.589886 0.553528
0.615886 0.462242 0.531545 0.611146 0.592254 0.554080
0.617772 0.461569 0.527382 0.612095 0.590153 0.555862
0.614859 0.459294 0.527382 0.612369 0.589436 0.554337
0.615285 0.460083 0.527945 0.610908 0.589280 0.552445
0.614487 0.458849 0.522439 0.610423 0.587307 0.552610
0.614836 0.460996 0.520726 0.610116 0.587363 0.551272
0.611666 0.460698 0.518948 0.609482 0.585421 0.550438
0.608863 0.457043 0.518152 0.612440 0.583347 0.548964
0.606763 0.455438 0.516107 0.610530 0.584719 0.553145
0.607921 0.455750 0.513087 0.611094 0.586466 0.552825
0.607149 0.454563 0.513873 0.608627 0.586372 0.552972
0.606186 0.452700 0.517942 0.609081 0.586936 0.553198
0.610305 0.454179 0.520217 0.606299 0.584876 0.553750
0.616600 0.454615 0.525305 0.607199 0.584625 0.554213
0.620488 0.453287 0.525844 0.608063 0.583879 0.551043
0.617839 0.456025 0.526207 0.612595 0.580172 0.550213
0.619889 0.457087 0.530095 0.612985 0.581317 0.551702
0.622083 0.454299 0.533869 0.613571 0.583869 0.551746
0.622091 0.451327 0.537245 0.613299 0.587379 0.551506
0.623291 0.450943 0.540254 0.615458 0.586939 0.553387
0.624319 0.450367 0.543428 0.614277 0.589998 0.555080
0.624525 0.449074 0.543297 0.613001 0.591466 0.555414
0.623968 0.449942 0.540645 0.613706 0.588139 0.552472
0.625517 0.449952 0.543328 0.612219 0.590083 0.553620
0.626450 0.449603 0.544583 0.610452 0.589180 0.556249
0.627686 0.449256 0.542847 0.605887 0.587270 0.553738
0.628838 0.450475 0.543906 0.608348 0.587074 0.552354
0.627686 0.451525 0.543878 0.609030 0.587731 0.553594
0.627582 0.451788 0.544102 0.609295 0.587537 0.553861
0.627477 0.452580 0.545679 0.607417 0.587634 0.554967
0.628295 0.452492 0.546000 0.607029 0.587595 0.554806
0.629135 0.452845 0.547160 0.606447 0.589930 0.553294
0.627170 0.452580 0.547969 0.606641 0.591671 0.551337
0.629797 0.452757 0.547331 0.604585 0.590902 0.552100
0.627930 0.451450 0.548600 0.603528 0.590023 0.551370
0.627195 0.451538 0.547271 0.604681 0.588022 0.553219
0.626716 0.452683 0.547606 0.603533 0.588042 0.553253
0.625941 0.452330 0.548984 0.601970 0.590121 0.554028
0.627661 0.452242 0.549182 0.602352 0.590121 0.552967
0.628246 0.454278 0.548098 0.603498 0.593636 0.551614
0.629723 0.452771 0.550171 0.602988 0.595483 0.551604
0.631119 0.451625 0.549182 0.605104 0.597199 0.553299
0.632873 0.451977 0.551625 0.606458 0.598728 0.553435
0.632715 0.452595 0.554134 0.605944 0.599129 0.553543
0.633677 0.453391 0.555656 0.605575 0.600134 0.554336
0.633965 0.453709 0.558080 0.605740 0.599329 0.552556
0.632594 0.452004 0.557682 0.604964 0.598423 0.551363
0.633113 0.452904 0.557073 0.605886 0.597516 0.549771
0.632042 0.452540 0.557885 0.605373 0.598184 0.548834
0.633266 0.452540 0.558904 0.602814 0.596904 0.550693
0.634122 0.453702 0.558046 0.603545 0.597508 0.551713
0.635071 0.456599 0.559678 0.604369 0.597508 0.549858
0.635179 0.458886 0.558453 0.605993 0.598415 0.550551
0.635871 0.459068 0.560584 0.605221 0.596403 0.549772
0.636087 0.459620 0.560277 0.604548 0.600643 0.550930
0.636841 0.457369 0.562659 0.602314 0.599527 0.546656
0.636949 0.457922 0.562046 0.602318 0.598720 0.547199
0.637165 0.456196 0.560927 0.602644 0.598921 0.544427
0.639007 0.457607 0.562092 0.604183 0.596503 0.543342
0.640833 0.457516 0.560203 0.606623 0.596915 0.543260
0.639523 0.459127 0.561321 0.607721 0.597917 0.544113
0.642039 0.458854 0.560203 0.608821 0.600000 0.546828
0.640969 0.460314 0.560058 0.610729 0.602555 0.549013
0.643139 0.461784 0.560971 0.611806 0.602053 0.550363
0.642808 0.462430 0.560666 0.610675 0.600537 0.549174
0.644464 0.464651 0.561924 0.611753 0.602353 0.552810
0.643800 0.468119 0.560346 0.611950 0.606327 0.557289
0.643359 0.469446 0.559899 0.611263 0.603672 0.558698
0.643800 0.468308 0.558056 0.611655 0.603977 0.557692
0.645715 0.466989 0.558935 0.611147 0.602118 0.559333
0.646059 0.466895 0.557336 0.610560 0.600841 0.562343
0.646614 0.468025 0.559337 0.610853 0.598726 0.562756
0.648193 0.469875 0.561094 0.612251 0.599027 0.566085
0.646635 0.470517 0.559093 0.611983 0.602259 0.568914
0.647583 0.471325 0.558299 0.611396 0.602122 0.570171
0.649458 0.471397 0.561960 0.612225 0.604292 0.568150
0.647049 0.469161 0.565620 0.611931 0.604808 0.566961
0.649490 0.468025 0.566472 0.612029 0.601544 0.568311
0.651654 0.469875 0.568099 0.614816 0.610198 0.568049
0.650736 0.468687 0.566569 0.613801 0.608958 0.567777
0.649490 0.466519 0.567082 0.615013 0.608477 0.568077
0.648593 0.467459 0.569284 0.615310 0.613022 0.568178
0.652083 0.467836 0.567246 0.612448 0.605480 0.566103
0.649827 0.467245 0.564487 0.611369 0.603780 0.560748
0.650519 0.469091 0.568599 0.612350 0.604300 0.560491
0.649490 0.468567 0.567350 0.612350 0.604510 0.557532
0.650744 0.469041 0.562739 0.613038 0.603805 0.556747
0.648611 0.469256 0.565225 0.613556 0.603991 0.557635
0.648835 0.469685 0.567039 0.613655 0.605396 0.558842
0.648947 0.470160 0.568340 0.613235 0.606593 0.560429
0.649059 0.470636 0.571900 0.613038 0.606696 0.560568
0.649508 0.470065 0.570696 0.614419 0.603812 0.562342
0.651195 0.470421 0.568713 0.614716 0.605979 0.562332
0.653331 0.470231 0.568340 0.614320 0.607813 0.561620
0.651970 0.470231 0.570432 0.615013 0.610587 0.561215
0.653579 0.470040 0.570745 0.617200 0.610210 0.570615
0.656348 0.469660 0.570172 0.614444 0.614604 0.569804
0.657282 0.468668 0.571429 0.614049 0.612403 0.570479
0.657625 0.469948 0.572899 0.613753 0.614139 0.572061
0.658325 0.471992 0.573370 0.613880 0.615488 0.572237
0.658215 0.472301 0.572949 0.614150 0.612506 0.571114
0.654702 0.473323 0.571585 0.614249 0.613410 0.570167
0.654489 0.474666 0.571063 0.612258 0.615618 0.569313
0.654038 0.475726 0.570646 0.613633 0.618749 0.568060
0.655738 0.476539 0.570959 0.613141 0.617597 0.569586
0.655535 0.477333 0.570959 0.615113 0.616712 0.569361
0.655901 0.476867 0.571585 0.615187 0.616189 0.572060
0.655007 0.475516 0.572213 0.615901 0.615566 0.570798
0.656245 0.473547 0.569452 0.614820 0.616293 0.570754
0.656465 0.473356 0.568058 0.614133 0.615048 0.572684
0.657369 0.472406 0.567906 0.610046 0.614427 0.570263
0.657143 0.472501 0.569301 0.608599 0.613136 0.572328
0.657256 0.473071 0.567213 0.607256 0.611008 0.574138
0.656691 0.473123 0.569035 0.611402 0.614865 0.573636
0.657143 0.472172 0.568459 0.612375 0.613198 0.572060
0.657596 0.474747 0.568413 0.613350 0.613441 0.572417
0.657596 0.474652 0.569863 0.614356 0.614996 0.569455
0.657030 0.472362 0.570071 0.611649 0.614425 0.569009
0.656917 0.472267 0.572107 0.609810 0.614067 0.568572
0.658289 0.473886 0.569141 0.605429 0.615255 0.570402
0.660274 0.472334 0.571377 0.606873 0.613239 0.570582
0.660723 0.471389 0.569401 0.604380 0.609540 0.570354
0.659673 0.470447 0.570024 0.605119 0.612697 0.571205
0.661607 0.470376 0.567489 0.605689 0.613320 0.570801
0.660468 0.472144 0.567798 0.605822 0.613396 0.571518
0.661853 0.472050 0.567901 0.606013 0.614118 0.571429
0.667818 0.472713 0.571325 0.605632 0.614608 0.570576
0.669316 0.471672 0.571585 0.606204 0.615643 0.572995
0.670130 0.472027 0.570961 0.607927 0.614218 0.570393
0.670124 0.474809 0.573044 0.606901 0.618188 0.577540
0.670362 0.475268 0.571742 0.608091 0.618292 0.573557
0.670239 0.476730 0.574084 0.611348 0.621051 0.577345
0.673512 0.475287 0.573521 0.606883 0.616297 0.575863
0.671169 0.476383 0.572989 0.609230 0.620397 0.582031
0.671285 0.475615 0.571740 0.606706 0.621369 0.580329
0.673267 0.473325 0.568417 0.603343 0.618163 0.576357
0.671735 0.473515 0.568062 0.602740 0.618822 0.584174
0.672787 0.470870 0.563320 0.603491 0.615930 0.581115
0.671864 0.466165 0.562747 0.602804 0.613748 0.578229
0.670917 0.467234 0.563744 0.602927 0.619136 0.584873
0.675095 0.466350 0.564803 0.602241 0.614733 0.582767
0.675047 0.468998 0.565903 0.608900 0.621017 0.587439
0.673782 0.470588 0.565808 0.609622 0.620234 0.587384
0.674390 0.465889 0.562534 0.602120 0.614576 0.581864
0.671832 0.467049 0.570966 0.608805 0.619742 0.582478
0.673819 0.465981 0.569522 0.607160 0.622635 0.581194
0.673841 0.468762 0.565555 0.603308 0.617796 0.582426
0.673007 0.467646 0.566889 0.604397 0.617632 0.587447
0.671280 0.460031 0.565453 0.600527 0.618591 0.580534
0.670829 0.460482 0.564612 0.600434 0.617504 0.580035
0.669543 0.461357 0.565453 0.601957 0.616056 0.581275
0.672793 0.461720 0.566119 0.599535 0.617751 0.578037
0.670462 0.466997 0.566955 0.603175 0.619040 0.581298
0.672086 0.466442 0.566337 0.602237 0.616420 0.580212
0.670233 0.464363 0.566582 0.602204 0.619281 0.581589
0.671273 0.464969 0.566235 0.600497 0.619595 0.582769
0.671624 0.463574 0.565492 0.598760 0.620281 0.584838
0.673107 0.463940 0.566343 0.601368 0.619457 0.588602
0.672202 0.464123 0.563355 0.600093 0.622395 0.587133
0.673367 0.460392 0.564130 0.599658 0.618428 0.588143
0.670578 0.461932 0.563309 0.598919 0.619385 0.583047
0.670694 0.461932 0.565304 0.600775 0.620795 0.581886
0.673898 0.463324 0.567582 0.601084 0.618305 0.589720
0.673459 0.462505 0.564905 0.599380 0.614861 0.591690
0.673213 0.461961 0.564186 0.599845 0.616165 0.586658
0.669981 0.461901 0.563725 0.600031 0.614943 0.585761
0.668263 0.461357 0.564850 0.600991 0.614890 0.591633
0.672022 0.463780 0.566619 0.599071 0.613482 0.600000
0.672022 0.463688 0.562634 0.599659 0.613821 0.597006
0.668029 0.465337 0.563405 0.604037 0.616863 0.598909
0.663145 0.463905 0.563421 0.601271 0.616585 0.593672
0.664849 0.464897 0.561838 0.604031 0.617985 0.595592
0.665983 0.463563 0.560388 0.601331 0.613671 0.595104
0.665192 0.464805 0.561798 0.609828 0.618567 0.599133
0.663599 0.463836 0.558565 0.602230 0.614452 0.594307
0.663718 0.464833 0.561195 0.601083 0.611963 0.596398
0.665983 0.465905 0.563708 0.606828 0.616879 0.596992
0.669424 0.462325 0.559641 0.599041 0.619909 0.588863
0.666325 0.465732 0.565225 0.606388 0.624514 0.593525
0.666553 0.463405 0.565718 0.606481 0.621945 0.600031
0.660588 0.460604 0.559899 0.597797 0.618305 0.590154
0.663147 0.466574 0.563946 0.611831 0.619478 0.598341
0.666439 0.464933 0.560788 0.614068 0.621261 0.599604
0.660381 0.462596 0.556358 0.604492 0.619714 0.591589
0.661202 0.461478 0.558611 0.611120 0.621225 0.592421
0.667007 0.471152 0.567110 0.621038 0.625506 0.600578
0.657804 0.459671 0.558273 0.597468 0.620514 0.575820
0.658856 0.457601 0.558993 0.594426 0.618543 0.574817
0.663038 0.470337 0.566625 0.603097 0.618605 0.608814
0.666891 0.480153 0.582103 0.605867 0.626266 0.630658
0.650231 0.450590 0.554564 0.590098 0.605276 0.607353
0.656394 0.456526 0.564855 0.593048 0.621291 0.605682
0.675065 0.462927 0.574506 0.608641 0.612694 0.602802
0.675574 0.456559 0.581144 0.599751 0.610420 0.600617
0.674192 0.458454 0.579648 0.596480 0.608345 0.603165
0.676671 0.467347 0.580958 0.598765 0.610897 0.611739
0.678632 0.471793 0.586991 0.605632 0.613742 0.622722
0.676391 0.467050 0.585331 0.603541 0.620655 0.615105
0.671082 0.464673 0.579608 0.600710 0.615666 0.609570
0.666893 0.467523 0.579608 0.596086 0.614108 0.611315
0.664642 0.463318 0.580816 0.600216 0.616990 0.617799
0.664770 0.470902 0.576122 0.601978 0.628345 0.632625
0.662205 0.475806 0.580737 0.604687 0.621547 0.634094
0.659352 0.477652 0.581651 0.607731 0.616290 0.639198
0.663692 0.480584 0.582234 0.615695 0.616519 0.643902
0.671741 0.486538 0.585827 0.623027 0.625879 0.649591
0.671841 0.487081 0.590997 0.627250 0.628354 0.650922
0.668653 0.486309 0.585624 0.622905 0.624502 0.647672
0.663909 0.479753 0.583348 0.619152 0.624565 0.642573
0.657475 0.479799 0.583615 0.618557 0.618890 0.639055
0.658898 0.477444 0.581482 0.615385 0.623780 0.638122
0.657366 0.475841 0.581870 0.617825 0.625103 0.632911
0.657233 0.473623 0.581194 0.614098 0.625000 0.633267
0.654184 0.474171 0.581432 0.614385 0.624172 0.633160
0.654630 0.476798 0.581284 0.612188 0.629777 0.633394
0.656415 0.479348 0.582996 0.614840 0.632677 0.636405
0.660623 0.480248 0.582252 0.617254 0.634847 0.635497
0.659095 0.475788 0.581404 0.614159 0.631944 0.635551
0.660699 0.470297 0.580429 0.607328 0.624363 0.631068
0.659490 0.468482 0.582758 0.604637 0.623479 0.628052
0.658266 0.468547 0.586060 0.602039 0.621426 0.632416
0.658726 0.468465 0.585478 0.601307 0.625349 0.633298
0.657539 0.470163 0.586544 0.601633 0.624979 0.638155
0.657769 0.470655 0.584882 0.602537 0.624712 0.634921
0.659944 0.472776 0.585176 0.601415 0.625909 0.631659
0.657908 0.473155 0.584942 0.601266 0.622259 0.632479
0.659098 0.472769 0.586066 0.602533 0.625452 0.633282
0.660738 0.470855 0.587755 0.603433 0.627258 0.632606
0.660847 0.468520 0.585478 0.602297 0.621385 0.634663
0.662053 0.470454 0.585253 0.600455 0.621590 0.626584
0.657176 0.470901 0.584882 0.599516 0.621054 0.624788
0.660325 0.471125 0.583996 0.603459 0.619393 0.630458
0.662533 0.472017 0.586761 0.609039 0.623705 0.632775
0.662316 0.472996 0.588131 0.610664 0.623953 0.629313
0.664811 0.472638 0.586341 0.610437 0.623193 0.627325
0.665792 0.471834 0.586152 0.610478 0.623402 0.626447
0.663287 0.472012 0.587149 0.610824 0.621515 0.626775
0.663941 0.473615 0.591314 0.608815 0.620114 0.630611
0.664370 0.473086 0.592197 0.609745 0.620961 0.629755
0.661528 0.472865 0.590714 0.610398 0.619649 0.628720
0.659169 0.474235 0.589496 0.611826 0.621404 0.631047
0.658525 0.476336 0.589500 0.614014 0.625944 0.628188
0.659912 0.478626 0.591752 0.617783 0.628308 0.630934
0.658620 0.480368 0.587981 0.618350 0.627812 0.629196
0.657213 0.479355 0.588491 0.619592 0.623995 0.629224
0.654789 0.479708 0.589748 0.623022 0.624671 0.628748
0.655534 0.480895 0.588812 0.625467 0.628233 0.628173
0.655636 0.481718 0.590080 0.626870 0.629893 0.630650
0.653537 0.482545 0.591492 0.625333 0.629120 0.631595
0.653859 0.483551 0.589570 0.627020 0.630810 0.630048
0.654289 0.483928 0.589227 0.629408 0.630598 0.628263
0.654504 0.484494 0.586857 0.629857 0.631175 0.627360
0.655365 0.484872 0.587331 0.630832 0.630224 0.625562
0.655155 0.484695 0.588838 0.631297 0.632000 0.624730
0.655155 0.485073 0.587163 0.631513 0.632916 0.625982
0.654934 0.484778 0.587290 0.628824 0.630398 0.625019
0.654498 0.482341 0.585873 0.626950 0.628887 0.623765
0.654414 0.483028 0.584430 0.627247 0.631050 0.624942
0.654629 0.482920 0.585393 0.627742 0.634146 0.623649
0.654838 0.480968 0.586881 0.629454 0.632123 0.624460
0.655155 0.480593 0.585108 0.628562 0.632088 0.625232
0.655592 0.483607 0.585561 0.627204 0.633805 0.625579
0.655473 0.482866 0.585686 0.627383 0.634423 0.623729
0.655224 0.480998 0.583990 0.626479 0.633601 0.621446
0.657611 0.480000 0.585357 0.626339 0.633812 0.621062
0.657825 0.479984 0.587829 0.626635 0.635043 0.620605
0.659027 0.479187 0.580857 0.624902 0.634358 0.619775
0.658812 0.478159 0.580657 0.624214 0.635377 0.619731
0.658593 0.479236 0.580822 0.624254 0.635286 0.619657
0.658476 0.478159 0.579217 0.624332 0.635392 0.619158
0.659125 0.477973 0.579429 0.624470 0.635180 0.619180
0.658906 0.478566 0.579678 0.625255 0.635318 0.621634
0.658796 0.479532 0.580846 0.624510 0.635074 0.622051
0.657899 0.479252 0.579960 0.624843 0.635514 0.623980
0.659352 0.479813 0.580421 0.627174 0.635514 0.624500
0.659893 0.480750 0.580102 0.628249 0.634772 0.623441
0.660664 0.480360 0.580303 0.628016 0.634772 0.623345
0.661331 0.482111 0.580033 0.628742 0.635259 0.622673
0.662219 0.482220 0.579774 0.628151 0.635803 0.622769
0.662329 0.481749 0.579514 0.627808 0.635682 0.623768
0.663442 0.482045 0.580893 0.629944 0.635909 0.622679
0.663000 0.482045 0.581519 0.629944 0.636273 0.623524
0.661897 0.482045 0.579996 0.628419 0.636682 0.623943
0.662131 0.481590 0.580999 0.628104 0.636243 0.623329
0.661692 0.482153 0.580468 0.630682 0.636606 0.624405
0.660705 0.482059 0.580409 0.631247 0.637865 0.622250
0.663015 0.483632 0.580916 0.630750 0.638426 0.624539
0.663125 0.486149 0.583683 0.632991 0.638759 0.625173
0.663345 0.485948 0.584110 0.633307 0.638866 0.626718
0.663899 0.486043 0.583135 0.633091 0.638092 0.629475
0.663899 0.485286 0.585027 0.634008 0.638014 0.628960
0.667333 0.486244 0.586389 0.634640 0.638390 0.628686
0.668224 0.487004 0.584048 0.634424 0.638496 0.627911
0.668224 0.487595 0.584868 0.634901 0.637845 0.625733
0.669005 0.487415 0.584093 0.634254 0.637286 0.624249
0.669340 0.488585 0.584003 0.634870 0.636998 0.623385
0.669452 0.489549 0.582585 0.635688 0.637224 0.624923
0.671565 0.489358 0.585973 0.638554 0.637546 0.626673
0.671789 0.489939 0.585885 0.637140 0.637227 0.627911
0.671789 0.489836 0.583379 0.636220 0.638907 0.626510
0.671789 0.490537 0.581852 0.638251 0.640294 0.625617
0.671565 0.490728 0.581472 0.638950 0.640842 0.626063
0.668779 0.490514 0.580055 0.639937 0.640134 0.626917
0.670557 0.490728 0.582634 0.640583 0.639320 0.627433
0.670110 0.490824 0.584885 0.640798 0.638894 0.629065
0.669998 0.491187 0.584158 0.640469 0.638411 0.627936
0.671768 0.490706 0.583716 0.640291 0.637363 0.629418
0.675816 0.490330 0.588321 0.639798 0.637739 0.631238
0.674011 0.490522 0.588257 0.639987 0.635545 0.630408
0.675138 0.490507 0.583883 0.639886 0.637922 0.632312
0.675247 0.491694 0.586496 0.641001 0.636816 0.633755
0.678488 0.491400 0.585704 0.641001 0.634978 0.636223
0.676037 0.489470 0.589501 0.639492 0.636832 0.634955
0.678535 0.490463 0.588944 0.638392 0.636424 0.636842
0.679315 0.491153 0.588171 0.638493 0.636968 0.633240
0.678757 0.493258 0.589716 0.636880 0.636182 0.633897
0.680188 0.495593 0.591852 0.641808 0.636122 0.633663
0.680972 0.496676 0.595147 0.640896 0.636892 0.633029
0.680972 0.495416 0.593335 0.638178 0.638574 0.633276
0.680630 0.491956 0.592254 0.636292 0.638029 0.635642
0.679151 0.495717 0.595862 0.635878 0.638270 0.636378
0.679264 0.496194 0.596087 0.638184 0.641163 0.635869
0.682230 0.497450 0.596562 0.636178 0.640361 0.636449
0.681895 0.498236 0.597108 0.639484 0.640067 0.635078
0.681780 0.496191 0.597436 0.638941 0.640294 0.636688
0.679664 0.496877 0.599304 0.639042 0.638241 0.638755
0.682116 0.496974 0.599780 0.638439 0.637618 0.637888
0.682116 0.496880 0.600695 0.639559 0.636862 0.637506
0.682116 0.496197 0.600951 0.641034 0.636938 0.636828
0.680229 0.496003 0.600438 0.641652 0.636636 0.635661
0.681237 0.496681 0.599671 0.639208 0.636167 0.635185
0.686492 0.496097 0.603382 0.639107 0.636575 0.636518
0.686964 0.497162 0.602506 0.638104 0.637575 0.636140
0.687079 0.497259 0.600471 0.639535 0.636455 0.633441
0.686597 0.499116 0.599891 0.640176 0.636348 0.632807
0.684299 0.499313 0.593143 0.638758 0.636120 0.632000
0.685580 0.499705 0.592079 0.635836 0.637735 0.629196
0.683286 0.499313 0.590934 0.637021 0.637399 0.626591
0.687919 0.500688 0.592377 0.637850 0.639665 0.630099
0.687038 0.499411 0.594575 0.639419 0.643397 0.635919
0.687731 0.498233 0.600000 0.641366 0.641934 0.638859
0.686899 0.499408 0.601123 0.642155 0.640604 0.638095
0.688647 0.499210 0.594801 0.643982 0.642316 0.636882
0.688658 0.503175 0.590403 0.646852 0.640243 0.633018
0.689010 0.502381 0.590128 0.647847 0.638269 0.631988
0.688318 0.503280 0.594694 0.647275 0.639584 0.632577
0.691139 0.505188 0.594059 0.648104 0.639611 0.631595
0.692176 0.507082 0.599013 0.647905 0.641262 0.631628
0.690643 0.508744 0.602229 0.647434 0.641744 0.634882
0.685976 0.504279 0.597874 0.644894 0.641047 0.633514
0.687256 0.508226 0.598974 0.643766 0.642630 0.631968
0.690043 0.509344 0.601355 0.644657 0.641661 0.636617
0.690878 0.508044 0.601679 0.646814 0.642713 0.636279
0.691678 0.508138 0.603094 0.650448 0.646454 0.640891
0.690383 0.509524 0.601493 0.648207 0.645640 0.638443
0.690160 0.509936 0.598831 0.647680 0.643833 0.638384
0.690748 0.509734 0.599525 0.649342 0.642653 0.635618
0.690278 0.509329 0.603325 0.647887 0.646195 0.639370
0.691089 0.509524 0.604566 0.650336 0.647278 0.641323
0.691484 0.511481 0.605330 0.650144 0.647664 0.642559
0.692985 0.512089 0.605244 0.649218 0.647019 0.642182
0.688652 0.513106 0.601059 0.647491 0.647019 0.639083
0.690657 0.513004 0.602740 0.647802 0.649578 0.639542
0.689725 0.513878 0.603615 0.649417 0.649806 0.638120
0.687954 0.514286 0.604965 0.649728 0.649916 0.639827
0.686446 0.513980 0.607470 0.649513 0.650566 0.638721
0.688563 0.513958 0.608059 0.651178 0.650566 0.639291
0.687426 0.512760 0.607660 0.651185 0.650025 0.640000
0.687542 0.512780 0.608775 0.650649 0.649158 0.640810
0.687890 0.512292 0.605407 0.649201 0.649359 0.642524
0.687900 0.512089 0.605883 0.648278 0.650042 0.638496
0.688016 0.513074 0.605441 0.648700 0.650278 0.641193
0.688016 0.512678 0.605441 0.647771 0.649412 0.640870
0.686502 0.512292 0.604609 0.648287 0.648739 0.640846
0.686733 0.512393 0.606194 0.649840 0.649504 0.640448
0.687195 0.512089 0.607202 0.651215 0.649049 0.639726
0.687426 0.512567 0.605760 0.651631 0.649386 0.640385
0.687311 0.512567 0.608983 0.651423 0.649731 0.639789
0.687658 0.513176 0.610114 0.650992 0.649857 0.641902
0.687426 0.512973 0.609158 0.649123 0.650497 0.642268
0.687879 0.513958 0.607915 0.650456 0.651069 0.645111
0.688342 0.514534 0.611070 0.648597 0.649840 0.646694
0.688690 0.514342 0.610114 0.647874 0.650818 0.646364
0.691020 0.514048 0.610530 0.648692 0.651947 0.647770
0.691137 0.515044 0.610530 0.649011 0.651632 0.647927
0.691852 0.514840 0.608807 0.650664 0.650912 0.645231
0.692777 0.515235 0.612500 0.650360 0.653482 0.650779
0.693836 0.515873 0.614283 0.651193 0.654939 0.650156
0.692608 0.516270 0.610631 0.650768 0.652895 0.646480
0.692491 0.517180 0.612215 0.653710 0.653683 0.651098
0.693379 0.518312 0.613265 0.653716 0.654496 0.649790
0.693787 0.518666 0.610836 0.654551 0.655571 0.648623
0.697332 0.517647 0.617352 0.653704 0.658844 0.645940
0.697690 0.517854 0.620753 0.653599 0.658740 0.647368
0.697348 0.517338 0.612530 0.653704 0.657031 0.648724
0.697404 0.518341 0.609590 0.655711 0.655360 0.650429
0.698597 0.518135 0.612761 0.655395 0.656155 0.650967
0.697467 0.518755 0.613436 0.655917 0.655816 0.649399
0.698049 0.518696 0.615893 0.655806 0.655482 0.646178
0.698049 0.519185 0.617447 0.657078 0.655943 0.648429
0.697945 0.519081 0.615017 0.657827 0.655832 0.649225
0.699485 0.519392 0.616176 0.658572 0.655604 0.649326
0.699725 0.519258 0.617728 0.656972 0.655816 0.649351
0.700206 0.518947 0.618322 0.657397 0.655383 0.648843
0.700086 0.518533 0.618576 0.657503 0.655593 0.647206
0.700206 0.517516 0.618549 0.659194 0.655032 0.647610
0.700086 0.517310 0.620158 0.659409 0.654828 0.648142
0.700086 0.516514 0.621880 0.660267 0.655394 0.647857
0.700326 0.516540 0.620081 0.659734 0.652358 0.649648
0.701531 0.516617 0.621423 0.660810 0.654527 0.649664
0.701410 0.517943 0.620070 0.659412 0.653866 0.649351
0.701049 0.519792 0.615074 0.661025 0.651829 0.650228
0.700086 0.519066 0.621082 0.660822 0.653782 0.653413
0.699863 0.520104 0.621259 0.661583 0.654963 0.654637
0.700103 0.519984 0.620917 0.661259 0.655277 0.658299
0.701428 0.519776 0.623396 0.660613 0.654105 0.656118
0.701187 0.519896 0.622524 0.659319 0.654325 0.657277
0.699742 0.520208 0.618329 0.656654 0.653502 0.657179
0.699622 0.520192 0.616375 0.659216 0.656429 0.660467
0.699742 0.520192 0.619905 0.658150 0.656165 0.660360
0.701066 0.519584 0.624290 0.656972 0.654822 0.657071
0.702395 0.519273 0.625137 0.656654 0.654060 0.655000
0.700584 0.518445 0.623119 0.656967 0.655976 0.658698
0.699588 0.519672 0.614789 0.656760 0.657070 0.659732
0.700086 0.520975 0.621031 0.657194 0.658668 0.658303
0.703736 0.522541 0.623968 0.656018 0.655550 0.657273
0.703391 0.522787 0.623348 0.656871 0.655997 0.656763
0.704361 0.523207 0.624218 0.656760 0.656671 0.655502
0.704604 0.522892 0.623090 0.659120 0.657664 0.658716
0.706309 0.523312 0.621248 0.658481 0.654963 0.657733
0.707410 0.523312 0.622638 0.657088 0.654888 0.656632
0.706920 0.522645 0.622770 0.658044 0.655114 0.655210
0.707165 0.521530 0.623830 0.658257 0.652130 0.655681
0.702786 0.521130 0.621577 0.657716 0.652021 0.657129
0.702786 0.520712 0.620931 0.658142 0.651139 0.656609
0.701652 0.521443 0.621969 0.658683 0.651287 0.657448
0.704196 0.522750 0.624794 0.659316 0.651535 0.659255
0.705212 0.522910 0.624062 0.660607 0.650284 0.659551
0.702526 0.521025 0.620842 0.660172 0.652050 0.659437
0.702164 0.520696 0.622680 0.659540 0.652188 0.658831
0.702387 0.521583 0.620386 0.660292 0.650719 0.658701
0.704949 0.521809 0.621132 0.660509 0.651287 0.658816
0.704342 0.522800 0.622531 0.660723 0.651528 0.658864
0.704220 0.523848 0.622686 0.659650 0.650635 0.660289
0.703037 0.521652 0.620183 0.660295 0.653102 0.663940
0.702554 0.519904 0.619905 0.658580 0.652000 0.664670
0.702044 0.522260 0.623329 0.659444 0.650209 0.660493
0.705192 0.523829 0.625985 0.660619 0.650884 0.659358
0.705071 0.524143 0.622662 0.659657 0.651629 0.658621
0.706248 0.523200 0.622337 0.658481 0.651287 0.660579
0.705557 0.522173 0.620474 0.658257 0.652188 0.660461
0.705396 0.521531 0.621145 0.658592 0.654885 0.660793
0.706370 0.521531 0.623877 0.657521 0.654255 0.658724
0.703251 0.521116 0.623877 0.658154 0.652116 0.658502
0.704099 0.521323 0.622548 0.658698 0.652803 0.658824
0.705093 0.520701 0.621082 0.657631 0.652919 0.659651
0.705336 0.521427 0.621082 0.658056 0.652810 0.660383
0.705336 0.521618 0.623215 0.658915 0.654395 0.659255
0.704366 0.521739 0.624749 0.659337 0.650150 0.658746
0.705943 0.522051 0.623101 0.659550 0.652520 0.658643
0.707405 0.521826 0.622597 0.660729 0.652332 0.660298
0.704949 0.522051 0.621056 0.659760 0.652534 0.658923
0.706655 0.522346 0.625870 0.659227 0.652576 0.658640
0.708081 0.522346 0.626647 0.658588 0.653859 0.659461
0.708204 0.521253 0.624358 0.659330 0.653515 0.658299
0.706736 0.521323 0.624954 0.657525 0.654521 0.659761
0.707836 0.521947 0.623853 0.656880 0.653515 0.660461
0.710180 0.520908 0.624358 0.656880 0.651958 0.659413
0.709689 0.522451 0.626374 0.659974 0.651937 0.660182
0.708017 0.522382 0.624748 0.659014 0.651217 0.659651
0.707039 0.521965 0.624496 0.658797 0.651485 0.659752
0.707852 0.522260 0.625160 0.657627 0.651493 0.658391
0.707363 0.522469 0.625137 0.658588 0.651178 0.658081
0.708585 0.522782 0.624405 0.658375 0.650388 0.657659
0.707119 0.522782 0.625229 0.659238 0.650849 0.657767
0.706754 0.522677 0.622614 0.659554 0.649770 0.658164
0.706876 0.522677 0.623005 0.659447 0.649218 0.658176
0.707078 0.523286 0.623968 0.659135 0.649918 0.661230
0.707607 0.522677 0.623071 0.658596 0.650091 0.658272
0.706632 0.522451 0.625138 0.658375 0.650222 0.661017
0.705903 0.521826 0.622891 0.657419 0.651538 0.661123
0.705781 0.520701 0.621107 0.656885 0.649893 0.660493
0.706186 0.522659 0.626550 0.659774 0.649393 0.663217
0.703818 0.522296 0.625161 0.658044 0.648462 0.659641
0.706980 0.522209 0.626055 0.658462 0.650559 0.660496
0.708218 0.522695 0.627199 0.659854 0.650254 0.661432
0.706858 0.521496 0.624679 0.658564 0.648212 0.661827
0.709075 0.521861 0.628624 0.659847 0.650337 0.661217
0.707347 0.521896 0.626307 0.658560 0.649278 0.660602
0.707389 0.521461 0.624680 0.656972 0.650000 0.660599
0.710313 0.522034 0.627329 0.659871 0.649721 0.664253
0.708341 0.522260 0.623215 0.657088 0.648036 0.663714
0.708887 0.522451 0.625251 0.660178 0.649474 0.660807
0.709044 0.522034 0.624977 0.659750 0.646701 0.659141
0.707952 0.521843 0.623605 0.658363 0.645850 0.660164
0.709053 0.522051 0.621498 0.660408 0.644834 0.661415
0.709955 0.522972 0.623011 0.659767 0.646934 0.662262
0.710744 0.522782 0.625274 0.660087 0.647560 0.661633
0.711264 0.522555 0.626735 0.661698 0.648109 0.662474
0.706998 0.522260 0.622092 0.658702 0.646547 0.661628
0.707199 0.522034 0.622807 0.660091 0.646058 0.659865
0.705983 0.521826 0.622645 0.658466 0.643818 0.660173
0.708626 0.521601 0.621898 0.658683 0.643103 0.661118
0.708626 0.522242 0.622604 0.656245 0.643990 0.663209
0.704772 0.520908 0.621938 0.656548 0.644012 0.662787
0.706024 0.522868 0.622052 0.657627 0.644803 0.657165
0.705258 0.522260 0.623011 0.657397 0.643103 0.655609
0.704915 0.524295 0.624473 0.658801 0.646693 0.655825
0.704811 0.522207 0.623066 0.656225 0.648030 0.659220
0.706246 0.522519 0.624401 0.655812 0.647376 0.658920
0.710616 0.522483 0.625688 0.655184 0.645772 0.659564
0.704071 0.520705 0.625643 0.652983 0.644571 0.661214
0.703221 0.520325 0.625138 0.651408 0.643032 0.660996
0.704651 0.520738 0.624241 0.651401 0.643160 0.658923
0.703844 0.522344 0.623252 0.651923 0.645172 0.659116
0.704192 0.522876 0.625253 0.653902 0.643267 0.659037
0.702999 0.520755 0.624631 0.653797 0.643896 0.658077
0.702509 0.522498 0.626333 0.652767 0.645561 0.663405
0.700444 0.522255 0.624401 0.651797 0.642193 0.666033
0.704762 0.522633 0.626333 0.651141 0.644123 0.665516
0.705842 0.523346 0.629753 0.650872 0.648190 0.665412
0.702168 0.522222 0.628117 0.650248 0.646214 0.661864
0.699830 0.521171 0.626805 0.651416 0.646189 0.662900
0.700975 0.519532 0.628010 0.649305 0.644582 0.660837
0.703913 0.521463 0.627291 0.648287 0.646435 0.661376
0.702215 0.522465 0.629143 0.649537 0.648968 0.664583
0.700596 0.524400 0.626300 0.649106 0.647513 0.662992
0.704918 0.522605 0.627726 0.649425 0.648543 0.662622
0.699504 0.522991 0.626255 0.646494 0.646689 0.663622
0.705583 0.523658 0.633488 0.650622 0.655700 0.659561
0.700790 0.519188 0.606393 0.647552 0.637517 0.659277
0.710922 0.521308 0.627210 0.647480 0.641515 0.657641
0.713576 0.521583 0.625158 0.650903 0.648314 0.663103
0.714824 0.521461 0.625796 0.652321 0.642502 0.669438
0.716550 0.525296 0.622080 0.657061 0.641830 0.665077
0.709308 0.507508 0.613333 0.653858 0.628518 0.647713
0.702874 0.510863 0.615249 0.652920 0.637303 0.668522
0.695551 0.510401 0.620789 0.643876 0.633269 0.672178
0.688812 0.507497 0.620344 0.642625 0.631795 0.672261
0.688218 0.498427 0.615927 0.639232 0.625229 0.656339
0.683721 0.499524 0.605137 0.622647 0.620093 0.662598
0.683875 0.493808 0.606618 0.616297 0.614071 0.655916
0.686651 0.493285 0.602489 0.627648 0.623696 0.644369
0.683149 0.496066 0.589916 0.628597 0.633703 0.629795
0.678908 0.497738 0.601512 0.631563 0.635532 0.651037
0.677382 0.496369 0.604627 0.630170 0.643071 0.652347
0.680782 0.491845 0.597756 0.624250 0.636824 0.634724
0.682560 0.496027 0.596897 0.633539 0.635724 0.631416
0.677340 0.496762 0.595218 0.633717 0.632191 0.626234
0.680129 0.500282 0.596527 0.635064 0.642441 0.626001
0.676006 0.500371 0.602934 0.630088 0.644116 0.639353
0.677367 0.502610 0.614402 0.631801 0.648280 0.650021
0.680823 0.500375 0.610966 0.638576 0.651696 0.651036
0.685984 0.498590 0.610187 0.636945 0.642150 0.646018
0.688679 0.501619 0.605435 0.636322 0.641103 0.634318
0.687367 0.500095 0.602830 0.633546 0.639234 0.631772
0.681833 0.495281 0.607850 0.632517 0.645223 0.637669
0.676332 0.490426 0.613217 0.630063 0.638885 0.648331
0.667760 0.488541 0.605437 0.630490 0.639282 0.652687
0.667542 0.492825 0.600772 0.630579 0.639962 0.642637
0.675214 0.494246 0.602046 0.631769 0.639471 0.633491
0.676711 0.496203 0.604716 0.634945 0.641335 0.631849
0.675853 0.499235 0.607180 0.638291 0.639822 0.635369
0.674422 0.501138 0.612937 0.636888 0.646105 0.639769
0.676552 0.498300 0.613151 0.637835 0.642216 0.645189
0.676098 0.499047 0.612095 0.637889 0.643321 0.638885
0.680802 0.499233 0.607211 0.639633 0.639509 0.639062
0.679704 0.501344 0.606029 0.641885 0.641174 0.634146
0.682035 0.497526 0.612931 0.637818 0.641575 0.635495
0.683095 0.497726 0.613525 0.638673 0.646266 0.640070
0.682056 0.502562 0.616465 0.639369 0.648350 0.637773
0.683320 0.502576 0.618470 0.639474 0.646853 0.638077
0.686572 0.503627 0.614927 0.641752 0.642970 0.638182
0.688026 0.507760 0.620325 0.641579 0.644052 0.638837
0.691913 0.509217 0.623160 0.642857 0.647423 0.641226
0.690669 0.510557 0.622340 0.644042 0.649156 0.643458
0.693020 0.509969 0.625177 0.645894 0.651643 0.646350
0.696112 0.509510 0.621861 0.644052 0.652782 0.643280
0.695422 0.509660 0.620361 0.643099 0.653465 0.643136
0.697266 0.509070 0.621301 0.643417 0.655727 0.642125
0.698349 0.508684 0.624111 0.642737 0.657061 0.642090
0.697071 0.509182 0.627612 0.644646 0.656601 0.641652
0.697071 0.512068 0.630132 0.645517 0.658341 0.645349
0.699399 0.510449 0.629975 0.646263 0.656793 0.647076
0.698482 0.510382 0.629636 0.648448 0.656626 0.646672
0.700000 0.511583 0.628449 0.647231 0.659365 0.644737
0.698582 0.512541 0.629238 0.649969 0.659781 0.644878
0.700749 0.512990 0.630711 0.650803 0.661739 0.646010
0.700803 0.513350 0.630427 0.651365 0.661717 0.645977
0.703091 0.514586 0.630201 0.652302 0.663460 0.647293
0.701625 0.514130 0.630540 0.652295 0.663339 0.647712
0.702685 0.515299 0.630372 0.651999 0.661608 0.650638
0.701555 0.516906 0.629696 0.651012 0.660892 0.647215
0.701625 0.514789 0.630747 0.651076 0.657240 0.647980
0.698280 0.515516 0.632297 0.651356 0.659232 0.646447
0.697884 0.514991 0.632091 0.649610 0.655828 0.648536
0.698619 0.515075 0.633507 0.653017 0.659777 0.647258
0.697166 0.514330 0.631900 0.651804 0.660225 0.650613
0.695263 0.512661 0.632683 0.650133 0.656934 0.654211
0.698207 0.514771 0.631164 0.651356 0.658062 0.651101
0.697589 0.514141 0.631162 0.649634 0.654039 0.651883
0.695768 0.514640 0.628684 0.652201 0.661615 0.648425
0.693580 0.515444 0.629682 0.650569 0.661001 0.647862
0.695092 0.514008 0.630521 0.650335 0.658104 0.649873
0.695868 0.515583 0.629570 0.649954 0.661786 0.647343
0.695191 0.513843 0.629583 0.647533 0.653612 0.647546
0.698783 0.515380 0.629358 0.645660 0.654422 0.647068
0.696924 0.517380 0.627660 0.644894 0.655073 0.648371
0.697342 0.517308 0.629882 0.646173 0.654610 0.650202
0.698323 0.515081 0.629511 0.648716 0.656036 0.648665
0.695437 0.514794 0.628612 0.648022 0.657430 0.647875
0.696012 0.513189 0.628214 0.646703 0.652209 0.644672
0.696012 0.516628 0.628226 0.650070 0.659298 0.644791
0.696935 0.517282 0.629716 0.651937 0.661628 0.645008
0.698439 0.515841 0.629318 0.651206 0.657984 0.646031
0.697281 0.517062 0.627870 0.647731 0.656250 0.643285
0.699484 0.515392 0.627500 0.647433 0.649919 0.644533
0.697166 0.516676 0.627019 0.645647 0.653532 0.640609
0.697436 0.519063 0.629966 0.644339 0.655228 0.640165
0.692422 0.520233 0.631033 0.645440 0.654248 0.643548
0.700232 0.520898 0.629630 0.645616 0.652925 0.639487
0.698407 0.523354 0.630695 0.644882 0.648614 0.641866
0.702004 0.523670 0.628734 0.646443 0.656090 0.638522
0.697226 0.520527 0.628500 0.646860 0.654627 0.641336
0.694292 0.519511 0.628766 0.644393 0.653494 0.643197
0.700962 0.517308 0.630528 0.644894 0.651273 0.643550
0.699550 0.518850 0.630132 0.644146 0.650378 0.646806
0.698439 0.517361 0.630547 0.645965 0.656205 0.645142
0.696259 0.518047 0.630621 0.647176 0.657508 0.642245
0.695232 0.520532 0.630653 0.645321 0.651627 0.643240
0.700883 0.521705 0.629161 0.646083 0.650756 0.641576
0.702018 0.523226 0.630171 0.645756 0.650962 0.646126
0.696028 0.522397 0.629577 0.645122 0.652341 0.645056
0.696532 0.521083 0.629854 0.647475 0.653503 0.639859
0.697480 0.520959 0.628028 0.646775 0.650330 0.644022
0.701626 0.523837 0.628541 0.646860 0.650095 0.637949
0.697884 0.523448 0.629286 0.648448 0.650753 0.642730
0.696203 0.522379 0.627766 0.647948 0.656095 0.644672
0.696144 0.522851 0.629676 0.648482 0.654036 0.639303
0.694380 0.520596 0.625652 0.646986 0.648431 0.641363
0.704549 0.520894 0.630132 0.648083 0.650047 0.634368
0.699783 0.523624 0.629663 0.648682 0.649839 0.644139
0.702874 0.521857 0.630844 0.649031 0.659204 0.641979
0.702288 0.523190 0.633866 0.650472 0.659408 0.641117
0.700520 0.520805 0.633453 0.646940 0.650529 0.640634
0.705254 0.521587 0.633752 0.648849 0.652428 0.641957
0.700285 0.520841 0.631010 0.650233 0.654428 0.642049
0.703393 0.524660 0.632657 0.650316 0.659401 0.642123
0.702994 0.522333 0.631882 0.649737 0.656371 0.644123
0.705231 0.522981 0.632957 0.650054 0.655985 0.639775
0.704835 0.523614 0.631087 0.650046 0.656105 0.644103
0.703766 0.523167 0.630976 0.648757 0.658208 0.644275
0.704679 0.521672 0.631317 0.647601 0.657710 0.644371
0.702984 0.523047 0.629081 0.646860 0.655349 0.645374
0.704978 0.524412 0.627194 0.645379 0.652339 0.646090
0.702957 0.521790 0.630270 0.643596 0.652195 0.644358
0.708659 0.523029 0.631841 0.640327 0.652194 0.637212
0.704913 0.522115 0.624280 0.642835 0.644178 0.643888
0.694435 0.504355 0.608663 0.630614 0.633829 0.631464
0.687711 0.507901 0.602143 0.634714 0.615965 0.606678
0.699983 0.503698 0.595604 0.627537 0.629391 0.659784
0.697737 0.499516 0.600111 0.625275 0.616689 0.653472
0.707651 0.511396 0.613576 0.644115 0.630679 0.691589
0.659549 0.417275 0.547016 0.592500 0.502009 0.580939
0.677631 0.507031 0.589108 0.632083 0.613842 0.658586
0.665711 0.498181 0.578321 0.622426 0.601427 0.650745
0.665286 0.492577 0.560493 0.620049 0.593212 0.620886
0.665091 0.484312 0.485588 0.615128 0.581560 0.539037
0.603219 0.448333 0.424021 0.594113 0.542392 0.471412
0.639557 0.474820 0.476279 0.601566 0.567173 0.511173
0.648740 0.487026 0.533555 0.610968 0.573790 0.580169
0.654568 0.495816 0.543431 0.598614 0.558272 0.596111
0.652126 0.487831 0.536201 0.584839 0.549195 0.581147
0.638028 0.460535 0.495393 0.562871 0.526640 0.547437
0.637012 0.445558 0.480335 0.547767 0.511186 0.533100
0.651568 0.459352 0.504644 0.562281 0.521806 0.554264
0.664265 0.482645 0.527120 0.578829 0.542204 0.580982
0.665685 0.481293 0.523600 0.578164 0.545001 0.574269
0.657051 0.475357 0.503192 0.575864 0.540877 0.562340
0.656141 0.461140 0.494596 0.569379 0.529835 0.553955
0.654876 0.454530 0.485915 0.565820 0.524983 0.549473
0.652707 0.454283 0.490969 0.570955 0.529317 0.558295
0.655323 0.457521 0.499638 0.578522 0.531564 0.566815
0.656211 0.461197 0.504594 0.577889 0.533067 0.575973
0.658556 0.459139 0.514429 0.577035 0.536546 0.583724
0.657907 0.460225 0.524943 0.581040 0.541061 0.591147
0.661735 0.463992 0.528135 0.583683 0.544582 0.595171
0.655473 0.462300 0.527795 0.581596 0.544460 0.594343
0.649646 0.461643 0.523910 0.579230 0.543360 0.590810
0.643162 0.458270 0.521543 0.575699 0.544636 0.589048
0.643346 0.459634 0.526172 0.570648 0.549331 0.590140
0.638919 0.464298 0.526637 0.569068 0.548752 0.591020
0.641826 0.466804 0.528923 0.574492 0.549589 0.581367
0.640701 0.466541 0.522864 0.577132 0.551464 0.579093
0.640789 0.465341 0.524671 0.574175 0.548797 0.578510
0.641971 0.467773 0.525843 0.573635 0.547877 0.577122
0.640038 0.466249 0.519878 0.570109 0.547383 0.573886
0.641070 0.466551 0.525442 0.570668 0.549069 0.572652
0.639912 0.467283 0.527081 0.571147 0.547421 0.574290
0.639861 0.467460 0.533626 0.574317 0.550014 0.583424
0.638687 0.469489 0.541766 0.576835 0.546350 0.592693
0.639735 0.473179 0.553926 0.578403 0.550446 0.601181
0.640884 0.475480 0.559790 0.579332 0.553790 0.606984
0.643253 0.474552 0.564570 0.583107 0.554494 0.610139
0.647471 0.473796 0.565881 0.583952 0.556632 0.614809
0.649952 0.478113 0.567005 0.583990 0.555950 0.617236
0.650128 0.480072 0.563474 0.583597 0.559358 0.616677
0.649600 0.479111 0.559076 0.583899 0.556033 0.611118
0.649575 0.477212 0.556895 0.583165 0.555079 0.607508
0.649263 0.476719 0.555848 0.585183 0.554936 0.602458
0.649142 0.475233 0.556858 0.585050 0.558419 0.605018
0.646860 0.475831 0.558140 0.582648 0.556795 0.607491
0.648032 0.474253 0.554221 0.581120 0.557268 0.610996
0.647824 0.475216 0.557812 0.580210 0.556915 0.612346
0.646785 0.473111 0.557405 0.576934 0.554224 0.612028
0.646277 0.472669 0.553795 0.573377 0.553640 0.610292
0.644030 0.471742 0.552044 0.574438 0.553276 0.604896
0.643517 0.473072 0.553530 0.575257 0.555412 0.603783
0.642698 0.472267 0.553882 0.574064 0.556079 0.600483
0.641083 0.471758 0.553613 0.573363 0.553589 0.599063
0.640981 0.471424 0.553521 0.573482 0.553011 0.598987
0.640879 0.471277 0.553248 0.573198 0.552513 0.598912
0.641095 0.471277 0.552441 0.573157 0.552357 0.599747
0.641720 0.471089 0.552111 0.572996 0.553390 0.600127
0.641618 0.471360 0.552566 0.573157 0.553829 0.601423
0.641539 0.471193 0.554948 0.573076 0.553985 0.602189
0.641767 0.470818 0.555703 0.572996 0.553985 0.603239
0.642062 0.470651 0.555832 0.573521 0.553985 0.603778
0.642062 0.470380 0.556294 0.573764 0.554190 0.604598
0.642062 0.470463 0.556626 0.573362 0.554425 0.605115
0.642164 0.470296 0.556294 0.573563 0.554520 0.604550
0.641630 0.469442 0.557497 0.573080 0.554190 0.604990
0.641630 0.469608 0.557497 0.572676 0.553751 0.605479
0.643061 0.470609 0.557776 0.572597 0.553390 0.605711
0.642846 0.470672 0.558147 0.572597 0.553703 0.605378
0.643061 0.470902 0.557776 0.572274 0.553781 0.606309
0.642653 0.471070 0.558520 0.572395 0.553576 0.605921
0.642449 0.470567 0.558489 0.572476 0.553890 0.605223
0.644272 0.470902 0.558396 0.572638 0.553210 0.605223
0.644374 0.470798 0.558303 0.572436 0.554484 0.605479
0.644681 0.470044 0.558209 0.572840 0.553903 0.604937
0.644681 0.469544 0.558023 0.572799 0.554405 0.604550
0.644681 0.469544 0.558023 0.572718 0.554405 0.604550
0.644681 0.469961 0.557744 0.572718 0.554641 0.604705
0.644589 0.469961 0.558186 0.572799 0.555792 0.604859
0.644385 0.471195 0.558310 0.572799 0.556075 0.604859
0.644487 0.471070 0.557846 0.574537 0.555571 0.605014
0.644079 0.471322 0.557660 0.574537 0.554958 0.604859
0.644079 0.470756 0.558031 0.574537 0.554958 0.604883
0.644079 0.470588 0.558232 0.574456 0.554926 0.604782
0.643671 0.470401 0.558047 0.574132 0.555697 0.605091
0.643977 0.470567 0.558140 0.574132 0.556026 0.605556
0.643977 0.470985 0.558232 0.574132 0.556104 0.605944
0.643773 0.471236 0.558418 0.574051 0.556450 0.606177
0.642766 0.471069 0.558603 0.573808 0.557289 0.606566
0.642970 0.470985 0.559029 0.573970 0.557730 0.607189
0.642563 0.470401 0.559029 0.574456 0.557303 0.607657
0.642563 0.470797 0.559122 0.574696 0.557145 0.607947
0.642563 0.471424 0.558325 0.574816 0.556829 0.608025
0.642563 0.471089 0.558232 0.574252 0.556546 0.608282
0.642970 0.470818 0.558232 0.574252 0.558724 0.608684
0.643073 0.470818 0.559494 0.574333 0.558724 0.608841
0.643073 0.470401 0.559401 0.574213 0.558409 0.608303
0.642766 0.470484 0.559401 0.574700 0.558566 0.608012
0.642959 0.470401 0.557862 0.574862 0.560328 0.607788
0.642449 0.470672 0.557954 0.575187 0.560249 0.607396
0.642449 0.470755 0.558047 0.575513 0.561741 0.607553
0.642959 0.470505 0.558325 0.575269 0.561265 0.607631
0.642959 0.470172 0.558325 0.575470 0.561562 0.608023
0.643061 0.469651 0.559068 0.575308 0.561165 0.607866
0.643277 0.469673 0.559068 0.575226 0.561131 0.607686
0.643175 0.469175 0.559347 0.574901 0.561210 0.608235
0.643175 0.469839 0.558975 0.575102 0.562005 0.608943
0.643503 0.470110 0.559068 0.574573 0.562438 0.608943
0.643616 0.469860 0.560707 0.574732 0.562288 0.608943
0.643616 0.469943 0.562312 0.574855 0.561845 0.608651
0.644025 0.469860 0.561016 0.574693 0.561096 0.608572
0.643923 0.469197 0.561937 0.574894 0.561175 0.608651
0.643923 0.469031 0.561257 0.575582 0.561344 0.608752
0.644536 0.468948 0.562166 0.574690 0.561265 0.608909
0.644843 0.469114 0.562260 0.574690 0.562138 0.608729
0.645161 0.468822 0.562166 0.574771 0.561934 0.609157
0.645880 0.468491 0.562166 0.574648 0.561776 0.610657
0.646787 0.468243 0.561603 0.575377 0.561062 0.611472
0.645963 0.468656 0.561726 0.575219 0.560418 0.612187
0.646066 0.468160 0.561351 0.575625 0.561127 0.612505
0.645963 0.468822 0.562019 0.575950 0.562200 0.612903
0.647406 0.468822 0.562113 0.575950 0.559638 0.613222
0.647510 0.468905 0.562019 0.575706 0.559638 0.613622
0.647716 0.468656 0.563159 0.575822 0.559638 0.613861
0.647510 0.468573 0.561843 0.575740 0.559650 0.614021
0.647829 0.468491 0.561989 0.575578 0.559413 0.614101
0.647820 0.468573 0.562667 0.575740 0.559413 0.614522
0.648441 0.468822 0.562719 0.575173 0.559176 0.614522
0.648752 0.469651 0.563239 0.575288 0.559176 0.614442
0.648960 0.468822 0.563239 0.575856 0.558782 0.614362
0.648752 0.469236 0.564368 0.575856 0.558782 0.613918
0.648441 0.469236 0.563333 0.574561 0.558546 0.614721
0.648649 0.469236 0.563573 0.575856 0.558546 0.614319
0.648752 0.469236 0.565102 0.576018 0.558625 0.614159
0.648856 0.469818 0.565290 0.576018 0.558028 0.614400
0.649912 0.470985 0.565623 0.576262 0.558500 0.614239
0.649272 0.471319 0.565906 0.576180 0.558251 0.614239
0.649272 0.471152 0.566000 0.575980 0.557904 0.614159
0.649168 0.471152 0.566661 0.577244 0.557825 0.614159
0.649168 0.471152 0.567274 0.577325 0.557982 0.614882
0.649704 0.471152 0.567274 0.577407 0.557982 0.614159
0.649704 0.471236 0.567563 0.577407 0.558140 0.613598
0.649912 0.471069 0.567753 0.577288 0.558454 0.613518
0.649912 0.470567 0.567753 0.576717 0.557548 0.613038
0.649584 0.470567 0.567753 0.577288 0.557627 0.612878
0.649376 0.470651 0.567848 0.577168 0.560034 0.612958
0.649376 0.471403 0.567279 0.577533 0.560113 0.613118
0.649376 0.471738 0.567279 0.577005 0.560192 0.613438
0.650016 0.471069 0.567279 0.576678 0.560192 0.612878
0.649712 0.471069 0.566522 0.576678 0.560350 0.612878
0.649816 0.470901 0.566900 0.576842 0.560429 0.612638
0.650032 0.472242 0.567089 0.576760 0.559853 0.612718
0.650032 0.472138 0.568132 0.577445 0.560011 0.612319
0.650032 0.472306 0.568418 0.577564 0.559932 0.613518
0.650344 0.471970 0.568657 0.577564 0.560011 0.613198
0.650344 0.471970 0.567707 0.577564 0.560011 0.613438
0.650240 0.471802 0.567707 0.577401 0.560328 0.613438
0.650240 0.470818 0.567802 0.577728 0.560690 0.613118
0.650865 0.470818 0.567802 0.577728 0.560848 0.613198
0.650865 0.470484 0.568182 0.578218 0.560848 0.613337
0.650865 0.470484 0.568182 0.577935 0.560724 0.613817
0.650753 0.470734 0.568277 0.578017 0.561121 0.613577
0.650641 0.470985 0.568847 0.578180 0.561121 0.613577
0.650641 0.471069 0.568942 0.578180 0.561279 0.613396
0.650104 0.471611 0.569038 0.578590 0.561756 0.612874
0.650104 0.471695 0.569038 0.578590 0.562757 0.613434
0.650104 0.471902 0.566924 0.578672 0.561871 0.613696
0.650633 0.471902 0.567209 0.578918 0.562225 0.613696
0.650738 0.472070 0.567209 0.579164 0.562225 0.613295
0.651051 0.472153 0.567209 0.579246 0.562305 0.613135
0.652516 0.472237 0.567495 0.579209 0.561826 0.613856
0.652516 0.472237 0.567781 0.579537 0.561702 0.614017
0.652083 0.472237 0.567876 0.579336 0.563344 0.613616
0.652188 0.472237 0.567972 0.579500 0.563220 0.613515
0.652293 0.472237 0.567876 0.579134 0.563220 0.613835
0.652293 0.472321 0.568262 0.578925 0.563220 0.613835
0.652398 0.472927 0.568644 0.578597 0.563424 0.613734
0.652293 0.472173 0.569458 0.579007 0.564066 0.614458
0.652083 0.472592 0.569267 0.579007 0.564146 0.614619
0.652293 0.472424 0.569746 0.579007 0.564227 0.614860
0.653028 0.472340 0.570034 0.579007 0.564468 0.614921
0.653134 0.472340 0.568400 0.579254 0.563585 0.614921
0.652503 0.472340 0.568400 0.579418 0.563585 0.615465
0.653134 0.472340 0.567254 0.579418 0.563424 0.615687
0.653239 0.471838 0.569024 0.578977 0.563264 0.615768
0.653983 0.471838 0.568449 0.578977 0.563264 0.615768
0.653983 0.471671 0.570178 0.578977 0.563264 0.615869
0.654100 0.471838 0.569507 0.578977 0.563264 0.615405
0.654100 0.471838 0.567409 0.578895 0.563264 0.615405
0.654100 0.472173 0.567314 0.579060 0.563344 0.615062
0.653890 0.472173 0.567885 0.579142 0.563504 0.614981
0.653890 0.472340 0.568075 0.579142 0.563745 0.615062
0.653890 0.472006 0.567790 0.579142 0.563665 0.615082
0.653890 0.472006 0.567504 0.578813 0.563665 0.615082
0.653890 0.472173 0.567984 0.578895 0.565031 0.615163
0.654206 0.472257 0.566505 0.579142 0.565031 0.615163
0.654206 0.472340 0.566600 0.579471 0.564351 0.615324
0.654733 0.471838 0.567224 0.578902 0.564431 0.615324
0.654311 0.471838 0.568224 0.578700 0.564227 0.615324
0.654417 0.471922 0.568414 0.579030 0.564431 0.615324
0.654417 0.472173 0.567169 0.579030 0.564030 0.614940
0.654417 0.472006 0.567114 0.578416 0.564438 0.614779
0.654417 0.472676 0.567019 0.578214 0.564001 0.615263
0.654522 0.472508 0.568174 0.578378 0.564081 0.615627
0.654522 0.472508 0.568174 0.578378 0.564161 0.616032
0.654944 0.472257 0.567019 0.578910 0.564001 0.616032
0.654206 0.472340 0.568174 0.578550 0.563920 0.616294
0.654944 0.472257 0.568365 0.578595 0.563920 0.615870
0.653989 0.472424 0.569228 0.578430 0.563920 0.615951
0.654727 0.471799 0.570040 0.578677 0.564001 0.615951
0.654727 0.471631 0.570040 0.580120 0.565447 0.615951
0.653989 0.471799 0.570136 0.580120 0.565527 0.615708
0.653989 0.472301 0.568896 0.579872 0.564803 0.615789
0.653883 0.472385 0.570327 0.580120 0.564927 0.616680
0.653883 0.471926 0.569182 0.580037 0.564205 0.616881
0.654100 0.471842 0.569277 0.579954 0.565180 0.616638
0.653462 0.471758 0.569563 0.580120 0.565180 0.615667
0.653357 0.471655 0.568326 0.580120 0.565020 0.615748
0.653989 0.471363 0.568326 0.580286 0.562287 0.615829
0.653989 0.471363 0.568326 0.580406 0.562207 0.615829
0.654305 0.471195 0.568421 0.580203 0.562447 0.615344
0.654094 0.471007 0.568231 0.580203 0.562527 0.615506
0.653567 0.471342 0.568421 0.579752 0.560878 0.615748
0.654206 0.471342 0.568611 0.579834 0.561038 0.615748
0.653673 0.471258 0.568231 0.579834 0.560913 0.616253
0.653673 0.471258 0.567662 0.579007 0.560913 0.615849
0.653883 0.471342 0.567378 0.579007 0.560969 0.615042
0.653778 0.471426 0.567189 0.579503 0.561313 0.615284
0.653989 0.471070 0.567378 0.579421 0.561153 0.615284
0.653989 0.471070 0.567617 0.579623 0.561073 0.614961
0.654200 0.471070 0.566861 0.579541 0.562429 0.614800
0.653673 0.471406 0.567100 0.579375 0.564000 0.616010
0.653871 0.471406 0.567338 0.578880 0.563758 0.616192
0.654504 0.471950 0.567338 0.578880 0.563758 0.615950
0.654399 0.472222 0.566866 0.578550 0.563758 0.616778
0.654504 0.472138 0.566484 0.578550 0.563758 0.616879
0.655245 0.472475 0.567428 0.578955 0.566097 0.616533
0.655033 0.472896 0.566295 0.578955 0.565936 0.616634
0.655033 0.473168 0.567428 0.579037 0.566382 0.616634
0.654927 0.473168 0.568477 0.579240 0.566586 0.617038
0.653660 0.474013 0.567532 0.579157 0.564337 0.617342
0.653660 0.473195 0.567626 0.579075 0.564337 0.617585
0.653660 0.472267 0.567110 0.580572 0.564498 0.617747
0.652608 0.472604 0.566916 0.580572 0.564176 0.617747
0.652930 0.472079 0.567671 0.580572 0.564857 0.617504
0.652930 0.472163 0.567860 0.581362 0.564454 0.617342
0.652930 0.472163 0.567860 0.581777 0.564454 0.617342
0.653666 0.472163 0.567532 0.581860 0.564212 0.617342
0.653561 0.471406 0.567725 0.581611 0.564461 0.616614
0.653456 0.471238 0.567914 0.581528 0.564746 0.616695
0.653877 0.471426 0.568008 0.581611 0.562241 0.616695
0.653877 0.471678 0.568908 0.581611 0.562643 0.616938
0.653983 0.471678 0.569003 0.581528 0.562482 0.616938
0.654088 0.471678 0.568152 0.582607 0.562080 0.616614
0.654405 0.471718 0.567914 0.582607 0.563862 0.616211
0.654722 0.471718 0.568008 0.582857 0.564629 0.617423
0.654944 0.471383 0.565469 0.582857 0.564709 0.617666
0.654944 0.471383 0.565844 0.583143 0.564709 0.617910
0.655261 0.470881 0.565844 0.584311 0.564951 0.618153
0.655261 0.470881 0.565657 0.584311 0.565608 0.619618
0.655261 0.470964 0.564721 0.585821 0.565484 0.619781
0.655261 0.471236 0.565750 0.585065 0.565651 0.619781
0.657631 0.471236 0.565988 0.584514 0.566781 0.619781
0.657419 0.470818 0.566088 0.584479 0.566619 0.618641
0.657313 0.471319 0.566181 0.583810 0.568007 0.618516
0.657525 0.471655 0.566125 0.584250 0.567598 0.618578
0.657092 0.472831 0.565750 0.584299 0.567394 0.618660
0.656875 0.472559 0.565938 0.584167 0.567271 0.618660
0.656663 0.472138 0.566031 0.583417 0.566705 0.620263
0.655806 0.472390 0.565174 0.583500 0.566624 0.620426
0.655489 0.472727 0.565455 0.583751 0.567109 0.620390
0.655172 0.472539 0.565975 0.583047 0.567514 0.620390
0.655384 0.472539 0.566263 0.583130 0.568000 0.620063
0.656654 0.472351 0.567154 0.583381 0.568205 0.619818
0.656548 0.472435 0.564807 0.583417 0.567880 0.620063
0.656548 0.472773 0.564807 0.583500 0.567961 0.619737
0.656654 0.472773 0.565650 0.583262 0.567510 0.619800
0.656654 0.472520 0.565181 0.583345 0.567429 0.621090
0.656654 0.472688 0.565131 0.583513 0.567429 0.621254
0.656654 0.472942 0.567249 0.583764 0.567510 0.621336
0.656220 0.473280 0.567437 0.583680 0.567429 0.620926
0.656220 0.473788 0.567914 0.584015 0.567429 0.620599
0.656548 0.473241 0.569333 0.583309 0.567429 0.619900
0.656548 0.473326 0.569287 0.584898 0.567266 0.619755
0.656230 0.473157 0.569046 0.584730 0.566576 0.619304
0.655595 0.473326 0.570571 0.584814 0.566495 0.619267
0.655912 0.473241 0.570475 0.585065 0.566738 0.619267
0.656129 0.473241 0.570284 0.584995 0.568198 0.619429
0.656129 0.475112 0.570856 0.585247 0.568159 0.619837
0.656129 0.475112 0.571142 0.584328 0.568484 0.619837
0.656129 0.475454 0.572578 0.584558 0.569054 0.619492
0.656659 0.475027 0.571907 0.584474 0.568442 0.619655
0.656659 0.474856 0.571668 0.584270 0.568442 0.618760
0.656659 0.475198 0.572051 0.584607 0.568198 0.618435
0.656659 0.474601 0.572051 0.584838 0.568524 0.618879
0.657508 0.473920 0.571476 0.586267 0.568361 0.618635
0.657508 0.473920 0.571572 0.586013 0.568361 0.618635
0.657508 0.473920 0.572290 0.586013 0.568322 0.618349
0.657291 0.473920 0.571858 0.586013 0.567877 0.618187
0.657184 0.473496 0.571000 0.586182 0.567877 0.617539
0.657291 0.473496 0.571190 0.586097 0.568120 0.617844
0.657074 0.473496 0.570715 0.587320 0.568042 0.617520
0.656649 0.473665 0.570430 0.587235 0.567961 0.617197
0.656967 0.473835 0.570145 0.586863 0.568166 0.616632
0.656967 0.473496 0.570286 0.586947 0.567514 0.616471
0.656432 0.473411 0.570097 0.585859 0.567390 0.616309
0.656215 0.474090 0.570286 0.585535 0.568283 0.616551
0.655145 0.474005 0.568670 0.586042 0.568039 0.616793
0.655145 0.473458 0.569098 0.586381 0.568120 0.617116
0.654827 0.473373 0.569098 0.586042 0.567958 0.617116
0.652560 0.473543 0.569572 0.586212 0.568201 0.617035
0.652560 0.473883 0.569667 0.586466 0.568201 0.616551
0.650380 0.474138 0.569477 0.586381 0.568039 0.616993
0.650380 0.474223 0.569572 0.586262 0.569425 0.617236
0.650380 0.473628 0.569572 0.586381 0.569343 0.617155
0.650380 0.473628 0.569667 0.586381 0.569506 0.617074
0.650380 0.472760 0.569667 0.586042 0.569180 0.616671
0.650380 0.472337 0.570618 0.585704 0.569180 0.616268
0.653094 0.472506 0.570522 0.585619 0.568855 0.615947
0.653411 0.472675 0.569192 0.585450 0.569017 0.616108
0.655367 0.472675 0.569003 0.585654 0.569588 0.616188
0.655156 0.473099 0.569479 0.585535 0.569506 0.616913
0.656119 0.472317 0.568859 0.585450 0.568490 0.617074
0.656331 0.471894 0.568859 0.585450 0.568328 0.617236
0.656548 0.470714 0.569195 0.585450 0.568897 0.616993
0.656548 0.470798 0.569006 0.585281 0.568815 0.616832
0.656124 0.470882 0.569149 0.585281 0.568734 0.616832
0.656124 0.471472 0.569244 0.585366 0.568734 0.617113
0.656124 0.472063 0.569433 0.585331 0.568571 0.617355
0.656755 0.471388 0.570097 0.585331 0.569259 0.617516
0.656755 0.471810 0.570192 0.585619 0.567699 0.617759
0.656755 0.471894 0.570763 0.585789 0.567699 0.617032
0.656755 0.471979 0.570858 0.585824 0.567699 0.617032
0.656861 0.471894 0.570953 0.585535 0.566519 0.616952
0.656861 0.471620 0.571238 0.585535 0.566519 0.616852
0.656861 0.471536 0.572670 0.586516 0.567408 0.616691
0.656533 0.472636 0.571048 0.586431 0.567408 0.616771
0.656861 0.472636 0.572765 0.586227 0.566676 0.616691
0.656427 0.472890 0.571954 0.586262 0.566882 0.616449
0.656755 0.472890 0.571476 0.585211 0.566719 0.616047
0.656644 0.472636 0.572287 0.584704 0.566394 0.615726
0.656654 0.472636 0.572096 0.585162 0.566313 0.615726
0.655690 0.472721 0.572096 0.585162 0.566313 0.615726
0.656220 0.472551 0.572383 0.585162 0.563639 0.615726
0.655056 0.472721 0.571810 0.584789 0.563639 0.616127
0.655056 0.472806 0.571858 0.584873 0.562751 0.616449
0.656230 0.472721 0.572477 0.584318 0.563639 0.616369
0.656230 0.473145 0.572286 0.584474 0.563316 0.616369
0.656230 0.473315 0.572477 0.583921 0.563316 0.616127
0.656230 0.473400 0.572477 0.583837 0.565746 0.616208
0.652096 0.473571 0.573721 0.583717 0.565746 0.616530
0.651253 0.472975 0.573913 0.583885 0.565665 0.616691
0.650930 0.472786 0.573963 0.583645 0.565584 0.616893
0.651140 0.472956 0.574251 0.584908 0.565503 0.616893
0.651667 0.472786 0.574251 0.585077 0.565665 0.616632
0.651554 0.472956 0.574251 0.583622 0.565665 0.616874
0.651554 0.472956 0.573963 0.583045 0.565423 0.616874
0.651554 0.473126 0.573770 0.583177 0.565423 0.616793
0.651449 0.473126 0.574059 0.583141 0.563963 0.616793
0.651871 0.472616 0.573963 0.583309 0.563159 0.616793
0.651554 0.472786 0.573963 0.583309 0.560822 0.617035
0.651246 0.472531 0.573675 0.583225 0.560902 0.617659
0.652883 0.472531 0.573770 0.583225 0.561143 0.617659
0.652778 0.472616 0.574059 0.583141 0.561946 0.617739
0.653094 0.472616 0.574155 0.583646 0.564366 0.618020
0.653094 0.471600 0.574251 0.583562 0.564205 0.618020
0.653517 0.471600 0.574636 0.583646 0.563883 0.617859
0.653299 0.471431 0.574347 0.583273 0.564168 0.618101
0.653299 0.471347 0.574158 0.583442 0.561499 0.617697
0.653299 0.471347 0.575742 0.583189 0.561705 0.617455
0.653299 0.471347 0.575742 0.583189 0.561509 0.617374
0.653193 0.471431 0.575260 0.583189 0.561509 0.617374
0.653193 0.471431 0.575453 0.583189 0.561509 0.617374
0.653088 0.471431 0.575549 0.582936 0.561509 0.617374
0.653088 0.471431 0.575067 0.582816 0.563846 0.617374
0.652870 0.471685 0.575549 0.582816 0.564410 0.617939
0.652870 0.472108 0.575646 0.582479 0.564491 0.618505
0.652870 0.472466 0.575646 0.582648 0.564491 0.618748
0.652870 0.473656 0.575025 0.582732 0.564652 0.618748
0.652870 0.473826 0.574832 0.583321 0.564088 0.619966
0.652230 0.472537 0.574062 0.583406 0.564491 0.619885
0.652336 0.472708 0.573773 0.583237 0.564813 0.620454
0.652645 0.472387 0.573773 0.583153 0.565056 0.619966
0.652223 0.471434 0.573869 0.582984 0.565740 0.619560
0.651907 0.470862 0.573773 0.583574 0.565659 0.619497
0.651907 0.470862 0.573773 0.583659 0.565822 0.619578
0.652223 0.470862 0.574062 0.583659 0.565822 0.619659
0.652441 0.470694 0.573677 0.583659 0.565903 0.619822
0.653709 0.470525 0.573677 0.583574 0.565541 0.619822
0.653603 0.470968 0.573581 0.583779 0.562787 0.619903
0.653603 0.470968 0.572240 0.583815 0.565541 0.619903
0.653603 0.470715 0.572240 0.583815 0.562912 0.619659
0.653603 0.470715 0.572240 0.583815 0.563279 0.619740
0.653603 0.471475 0.572240 0.583706 0.563360 0.619659
0.653603 0.470947 0.572049 0.583706 0.566189 0.620554
0.653603 0.471052 0.572240 0.583790 0.565784 0.620210
0.653715 0.471052 0.572144 0.583586 0.563602 0.620291
0.653927 0.471390 0.572335 0.583790 0.563602 0.620536
0.653603 0.471475 0.572622 0.584380 0.565946 0.620653
0.653279 0.471454 0.572718 0.584655 0.565946 0.620816
0.651381 0.469977 0.572814 0.585246 0.567121 0.620735
0.651381 0.469468 0.573293 0.585331 0.567610 0.620735
0.650855 0.469553 0.574294 0.585415 0.567692 0.620653
0.650540 0.470144 0.572910 0.585465 0.567447 0.620690
0.650330 0.470313 0.573389 0.585281 0.566877 0.620446
0.650330 0.471586 0.574536 0.585366 0.563955 0.621097
0.650330 0.471671 0.574344 0.585450 0.563712 0.621097
0.651065 0.471076 0.574920 0.585704 0.564036 0.621015
0.651065 0.470906 0.576955 0.585197 0.564036 0.620852
0.653068 0.470842 0.577244 0.584474 0.563469 0.620283
0.652546 0.470250 0.576763 0.584460 0.566308 0.620283
0.652546 0.468879 0.576763 0.584846 0.566308 0.620771
0.652546 0.468879 0.576147 0.584846 0.566308 0.620852
0.651914 0.468879 0.576147 0.585014 0.566308 0.620283
0.651598 0.467956 0.576763 0.584832 0.565984 0.619796
0.651170 0.468062 0.576763 0.584965 0.565984 0.619552
0.651802 0.468481 0.576763 0.584762 0.565984 0.620364
0.651275 0.468207 0.577244 0.584846 0.566227 0.620446
0.652012 0.468459 0.575707 0.584642 0.566308 0.620771
0.652012 0.468627 0.576667 0.584726 0.567121 0.621079
0.651787 0.468711 0.576667 0.585148 0.567040 0.621423
0.651787 0.468711 0.576667 0.584908 0.567164 0.621423
0.651682 0.468879 0.575571 0.584740 0.566471 0.622047
0.651261 0.468963 0.575520 0.584740 0.563999 0.621721
0.651261 0.468711 0.576769 0.584740 0.563999 0.621558
0.651261 0.468627 0.576769 0.584571 0.563190 0.620988
0.651584 0.468543 0.577007 0.584571 0.564980 0.620906
0.651163 0.468711 0.577437 0.584740 0.563522 0.620663
0.651689 0.468459 0.577237 0.584740 0.563522 0.620744
0.650953 0.468459 0.577141 0.583862 0.563522 0.619770
0.652111 0.468291 0.577237 0.583946 0.563889 0.620013
0.650742 0.469092 0.575520 0.583946 0.563889 0.620599
0.650008 0.469344 0.575129 0.584114 0.566027 0.621006
0.648544 0.469176 0.574564 0.583910 0.566027 0.621250
0.648431 0.469702 0.575853 0.583994 0.566108 0.621006
0.648431 0.469702 0.575616 0.583538 0.566108 0.621087
0.649581 0.470039 0.575616 0.582720 0.563845 0.621250
0.649259 0.469871 0.575616 0.582720 0.565043 0.621313
0.649355 0.469955 0.575616 0.583526 0.565286 0.620906
0.650606 0.470039 0.576673 0.583731 0.565161 0.621558
0.650170 0.470208 0.577437 0.584491 0.565242 0.621313
0.650170 0.470102 0.577867 0.584575 0.565242 0.621983
0.650606 0.469640 0.577141 0.584575 0.565654 0.621639
0.650606 0.469683 0.577237 0.584406 0.565654 0.621721
0.649669 0.469851 0.577141 0.584322 0.565573 0.621232
0.649677 0.470041 0.577237 0.583984 0.565573 0.621494
0.650412 0.469957 0.577430 0.584068 0.565654 0.621331
0.650202 0.470125 0.577430 0.583984 0.565654 0.621494
0.650202 0.470462 0.577237 0.584068 0.567912 0.621902
0.651991 0.470188 0.577141 0.584491 0.567912 0.622047
0.653260 0.470441 0.577141 0.584491 0.567583 0.622129
0.653260 0.470862 0.577045 0.584250 0.567746 0.622783
0.652731 0.470947 0.577045 0.584178 0.567827 0.622456
0.652836 0.470947 0.577141 0.583973 0.568234 0.622374
0.652836 0.471539 0.575511 0.583853 0.568068 0.622473
0.652618 0.472642 0.576469 0.584250 0.568231 0.622718
0.652724 0.473836 0.577526 0.584130 0.568231 0.622800
0.653147 0.473561 0.577911 0.583817 0.567986 0.622718
0.652935 0.473561 0.577911 0.584299 0.569045 0.622671
0.653041 0.473561 0.577911 0.583792 0.568309 0.623653
0.653571 0.472367 0.578201 0.584807 0.569008 0.623325
0.653147 0.472452 0.578297 0.584602 0.568926 0.624408
