0.866184 0.846639 0.850226 0.835733 0.859853 0.816309
0.873718 0.855028 0.859215 0.841287 0.864400 0.824044
0.881095 0.857087 0.867889 0.842454 0.867346 0.836705
0.883599 0.855062 0.863799 0.842052 0.868667 0.840438
0.885191 0.851008 0.860560 0.838952 0.865858 0.836922
0.885383 0.851227 0.859147 0.839397 0.863270 0.842563
0.886602 0.854250 0.859247 0.844820 0.860846 0.839805
0.886631 0.858397 0.857807 0.847137 0.860404 0.841746
0.885525 0.861848 0.857338 0.850374 0.862598 0.843121
0.887265 0.862409 0.861329 0.852089 0.863646 0.845313
0.892561 0.866580 0.863081 0.857919 0.866773 0.849544
0.897409 0.873660 0.865411 0.863546 0.871097 0.853463
0.903908 0.874395 0.873786 0.871722 0.876616 0.857478
0.908709 0.877845 0.879261 0.878097 0.881616 0.860229
0.912870 0.883117 0.882189 0.879849 0.884324 0.864504
0.915943 0.883379 0.887175 0.883030 0.886955 0.866081
0.919748 0.882590 0.888947 0.884401 0.889281 0.868955
0.916397 0.881923 0.889606 0.885036 0.888889 0.870515
0.912973 0.878112 0.888140 0.880896 0.887768 0.869628
0.910905 0.878291 0.884564 0.876986 0.884847 0.866304
0.909659 0.875403 0.882853 0.871200 0.883434 0.862167
0.904426 0.871028 0.882076 0.866880 0.876862 0.861825
0.897238 0.867169 0.879253 0.859860 0.870585 0.857770
0.896151 0.865281 0.876291 0.858003 0.873269 0.856618
0.892971 0.864568 0.874033 0.853769 0.870737 0.857206
0.892203 0.861931 0.871525 0.850159 0.865125 0.854547
0.890363 0.860253 0.870963 0.848797 0.860932 0.855198
0.892065 0.859318 0.871940 0.849353 0.862074 0.854105
0.896470 0.859952 0.874135 0.854366 0.864789 0.855104
0.898422 0.861850 0.877195 0.858025 0.867399 0.859855
0.898769 0.861440 0.878388 0.856855 0.864997 0.859171
0.900055 0.860902 0.875419 0.857758 0.866829 0.862779
0.900338 0.859204 0.879648 0.863393 0.871125 0.868475
0.903110 0.861273 0.881008 0.865559 0.873587 0.870184
0.903987 0.862860 0.886870 0.865346 0.875337 0.869080
0.902139 0.864851 0.884771 0.863847 0.875251 0.868440
0.902556 0.864039 0.885198 0.862829 0.872858 0.864064
0.903235 0.864629 0.885970 0.864368 0.874359 0.865003
0.900731 0.862307 0.883321 0.859964 0.871930 0.865251
0.897216 0.859111 0.880621 0.858964 0.868743 0.866399
0.899502 0.857912 0.880855 0.858474 0.869378 0.867027
0.900145 0.859501 0.882192 0.858494 0.869547 0.866890
0.901267 0.857873 0.880994 0.857389 0.869275 0.866079
0.900434 0.854174 0.880642 0.857327 0.866467 0.865443
0.900014 0.851813 0.880968 0.855111 0.867211 0.863563
0.897745 0.851398 0.879888 0.852303 0.866112 0.863560
0.895758 0.849551 0.876979 0.850769 0.865901 0.863992
0.895620 0.848181 0.875637 0.851534 0.865032 0.863739
0.892560 0.848717 0.876492 0.848292 0.866359 0.864100
0.889740 0.850694 0.876198 0.847782 0.864918 0.865334
0.889400 0.848341 0.874765 0.848023 0.865517 0.864082
0.890266 0.847708 0.875302 0.849144 0.865594 0.868433
0.894237 0.846672 0.873657 0.849406 0.865968 0.867820
0.893561 0.845834 0.875671 0.847497 0.866336 0.863749
0.898509 0.849865 0.881071 0.851457 0.870775 0.866382
0.897262 0.848617 0.881318 0.850649 0.870811 0.868906
0.897300 0.846707 0.884367 0.850314 0.871791 0.867062
0.901457 0.846235 0.887595 0.854824 0.871439 0.865469
0.900715 0.841478 0.886797 0.851171 0.865328 0.866979
0.901031 0.841346 0.883656 0.849311 0.862274 0.867647
0.905851 0.843370 0.884990 0.851346 0.865680 0.868710
0.898327 0.841464 0.881151 0.847083 0.860933 0.869290
0.896338 0.836857 0.879957 0.842907 0.856963 0.865904
0.898660 0.839133 0.879979 0.846182 0.857703 0.866853
0.895701 0.835928 0.874716 0.842640 0.854192 0.864570
0.892497 0.834499 0.870580 0.841112 0.851526 0.865549
0.897036 0.832277 0.872560 0.843666 0.852491 0.862841
0.893000 0.832978 0.868877 0.839329 0.848301 0.865578
0.891375 0.831332 0.869033 0.835559 0.845232 0.867290
0.898346 0.832589 0.871641 0.842418 0.849383 0.866652
0.901690 0.831500 0.869973 0.844560 0.848758 0.869156
0.899458 0.831555 0.872883 0.842958 0.847726 0.873799
0.904151 0.837391 0.871678 0.845405 0.850573 0.876060
0.902864 0.836962 0.870866 0.844384 0.850303 0.878490
0.902117 0.835278 0.872169 0.839211 0.846585 0.878810
0.902446 0.835162 0.870472 0.845145 0.852143 0.877515
0.902962 0.834852 0.867846 0.845788 0.850482 0.877233
0.901028 0.831673 0.863474 0.840220 0.844612 0.876622
0.901528 0.830302 0.865203 0.839164 0.844754 0.873732
0.900479 0.828932 0.863948 0.841130 0.842862 0.871455
0.899040 0.825938 0.861060 0.837899 0.839060 0.869740
0.897424 0.823498 0.858460 0.834780 0.835209 0.867009
0.897371 0.823569 0.856504 0.836847 0.837159 0.865005
0.895258 0.821802 0.857124 0.836750 0.837229 0.863764
0.895789 0.820627 0.856425 0.834087 0.834731 0.863188
0.895059 0.820153 0.857511 0.835336 0.837110 0.864214
0.898370 0.822001 0.857491 0.839098 0.837272 0.861271
0.897265 0.818661 0.855555 0.835275 0.834300 0.861201
0.897190 0.816835 0.856562 0.834571 0.834038 0.862776
0.897445 0.816056 0.857510 0.837132 0.836947 0.861680
0.897545 0.814468 0.856000 0.834450 0.834895 0.860778
0.899397 0.814357 0.854601 0.832117 0.835217 0.860596
0.899582 0.813980 0.854233 0.834352 0.836927 0.860480
0.899918 0.815181 0.853299 0.833224 0.837299 0.859435
0.899603 0.813451 0.855920 0.833491 0.837409 0.862779
0.900486 0.812521 0.856349 0.835369 0.836990 0.860484
0.899979 0.813332 0.854715 0.835795 0.835934 0.859290
0.899938 0.812993 0.855550 0.834342 0.835994 0.860190
0.898163 0.815071 0.855553 0.836919 0.836701 0.858525
0.900062 0.814362 0.855043 0.837852 0.836704 0.859177
0.900376 0.815729 0.855218 0.837899 0.835859 0.859220
0.901160 0.815297 0.855999 0.837317 0.836964 0.856811
0.900184 0.813787 0.854554 0.834888 0.835971 0.855406
0.898872 0.814040 0.853214 0.834669 0.835846 0.855937
0.900075 0.811415 0.853134 0.833917 0.833858 0.855366
0.897590 0.810111 0.853446 0.831556 0.832904 0.855911
0.898783 0.809027 0.852821 0.831715 0.832749 0.855936
0.897775 0.807790 0.853168 0.830713 0.830064 0.853824
0.899009 0.809994 0.853873 0.832859 0.832772 0.853936
0.896694 0.809429 0.852495 0.829879 0.830552 0.846509
0.897067 0.810144 0.853284 0.831873 0.831527 0.852454
0.897884 0.811039 0.852074 0.832129 0.831706 0.851824
0.897923 0.807527 0.850499 0.830981 0.829689 0.850238
0.896830 0.810789 0.852059 0.831776 0.830262 0.851933
0.897677 0.808231 0.852736 0.829318 0.827502 0.850137
0.896878 0.811653 0.853624 0.834645 0.830738 0.851070
0.898527 0.811418 0.853399 0.832920 0.830745 0.851070
0.897668 0.812266 0.853474 0.832249 0.831655 0.851457
0.897501 0.816055 0.853172 0.833637 0.832497 0.854343
0.898032 0.812760 0.851981 0.831001 0.830811 0.848954
0.896363 0.813829 0.851731 0.839277 0.831301 0.853302
0.897800 0.814441 0.852849 0.836250 0.831848 0.851205
0.898026 0.817910 0.852120 0.837341 0.832819 0.851871
0.898127 0.818053 0.852943 0.841260 0.834786 0.855683
0.898416 0.814724 0.852151 0.840020 0.827501 0.849064
0.897632 0.818594 0.851099 0.843384 0.830493 0.849182
0.897864 0.816978 0.850762 0.842372 0.830023 0.848936
0.897780 0.812487 0.849594 0.836632 0.831600 0.847850
0.898065 0.818919 0.852789 0.843633 0.834811 0.851806
0.895232 0.817725 0.849723 0.839809 0.830967 0.847593
0.896466 0.814618 0.849938 0.837830 0.828012 0.844197
0.892904 0.816080 0.851160 0.840620 0.832675 0.846306
0.892828 0.815829 0.849362 0.842136 0.834360 0.844887
0.893752 0.812837 0.848885 0.838588 0.830707 0.842547
0.892884 0.813046 0.849609 0.838902 0.831240 0.843752
0.891603 0.815011 0.850147 0.844361 0.833333 0.849142
0.891907 0.815870 0.850965 0.844438 0.830838 0.846420
0.894433 0.813421 0.848639 0.840224 0.830282 0.842176
0.892511 0.812282 0.849839 0.840662 0.829046 0.842152
0.890400 0.812993 0.848518 0.843292 0.829806 0.842152
0.890630 0.812330 0.848854 0.842182 0.827556 0.840904
0.893300 0.808820 0.846223 0.837962 0.825809 0.838254
0.891545 0.813100 0.846323 0.839422 0.825192 0.839065
0.890643 0.812343 0.848692 0.839753 0.827277 0.838829
0.891816 0.811275 0.848588 0.840983 0.828990 0.841918
0.892037 0.812270 0.849198 0.839193 0.826831 0.841151
0.892523 0.811857 0.849777 0.840767 0.826112 0.844825
0.891621 0.812619 0.849180 0.840777 0.825945 0.842820
0.890020 0.811150 0.849206 0.837527 0.824801 0.838762
0.888429 0.810054 0.848223 0.837606 0.823905 0.836212
0.888046 0.813206 0.848111 0.842532 0.826093 0.837569
0.887217 0.813707 0.847962 0.844297 0.827048 0.838314
0.885445 0.813499 0.848751 0.843782 0.827377 0.839952
0.885198 0.812934 0.849660 0.845058 0.828030 0.839379
0.885833 0.814352 0.848406 0.845070 0.827576 0.836561
0.885584 0.813737 0.847653 0.843476 0.826738 0.834288
0.883602 0.811511 0.846233 0.843684 0.824964 0.834068
0.883882 0.810508 0.846888 0.844110 0.826688 0.832911
0.882720 0.809907 0.848231 0.843759 0.827452 0.831097
0.884637 0.812078 0.847551 0.844644 0.826682 0.833046
0.885487 0.814230 0.849392 0.845097 0.828588 0.833109
0.886132 0.813938 0.848780 0.845954 0.827940 0.832822
0.885516 0.813118 0.849181 0.844801 0.829272 0.834445
0.883256 0.812146 0.849281 0.844769 0.829032 0.830562
0.883611 0.812500 0.847572 0.843492 0.827431 0.829706
0.884428 0.811753 0.845092 0.842632 0.827651 0.830460
0.884244 0.812103 0.845342 0.841486 0.826926 0.830675
0.884105 0.812777 0.846000 0.841723 0.826872 0.830751
0.884848 0.813404 0.846318 0.841677 0.827246 0.831003
0.885080 0.813434 0.848235 0.841601 0.828511 0.828591
0.884164 0.814769 0.848959 0.841654 0.828377 0.830081
0.884701 0.813047 0.849447 0.841615 0.827857 0.826287
0.884012 0.813094 0.849292 0.840734 0.825948 0.826501
0.883019 0.813094 0.850754 0.840373 0.826096 0.829363
0.883860 0.811392 0.850344 0.840093 0.826845 0.824211
0.883008 0.813798 0.850795 0.841906 0.828799 0.827586
0.882931 0.814769 0.850416 0.841738 0.828594 0.825328
0.881758 0.813636 0.850448 0.843116 0.828982 0.823458
0.881032 0.815330 0.848715 0.842916 0.829395 0.824584
0.882451 0.812333 0.848861 0.841822 0.829350 0.822996
0.881943 0.814598 0.851857 0.841715 0.828838 0.822112
0.881881 0.814709 0.851084 0.842136 0.828051 0.820362
0.881004 0.815562 0.849797 0.841853 0.829703 0.820493
0.881852 0.815108 0.849103 0.840213 0.830172 0.819850
0.881280 0.814491 0.849479 0.838935 0.833116 0.818623
0.880625 0.813941 0.848973 0.838719 0.832056 0.821221
0.881162 0.811757 0.847975 0.839303 0.828850 0.821380
0.880323 0.813404 0.847474 0.838606 0.826684 0.820486
0.881226 0.812846 0.846696 0.837621 0.827591 0.815057
0.881638 0.813520 0.847481 0.836209 0.826709 0.816181
0.878503 0.812871 0.846818 0.835954 0.824652 0.811671
0.875473 0.812568 0.847715 0.835747 0.823478 0.814158
0.877409 0.809263 0.849100 0.834590 0.824893 0.812524
0.877710 0.809508 0.848577 0.834272 0.824634 0.809099
0.877991 0.808420 0.847798 0.833992 0.823684 0.807318
0.876104 0.807945 0.848543 0.833467 0.826049 0.808498
0.877109 0.808146 0.849290 0.832551 0.823143 0.803834
0.871280 0.805805 0.844987 0.834246 0.826565 0.814809
0.876371 0.796219 0.842068 0.830874 0.820611 0.774378
0.866976 0.801836 0.844399 0.832199 0.825204 0.817488
0.865987 0.798766 0.843900 0.823426 0.817588 0.816805
0.867108 0.797112 0.839707 0.816795 0.816458 0.816369
0.863656 0.799537 0.837797 0.813953 0.821462 0.809520
0.859965 0.798256 0.836730 0.812136 0.820886 0.806359
0.856051 0.797494 0.836853 0.811641 0.824612 0.803734
0.850266 0.796128 0.832086 0.809531 0.818936 0.806179
0.847116 0.793965 0.830356 0.809881 0.815949 0.802336
0.847595 0.793231 0.828045 0.803780 0.814826 0.798336
0.847554 0.788302 0.824485 0.801979 0.815141 0.795358
0.848014 0.788894 0.830246 0.809960 0.819109 0.800642
0.850130 0.798916 0.832485 0.815349 0.821145 0.811425
0.855444 0.800892 0.831970 0.816768 0.826509 0.810784
0.857003 0.799621 0.829016 0.820123 0.826992 0.814581
0.855820 0.800081 0.829544 0.821255 0.825177 0.814974
0.859980 0.804318 0.832106 0.821030 0.825261 0.814082
0.865547 0.803918 0.834754 0.823529 0.825413 0.814666
0.865642 0.803434 0.835716 0.824467 0.824945 0.815925
0.864577 0.804652 0.834986 0.823495 0.823842 0.814665
0.863016 0.802196 0.836136 0.827406 0.822912 0.811901
0.862429 0.804361 0.832791 0.827010 0.823445 0.808012
0.862091 0.805146 0.832999 0.827646 0.823216 0.805515
0.861625 0.805604 0.833322 0.829527 0.824578 0.807298
0.864895 0.807271 0.833137 0.832051 0.827047 0.807433
0.864461 0.807055 0.831763 0.833055 0.830617 0.810443
0.864773 0.808479 0.831126 0.833321 0.830321 0.813374
0.861760 0.808720 0.831311 0.833044 0.831072 0.811657
0.861337 0.811549 0.831568 0.833671 0.834177 0.810974
0.860110 0.811284 0.829775 0.835536 0.835409 0.810830
0.856050 0.810592 0.827385 0.835116 0.835445 0.808271
0.856516 0.812222 0.828103 0.835696 0.836084 0.808100
0.854244 0.814252 0.827126 0.835300 0.835337 0.808987
0.852739 0.815874 0.824128 0.834455 0.837421 0.809025
0.852307 0.815959 0.822356 0.834191 0.838930 0.812180
0.852694 0.816814 0.823300 0.833515 0.839383 0.811189
0.851857 0.818956 0.822872 0.833865 0.839429 0.812158
0.851303 0.819351 0.825611 0.832777 0.840557 0.810986
0.852410 0.817767 0.823398 0.833793 0.841224 0.811778
0.852191 0.817395 0.821119 0.832825 0.840670 0.810393
0.853556 0.815009 0.821820 0.832814 0.838650 0.808843
0.852243 0.816088 0.820190 0.833623 0.837394 0.808250
0.852652 0.816847 0.820703 0.831545 0.836981 0.811386
0.851962 0.817999 0.822266 0.831654 0.834104 0.811638
0.852450 0.819288 0.821929 0.831824 0.832336 0.812343
0.853688 0.819762 0.821847 0.832042 0.832253 0.813992
0.857143 0.819628 0.821765 0.832042 0.832003 0.814412
0.856901 0.819999 0.822750 0.831788 0.832087 0.810636
0.853262 0.819367 0.821247 0.832573 0.832918 0.809842
0.854679 0.822108 0.819613 0.832863 0.832716 0.809301
0.853929 0.821195 0.820337 0.832537 0.832680 0.810223
0.853401 0.821335 0.821004 0.831606 0.832156 0.809054
0.851634 0.821617 0.822017 0.830394 0.829976 0.808047
0.851818 0.820032 0.820585 0.829545 0.830059 0.809133
0.851595 0.819843 0.820366 0.827160 0.831360 0.809671
0.849195 0.821421 0.818506 0.825047 0.829752 0.808786
0.845792 0.821610 0.817079 0.824748 0.828627 0.811165
0.844267 0.823663 0.816805 0.824870 0.828529 0.809771
0.842669 0.824715 0.815575 0.825181 0.828076 0.807598
0.843098 0.826336 0.817780 0.825852 0.829691 0.809953
0.843070 0.824362 0.818775 0.828713 0.829020 0.811337
0.841358 0.823734 0.819438 0.829457 0.825214 0.814196
0.841954 0.826556 0.821328 0.828774 0.823309 0.814131
0.841372 0.827572 0.821073 0.829030 0.824242 0.814868
0.838946 0.827517 0.822131 0.831551 0.825552 0.813994
0.839163 0.827205 0.823102 0.832109 0.825381 0.814655
0.839874 0.827462 0.821878 0.833297 0.824587 0.814836
0.840109 0.827774 0.820749 0.831322 0.825093 0.815420
0.840366 0.827931 0.822010 0.831263 0.823606 0.813423
0.840669 0.826099 0.824333 0.831109 0.823267 0.813234
0.840309 0.826214 0.823759 0.828889 0.823833 0.812433
0.840971 0.825355 0.821914 0.827175 0.823749 0.811837
0.839686 0.823867 0.821007 0.826074 0.822650 0.810501
0.838470 0.823247 0.819681 0.826271 0.823800 0.810214
0.836129 0.822941 0.818144 0.825628 0.823140 0.808898
0.832614 0.821605 0.814742 0.822946 0.822802 0.807101
0.830632 0.821448 0.810011 0.820535 0.824323 0.806417
0.830596 0.820927 0.806561 0.820966 0.825385 0.805788
0.831690 0.821722 0.806452 0.819639 0.822625 0.802915
0.831702 0.821092 0.805636 0.821423 0.821081 0.803464
0.832074 0.821171 0.805778 0.820498 0.820154 0.802054
0.829652 0.820698 0.804932 0.820956 0.818208 0.802028
0.829677 0.819411 0.804106 0.821267 0.818063 0.799391
0.830099 0.818778 0.807652 0.821439 0.819582 0.800435
0.831291 0.817780 0.805565 0.822412 0.818011 0.801651
0.828842 0.815795 0.805565 0.822248 0.816057 0.799332
0.828549 0.816063 0.806267 0.820956 0.815036 0.797820
0.827871 0.814765 0.802912 0.820524 0.813537 0.797469
0.827906 0.814964 0.802206 0.819840 0.813737 0.795628
0.825185 0.813642 0.800510 0.819547 0.811808 0.794103
0.822065 0.810354 0.799745 0.822446 0.809583 0.791212
0.819105 0.808450 0.797387 0.820073 0.810254 0.791275
0.820139 0.807862 0.793069 0.820167 0.811273 0.789725
0.819450 0.807643 0.794044 0.818229 0.811186 0.788826
0.818587 0.806132 0.797670 0.818775 0.811706 0.788884
0.821978 0.807507 0.799688 0.816258 0.809795 0.789629
0.827446 0.807911 0.804521 0.817354 0.810167 0.791149
0.831383 0.807343 0.805924 0.818135 0.809472 0.789470
0.830445 0.810296 0.806261 0.821773 0.807372 0.790728
0.832541 0.811260 0.809480 0.822118 0.809367 0.792768
0.834604 0.809595 0.812710 0.822635 0.811280 0.792115
0.833981 0.806854 0.815701 0.822799 0.814788 0.792917
0.835716 0.806718 0.818156 0.824688 0.814981 0.794120
0.836552 0.807521 0.819901 0.824190 0.817728 0.794615
0.836719 0.806766 0.820116 0.823074 0.819319 0.796145
0.836515 0.807573 0.817998 0.824627 0.816944 0.795272
0.837766 0.808028 0.820305 0.824403 0.818964 0.796414
0.838516 0.807705 0.821374 0.822860 0.819035 0.797989
0.840232 0.807383 0.819894 0.818814 0.818366 0.797555
0.841143 0.808511 0.820799 0.821280 0.818923 0.796358
0.840232 0.809476 0.820123 0.821882 0.819937 0.797584
0.840149 0.809717 0.820477 0.822251 0.819767 0.797847
0.840066 0.810439 0.820524 0.820730 0.819852 0.798254
0.840834 0.810359 0.820473 0.820386 0.819963 0.798604
0.841497 0.810680 0.821461 0.819869 0.821999 0.797117
0.840429 0.810439 0.822307 0.820041 0.823217 0.796039
0.842496 0.810599 0.822891 0.818341 0.822125 0.796623
0.841512 0.809848 0.823955 0.817390 0.821362 0.796244
0.840933 0.809929 0.823480 0.818428 0.819466 0.797556
0.840919 0.810971 0.824877 0.817816 0.819774 0.797760
0.840551 0.810650 0.826018 0.816545 0.821447 0.796647
0.841663 0.810570 0.826180 0.816891 0.821447 0.795594
0.841760 0.812412 0.825284 0.817503 0.823775 0.794068
0.842915 0.811051 0.826994 0.817184 0.825075 0.793537
0.843881 0.810009 0.826180 0.819085 0.826810 0.794032
0.844884 0.810330 0.826778 0.820292 0.828371 0.794857
0.845114 0.810891 0.828518 0.819974 0.828706 0.794621
0.845853 0.811612 0.830210 0.820475 0.829544 0.795413
0.846307 0.812117 0.832148 0.820760 0.829282 0.793976
0.845843 0.811233 0.832586 0.820071 0.828937 0.792947
0.846356 0.812483 0.832103 0.820198 0.828592 0.791682
0.845537 0.813247 0.832747 0.819880 0.829286 0.789844
0.845421 0.813247 0.833552 0.818713 0.828906 0.790517
0.846077 0.814283 0.832724 0.818666 0.829408 0.790510
0.846918 0.816195 0.834011 0.818707 0.829408 0.789837
0.847000 0.816920 0.833046 0.819325 0.830159 0.790547
0.847181 0.817079 0.833977 0.818634 0.828488 0.789748
0.847345 0.816926 0.833736 0.818029 0.831992 0.791110
0.847917 0.816017 0.833679 0.816150 0.831076 0.788488
0.847999 0.815864 0.833195 0.816578 0.830003 0.788693
0.848162 0.814984 0.832308 0.817577 0.830170 0.786712
0.849550 0.816439 0.833379 0.818959 0.828571 0.786302
0.851139 0.816359 0.832031 0.820576 0.828089 0.785672
0.850163 0.817341 0.832919 0.821410 0.828927 0.786565
0.852033 0.817103 0.832031 0.822243 0.829568 0.788666
0.851016 0.818370 0.831765 0.822697 0.831143 0.790558
0.852844 0.819635 0.832492 0.823641 0.831132 0.791233
0.852600 0.820187 0.832250 0.822920 0.829878 0.789663
0.853815 0.821455 0.832353 0.823864 0.830976 0.791456
0.853330 0.824360 0.831244 0.824035 0.834224 0.793926
0.853006 0.825456 0.830735 0.823435 0.832061 0.795340
0.853330 0.824517 0.829857 0.823778 0.832311 0.794161
0.854400 0.823420 0.830110 0.822929 0.830916 0.794450
0.854542 0.823341 0.829579 0.822414 0.830536 0.795948
0.854946 0.824282 0.830434 0.822671 0.828780 0.795858
0.855874 0.825410 0.830942 0.823761 0.829031 0.797179
0.854743 0.825340 0.830087 0.823392 0.831704 0.798501
0.854782 0.825606 0.830204 0.822877 0.831323 0.799089
0.856357 0.825864 0.831486 0.823872 0.831236 0.798237
0.855370 0.825221 0.834680 0.823615 0.832059 0.799033
0.857344 0.824282 0.836366 0.823701 0.830307 0.800029
0.858570 0.825410 0.836323 0.825457 0.833834 0.799120
0.858128 0.824830 0.836732 0.825242 0.833345 0.799179
0.857344 0.823027 0.837417 0.826157 0.832821 0.800615
0.856700 0.823812 0.837959 0.826413 0.833930 0.799736
0.859191 0.824125 0.837110 0.823932 0.832345 0.798681
0.857585 0.823835 0.835700 0.822989 0.832549 0.797043
0.857867 0.824963 0.838150 0.823847 0.831642 0.795274
0.857344 0.824932 0.837190 0.823847 0.832215 0.793658
0.858027 0.825323 0.834334 0.824446 0.832037 0.793721
0.856499 0.825300 0.835689 0.824763 0.833120 0.793420
0.856660 0.825253 0.836950 0.824849 0.833072 0.794126
0.856740 0.825644 0.837808 0.824618 0.834177 0.795718
0.856821 0.826035 0.839389 0.824446 0.834260 0.795688
0.857143 0.825566 0.838612 0.825644 0.832442 0.797452
0.858349 0.826058 0.837376 0.825900 0.833678 0.797775
0.860072 0.825902 0.837808 0.825559 0.834770 0.797071
0.859110 0.825902 0.839122 0.826157 0.835188 0.796836
0.859933 0.825745 0.839645 0.828032 0.835661 0.801143
0.861255 0.825433 0.838496 0.825533 0.837514 0.800352
0.861497 0.824212 0.839171 0.825191 0.835878 0.801172
0.861737 0.824870 0.840289 0.824934 0.836888 0.801583
0.861919 0.826154 0.840223 0.824379 0.837458 0.800147
0.861739 0.826209 0.839904 0.824747 0.835961 0.799853
0.859055 0.826452 0.838865 0.824832 0.836815 0.800059
0.858693 0.827545 0.838465 0.823229 0.837435 0.799384
0.858372 0.828402 0.837860 0.824430 0.839917 0.798149
0.859477 0.828668 0.838100 0.824001 0.839008 0.799001
0.858916 0.829113 0.838100 0.825184 0.838558 0.798943
0.858655 0.828545 0.838581 0.824851 0.837637 0.801261
0.857910 0.827453 0.839061 0.824808 0.837140 0.800352
0.858796 0.825452 0.836795 0.823864 0.837720 0.799824
0.859058 0.825295 0.835567 0.823263 0.836724 0.799941
0.859701 0.824511 0.835303 0.819641 0.836226 0.798529
0.859540 0.824590 0.836246 0.818342 0.835441 0.800558
0.859621 0.825060 0.836070 0.817127 0.835011 0.802637
0.859219 0.825498 0.836760 0.820851 0.837468 0.801672
0.859540 0.824715 0.836747 0.821713 0.837156 0.801261
0.859862 0.826828 0.836278 0.822575 0.836200 0.800323
0.859862 0.826750 0.837687 0.822789 0.836937 0.798383
0.859460 0.824872 0.837847 0.820798 0.836735 0.797941
0.859379 0.824793 0.838412 0.819155 0.835680 0.796523
0.860044 0.826125 0.836554 0.816446 0.837398 0.797525
0.859808 0.824252 0.837566 0.816779 0.835524 0.797051
0.860230 0.823467 0.836612 0.815490 0.833035 0.798293
0.860408 0.822680 0.837094 0.814897 0.835215 0.798322
0.861773 0.823223 0.835268 0.815420 0.835204 0.798735
0.860970 0.824095 0.835509 0.815822 0.835394 0.798793
0.861235 0.824017 0.835590 0.815996 0.835977 0.798705
0.864507 0.824566 0.837383 0.815648 0.836499 0.799001
0.865249 0.823702 0.837440 0.816171 0.836821 0.799441
0.866005 0.824197 0.837245 0.817735 0.836569 0.800117
0.865709 0.826290 0.838563 0.816665 0.838599 0.802761
0.866165 0.826860 0.838274 0.818022 0.838682 0.803190
0.865691 0.827852 0.838794 0.819576 0.840117 0.801941
0.868314 0.826681 0.839634 0.817207 0.838733 0.803982
0.866428 0.827182 0.838095 0.817667 0.840840 0.805981
0.866507 0.826556 0.837132 0.815088 0.841476 0.805596
0.867861 0.824676 0.835992 0.812689 0.838705 0.803983
0.866235 0.824833 0.835280 0.811410 0.839601 0.806485
0.867150 0.822632 0.831380 0.812112 0.837684 0.806499
0.866807 0.819048 0.831369 0.811613 0.836957 0.805616
0.865379 0.819553 0.831124 0.811586 0.838226 0.807300
0.868055 0.819206 0.832120 0.811086 0.837998 0.806681
0.866972 0.821055 0.831667 0.816119 0.840831 0.807605
0.866389 0.821591 0.831295 0.816501 0.840464 0.807401
0.867478 0.818810 0.831496 0.811549 0.838126 0.807515
0.865623 0.819395 0.834662 0.816032 0.840450 0.806099
0.867375 0.818889 0.834684 0.814662 0.840747 0.804873
0.867964 0.821261 0.833160 0.812371 0.838162 0.805896
0.866915 0.820314 0.833922 0.812671 0.837276 0.804574
0.866310 0.814536 0.833079 0.809182 0.837917 0.803616
0.866582 0.814934 0.833299 0.809094 0.837299 0.804694
0.865112 0.815283 0.833079 0.810387 0.836644 0.804640
0.867346 0.815602 0.833460 0.808970 0.838880 0.803084
0.865455 0.819760 0.833241 0.811530 0.838650 0.801388
0.866573 0.819285 0.833045 0.810651 0.837189 0.801739
0.865394 0.817907 0.833680 0.810331 0.839216 0.804787
0.866014 0.818017 0.832964 0.809735 0.839464 0.805607
0.866352 0.817639 0.833552 0.808381 0.840254 0.805586
0.866502 0.817956 0.832756 0.810411 0.838981 0.805076
0.866653 0.818115 0.831855 0.809062 0.841296 0.805187
0.867450 0.814855 0.832028 0.809379 0.839165 0.806912
0.865535 0.816209 0.831669 0.807359 0.839298 0.803711
0.865615 0.816209 0.832814 0.809125 0.840162 0.803210
0.866469 0.816587 0.832859 0.809273 0.839692 0.805695
0.866840 0.815871 0.832201 0.808678 0.838985 0.807426
0.866286 0.815393 0.831923 0.808243 0.838250 0.804425
0.864044 0.815761 0.831704 0.808419 0.837657 0.803865
0.862839 0.815283 0.832305 0.809185 0.837869 0.807222
0.864295 0.816985 0.831944 0.808091 0.837511 0.811432
0.864295 0.816905 0.830231 0.808942 0.837653 0.809496
0.861878 0.818334 0.830404 0.811335 0.837923 0.810265
0.860016 0.817510 0.831461 0.809450 0.839086 0.809152
0.860724 0.817125 0.830639 0.810899 0.838940 0.809485
0.861930 0.816379 0.830374 0.809217 0.836768 0.810350
0.860564 0.817045 0.829102 0.813625 0.838023 0.808580
0.860238 0.816617 0.829204 0.809778 0.836628 0.809012
0.859916 0.816862 0.831023 0.808836 0.835653 0.810389
0.861930 0.817999 0.830647 0.811244 0.836291 0.807866
0.864834 0.816343 0.829620 0.807769 0.839712 0.807294
0.861771 0.818469 0.831865 0.810686 0.841730 0.803180
0.861932 0.815403 0.832848 0.810775 0.839957 0.806947
0.860851 0.814830 0.830735 0.808054 0.839692 0.810455
0.859915 0.819808 0.831286 0.816444 0.837246 0.805910
0.861451 0.817571 0.829641 0.816704 0.840282 0.804174
0.860089 0.815951 0.830011 0.812758 0.838935 0.809716
0.859649 0.814545 0.831212 0.815515 0.839883 0.804974
0.861654 0.822869 0.833218 0.823503 0.841655 0.803941
0.860423 0.814216 0.829728 0.810089 0.841424 0.804098
0.860445 0.813014 0.830006 0.807508 0.838129 0.799145
0.859633 0.815480 0.831654 0.807266 0.835152 0.806850
0.859156 0.814996 0.836455 0.806160 0.838348 0.816602
0.855629 0.807950 0.831321 0.801814 0.832178 0.819835
0.858173 0.809231 0.833933 0.803330 0.838447 0.813854
0.867366 0.815821 0.835577 0.816717 0.833274 0.805518
0.866186 0.809044 0.838625 0.809467 0.834405 0.808239
0.865323 0.809907 0.837887 0.806054 0.833762 0.810939
0.865798 0.812834 0.837787 0.807064 0.834013 0.814557
0.865256 0.815120 0.836280 0.809542 0.834002 0.814516
0.864642 0.811313 0.835662 0.808707 0.837439 0.810342
0.862653 0.808944 0.833927 0.808043 0.834159 0.809006
0.860670 0.811529 0.833927 0.805376 0.833010 0.810807
0.858646 0.807271 0.834322 0.807278 0.833705 0.813031
0.857102 0.811655 0.832426 0.808959 0.838060 0.821139
0.855940 0.814991 0.834821 0.809651 0.832622 0.823992
0.853402 0.815402 0.835263 0.810815 0.830418 0.826763
0.854028 0.816962 0.833904 0.816553 0.830998 0.825880
0.857757 0.819155 0.834116 0.819475 0.834695 0.827179
0.857430 0.820003 0.836427 0.822232 0.838677 0.829196
0.856487 0.819732 0.835616 0.820160 0.837547 0.828971
0.854398 0.817431 0.835485 0.819699 0.837226 0.826417
0.852419 0.818065 0.836804 0.819832 0.833861 0.825147
0.853486 0.817623 0.835969 0.817497 0.836343 0.824814
0.852337 0.816633 0.835715 0.818363 0.836298 0.820627
0.852771 0.814895 0.835042 0.815495 0.836214 0.821208
0.850469 0.815376 0.834811 0.815210 0.836785 0.822007
0.850591 0.817063 0.834834 0.812751 0.840057 0.821067
0.850975 0.818667 0.834370 0.814116 0.840440 0.822012
0.852136 0.818649 0.833217 0.814986 0.840855 0.819780
0.851189 0.815176 0.832960 0.812509 0.839856 0.820214
0.853356 0.810903 0.833310 0.808146 0.835197 0.818290
0.852659 0.810304 0.835577 0.806567 0.834848 0.816680
0.852374 0.810572 0.837883 0.804632 0.833790 0.821078
0.852083 0.809660 0.837294 0.803917 0.835629 0.820979
0.850969 0.810366 0.837712 0.802608 0.835700 0.823591
0.850822 0.810395 0.836414 0.802610 0.835855 0.821812
0.852471 0.810862 0.836369 0.801202 0.837075 0.819484
0.850176 0.810998 0.836599 0.801351 0.834978 0.820620
0.851085 0.810030 0.837203 0.802162 0.835713 0.821093
0.852011 0.809537 0.838107 0.802163 0.836196 0.820478
0.852094 0.808450 0.837294 0.802669 0.835144 0.822979
0.852690 0.810421 0.836843 0.802784 0.835312 0.821117
0.849074 0.810826 0.836414 0.801559 0.835000 0.819886
0.850954 0.810612 0.835579 0.804400 0.833765 0.822527
0.850837 0.810590 0.836511 0.807065 0.834908 0.822429
0.850671 0.810649 0.837174 0.808345 0.834860 0.819157
0.852575 0.810325 0.836869 0.807842 0.834488 0.817857
0.853318 0.809595 0.836995 0.808167 0.834031 0.817179
0.851625 0.809757 0.837909 0.808641 0.833357 0.817877
0.851913 0.810384 0.840178 0.808568 0.832068 0.820730
0.852763 0.810730 0.840721 0.809456 0.833153 0.820600
0.851447 0.810943 0.840656 0.810078 0.832575 0.820181
0.849102 0.811969 0.840261 0.811290 0.833898 0.820738
0.848603 0.813638 0.840936 0.813206 0.835618 0.818649
0.849996 0.814453 0.842908 0.816293 0.836928 0.820765
0.849001 0.815980 0.841930 0.816272 0.836400 0.821391
0.848236 0.816291 0.842717 0.817413 0.834645 0.821934
0.847773 0.816796 0.843393 0.820133 0.835449 0.822153
0.848459 0.818022 0.843625 0.822199 0.837357 0.822285
0.848646 0.818925 0.844966 0.823191 0.838696 0.823468
0.848119 0.819827 0.846662 0.823642 0.839048 0.823799
0.848367 0.821070 0.845513 0.825002 0.840276 0.823059
0.848698 0.821388 0.845656 0.826963 0.840829 0.821717
0.848864 0.821864 0.844570 0.826973 0.841645 0.821814
0.849526 0.822182 0.844787 0.827946 0.841615 0.821241
0.849256 0.821840 0.845237 0.827845 0.841698 0.819570
0.849256 0.822158 0.843862 0.827906 0.842656 0.820049
0.849195 0.822102 0.844224 0.827090 0.841992 0.820490
0.848968 0.821214 0.843571 0.826097 0.841043 0.819354
0.848467 0.821405 0.843302 0.826355 0.842384 0.819631
0.848633 0.821508 0.844019 0.826786 0.843146 0.819381
0.848903 0.820834 0.844187 0.827384 0.841675 0.819852
0.849256 0.820516 0.842730 0.826608 0.841886 0.820551
0.849482 0.821698 0.842665 0.825934 0.842286 0.820471
0.849608 0.820879 0.843028 0.826218 0.842890 0.818923
0.850068 0.820468 0.843649 0.826199 0.842837 0.818572
0.851881 0.820406 0.843455 0.825691 0.843002 0.818222
0.852149 0.820589 0.843290 0.825950 0.843493 0.817670
0.853053 0.820502 0.841437 0.824818 0.843311 0.817313
0.852785 0.819628 0.841561 0.824213 0.843636 0.817542
0.852621 0.819953 0.841822 0.823988 0.843448 0.817340
0.852745 0.819628 0.841576 0.824187 0.843531 0.817016
0.853444 0.819469 0.841736 0.824049 0.843365 0.816901
0.853280 0.819579 0.841510 0.824092 0.843237 0.817541
0.853198 0.820008 0.842388 0.823824 0.843282 0.818323
0.853057 0.819769 0.842134 0.823859 0.843508 0.818755
0.853402 0.820247 0.842069 0.824751 0.843508 0.818964
0.854018 0.821041 0.841830 0.825055 0.842928 0.818661
0.854591 0.820907 0.841706 0.825107 0.842928 0.818573
0.854877 0.821604 0.841365 0.825488 0.842838 0.817959
0.855326 0.821501 0.841307 0.824969 0.843147 0.818047
0.855408 0.821104 0.841249 0.825693 0.843170 0.818694
0.855816 0.821159 0.842287 0.826413 0.843230 0.817297
0.855489 0.821159 0.842482 0.826413 0.843163 0.817540
0.854670 0.821159 0.841750 0.826100 0.843600 0.818324
0.854217 0.820579 0.842366 0.825953 0.843373 0.818027
0.853889 0.821055 0.841967 0.828194 0.843306 0.818216
0.853150 0.820976 0.841786 0.828179 0.844406 0.817838
0.854668 0.821332 0.841619 0.827748 0.844610 0.818735
0.854750 0.822483 0.842744 0.829308 0.844753 0.818918
0.854914 0.822507 0.843063 0.829455 0.844836 0.820976
0.855118 0.822586 0.843012 0.829394 0.844467 0.823190
0.855118 0.821951 0.843881 0.830056 0.844174 0.822214
0.857245 0.822562 0.843688 0.830349 0.844001 0.821839
0.857898 0.823197 0.842882 0.830288 0.844084 0.821140
0.857898 0.823308 0.842955 0.830078 0.843692 0.820216
0.858469 0.822967 0.842780 0.829895 0.843488 0.819132
0.858714 0.823371 0.842983 0.830299 0.843027 0.818344
0.858795 0.823981 0.843279 0.830875 0.843088 0.819745
0.859530 0.823823 0.844316 0.832943 0.844158 0.819889
0.859693 0.824116 0.844518 0.831744 0.843909 0.821140
0.859693 0.824219 0.843735 0.831083 0.844521 0.821571
0.859693 0.824045 0.843004 0.832686 0.845597 0.820243
0.859530 0.824203 0.842584 0.832428 0.845906 0.820908
0.858102 0.824591 0.841931 0.833504 0.845934 0.821806
0.858797 0.824203 0.842229 0.833688 0.844957 0.821360
0.858470 0.824282 0.843237 0.833749 0.844626 0.821532
0.858389 0.825145 0.843909 0.833712 0.844715 0.821682
0.858880 0.824749 0.844255 0.833321 0.843781 0.822109
0.861811 0.824251 0.845121 0.832783 0.843609 0.822456
0.860510 0.824409 0.844940 0.833064 0.843297 0.822867
0.861323 0.824773 0.843569 0.832979 0.843985 0.824182
0.861303 0.824813 0.843767 0.833920 0.842650 0.824070
0.862851 0.824758 0.843310 0.833920 0.841553 0.826132
0.861872 0.823537 0.844668 0.833492 0.843367 0.825765
0.863656 0.823418 0.844653 0.832441 0.842929 0.826428
0.863921 0.823426 0.843813 0.832527 0.843239 0.824626
0.863717 0.825352 0.844828 0.831155 0.842974 0.825460
0.863967 0.826704 0.845092 0.833639 0.842574 0.824748
0.864333 0.826667 0.846997 0.832868 0.842944 0.824565
0.864333 0.825639 0.845926 0.830550 0.844378 0.825164
0.864090 0.822965 0.846175 0.829667 0.844068 0.827245
0.863036 0.825330 0.848034 0.829433 0.844024 0.827515
0.863117 0.826090 0.847813 0.831411 0.846154 0.827194
0.865223 0.827660 0.848030 0.829692 0.845994 0.827825
0.865080 0.827749 0.848426 0.831667 0.845537 0.826501
0.865000 0.826271 0.848664 0.831570 0.845597 0.826791
0.864264 0.826280 0.849253 0.831656 0.844234 0.828721
0.865142 0.826359 0.849470 0.831140 0.843631 0.827719
0.865142 0.826099 0.849625 0.831974 0.843156 0.827260
0.865142 0.825908 0.849683 0.832623 0.843450 0.826540
0.864568 0.825750 0.849187 0.833027 0.843095 0.825385
0.864996 0.826304 0.849011 0.831188 0.843080 0.824837
0.867094 0.826011 0.849430 0.831102 0.842695 0.825517
0.867516 0.827062 0.848795 0.830241 0.843947 0.824176
0.867597 0.827141 0.847563 0.831224 0.843539 0.823154
0.867075 0.828458 0.847647 0.831408 0.843456 0.822201
0.865459 0.828435 0.845000 0.830314 0.844215 0.822499
0.866548 0.828750 0.845915 0.828902 0.845351 0.821391
0.864930 0.828616 0.844938 0.830047 0.845207 0.819026
0.867446 0.829176 0.844825 0.830513 0.845917 0.819745
0.867199 0.828694 0.844887 0.832220 0.848095 0.822461
0.867683 0.828110 0.846580 0.833627 0.847545 0.824972
0.867933 0.829596 0.847659 0.834530 0.846869 0.825041
0.870145 0.829799 0.846095 0.836175 0.848290 0.825213
0.870243 0.832217 0.845204 0.838663 0.847849 0.825441
0.870483 0.831949 0.845528 0.838667 0.845763 0.824911
0.870101 0.832653 0.847441 0.838893 0.846544 0.825432
0.872020 0.834136 0.847626 0.839571 0.846335 0.824564
0.872542 0.834727 0.848915 0.839294 0.847259 0.822805
0.871504 0.834450 0.849976 0.838328 0.847172 0.823809
0.868399 0.833255 0.848981 0.837049 0.847094 0.824235
0.869282 0.833702 0.849394 0.836114 0.847622 0.822727
0.871007 0.834740 0.850100 0.837206 0.846880 0.826479
0.871664 0.834081 0.849579 0.839096 0.847913 0.825681
0.872027 0.833981 0.849472 0.840677 0.850189 0.828127
0.871148 0.834361 0.848941 0.839656 0.850132 0.826718
0.871087 0.834851 0.848656 0.839340 0.849440 0.828152
0.871486 0.834695 0.849032 0.840694 0.848433 0.825723
0.871167 0.834383 0.850389 0.839510 0.850439 0.827162
0.871628 0.834361 0.850782 0.840700 0.851361 0.828138
0.871359 0.834496 0.850958 0.840315 0.850988 0.828730
0.871398 0.834964 0.850400 0.839445 0.850393 0.829254
0.869238 0.835745 0.849383 0.838955 0.850393 0.827775
0.869893 0.835667 0.850093 0.839209 0.851762 0.827561
0.869250 0.835657 0.850348 0.839723 0.851823 0.826682
0.868756 0.835969 0.850820 0.839977 0.851905 0.827933
0.867710 0.835735 0.852362 0.839915 0.852499 0.828075
0.868445 0.835379 0.852658 0.841269 0.852499 0.828818
0.867839 0.834798 0.852619 0.841161 0.851987 0.829311
0.867919 0.835155 0.853409 0.840954 0.851228 0.829891
0.868161 0.835121 0.851137 0.839661 0.851598 0.830158
0.868260 0.834964 0.851354 0.838790 0.851780 0.828126
0.868341 0.835211 0.851037 0.839021 0.851738 0.829369
0.868341 0.835076 0.851037 0.838257 0.850979 0.829333
0.867194 0.835121 0.851061 0.838681 0.850693 0.829556
0.867355 0.835199 0.852069 0.839953 0.851267 0.829211
0.867677 0.834964 0.851926 0.840730 0.851146 0.828829
0.867839 0.834820 0.852130 0.841068 0.851289 0.828789
0.867758 0.834820 0.853190 0.840899 0.851328 0.828269
0.868000 0.835289 0.853504 0.840776 0.851204 0.829863
0.867839 0.835132 0.853071 0.839252 0.851902 0.830542
0.868061 0.835379 0.852678 0.840569 0.852003 0.831426
0.868384 0.835312 0.853937 0.838936 0.851410 0.831831
0.868625 0.835334 0.853504 0.838342 0.852251 0.831905
0.870232 0.835278 0.853919 0.839129 0.852658 0.831805
0.870313 0.835703 0.853919 0.839275 0.852206 0.832533
0.870892 0.835547 0.853309 0.840738 0.852539 0.831290
0.871435 0.835681 0.855061 0.840377 0.853905 0.834612
0.872155 0.836505 0.855472 0.841053 0.854659 0.834317
0.871766 0.836639 0.854472 0.840823 0.854009 0.833075
0.871686 0.837163 0.855100 0.842972 0.854376 0.834649
0.871933 0.838019 0.855237 0.842864 0.854333 0.833420
0.872565 0.838783 0.854254 0.843645 0.855761 0.833247
0.874859 0.838183 0.855607 0.843079 0.857407 0.830582
0.875097 0.838339 0.856926 0.842994 0.857123 0.831459
0.874956 0.837950 0.854962 0.843079 0.856615 0.833333
0.874646 0.838373 0.853861 0.844571 0.855394 0.835016
0.875442 0.838218 0.854646 0.844318 0.855658 0.835004
0.875035 0.838684 0.855118 0.844845 0.855516 0.834378
0.875336 0.839137 0.856003 0.844868 0.855272 0.832817
0.875336 0.839171 0.856730 0.845874 0.855291 0.834377
0.875353 0.839094 0.855747 0.846355 0.855210 0.835283
0.876289 0.839326 0.856436 0.846941 0.855149 0.835369
0.876447 0.838895 0.856691 0.845791 0.855516 0.835039
0.876765 0.838662 0.856986 0.846126 0.854986 0.834610
0.876685 0.838351 0.857045 0.846210 0.855353 0.833456
0.876765 0.837751 0.857143 0.847971 0.855048 0.833800
0.876685 0.837595 0.857674 0.848138 0.854578 0.833898
0.876685 0.837328 0.858283 0.848805 0.854781 0.833419
0.876844 0.837682 0.857968 0.848283 0.853396 0.835406
0.877636 0.837405 0.857969 0.849012 0.853820 0.835186
0.877557 0.838239 0.857497 0.848032 0.853330 0.835039
0.877319 0.839460 0.856023 0.849178 0.852679 0.836358
0.876685 0.838917 0.857733 0.848590 0.852836 0.837062
0.876623 0.839693 0.858086 0.848753 0.854250 0.838197
0.876782 0.839439 0.857851 0.848608 0.854802 0.839876
0.877653 0.839283 0.858637 0.848212 0.853185 0.838520
0.877495 0.839538 0.858382 0.847526 0.853349 0.838805
0.876544 0.839770 0.857457 0.845539 0.853598 0.841195
0.876465 0.839594 0.856691 0.847337 0.854800 0.841989
0.876544 0.839594 0.857615 0.846500 0.855454 0.842013
0.877416 0.839305 0.858795 0.845791 0.854680 0.838634
0.878286 0.839072 0.859149 0.845539 0.853904 0.837360
0.877099 0.838451 0.858676 0.845897 0.854678 0.840652
0.876271 0.839206 0.856535 0.845623 0.855800 0.841611
0.876685 0.839684 0.857929 0.845746 0.856023 0.839768
0.878658 0.840847 0.859030 0.845036 0.854043 0.838914
0.878517 0.841354 0.858833 0.845601 0.854268 0.838377
0.879149 0.841663 0.859656 0.845623 0.854553 0.838007
0.879307 0.841431 0.859342 0.846936 0.855391 0.840109
0.880411 0.841740 0.858655 0.846433 0.854250 0.840754
0.881120 0.841740 0.858460 0.845662 0.853552 0.838947
0.880805 0.840924 0.859009 0.846416 0.853613 0.837422
0.880962 0.840425 0.859049 0.846584 0.851709 0.838724
0.878121 0.840291 0.858420 0.846377 0.851627 0.839809
0.878121 0.839981 0.858321 0.846712 0.851073 0.839492
0.877715 0.840524 0.858459 0.846919 0.850637 0.839847
0.879375 0.841002 0.858913 0.847632 0.850387 0.839882
0.879701 0.841607 0.858638 0.848423 0.850208 0.840573
0.877866 0.840214 0.858145 0.848300 0.851213 0.840814
0.877629 0.839805 0.858832 0.847482 0.850881 0.839868
0.877691 0.839973 0.857831 0.847962 0.850537 0.840544
0.879448 0.840305 0.857536 0.848023 0.850637 0.840303
0.879053 0.840551 0.857812 0.848190 0.850491 0.838886
0.878974 0.841325 0.858264 0.847460 0.850143 0.840735
0.877780 0.839698 0.857575 0.847856 0.850917 0.843172
0.877463 0.838554 0.857615 0.846729 0.850301 0.843982
0.877550 0.839987 0.858363 0.847081 0.849710 0.841014
0.879605 0.841149 0.859503 0.848001 0.849892 0.839968
0.879527 0.841381 0.858362 0.847248 0.850677 0.839806
0.880124 0.840684 0.858597 0.846433 0.850637 0.841750
0.879842 0.840086 0.858007 0.846584 0.850881 0.842206
0.879572 0.839443 0.858008 0.846411 0.851613 0.841703
0.880203 0.839443 0.858853 0.845785 0.850703 0.839891
0.878341 0.839133 0.858853 0.846394 0.850280 0.840156
0.878895 0.839288 0.858283 0.846495 0.850255 0.840085
0.879126 0.838822 0.857733 0.845762 0.850233 0.840767
0.879284 0.839366 0.857733 0.846098 0.850151 0.841146
0.879284 0.839344 0.858284 0.846556 0.850266 0.839882
0.878651 0.839599 0.858541 0.846997 0.849002 0.839237
0.879679 0.839831 0.858205 0.847165 0.849382 0.839152
0.880625 0.839500 0.858087 0.847979 0.848799 0.840409
0.879448 0.839831 0.857831 0.847438 0.849173 0.840279
0.880552 0.839888 0.859424 0.847020 0.848546 0.839261
0.881306 0.839888 0.859504 0.846517 0.849748 0.840053
0.881385 0.839564 0.859070 0.847209 0.849813 0.839876
0.880439 0.839288 0.859364 0.845679 0.850036 0.840635
0.881148 0.839754 0.858951 0.845388 0.849813 0.842206
0.882245 0.838977 0.859070 0.845388 0.849282 0.841573
0.881931 0.839965 0.859543 0.847605 0.847944 0.840759
0.881019 0.840241 0.859109 0.846852 0.848494 0.840767
0.880389 0.839930 0.859050 0.846791 0.847926 0.840961
0.880749 0.839987 0.859051 0.845869 0.847821 0.840288
0.880434 0.840142 0.859149 0.846517 0.847467 0.840032
0.881222 0.840374 0.858874 0.846349 0.847411 0.839909
0.880276 0.840374 0.859326 0.846702 0.847323 0.839885
0.880039 0.840297 0.858558 0.847059 0.846597 0.840661
0.880118 0.840297 0.858598 0.846975 0.846392 0.840335
0.880085 0.840586 0.859030 0.846512 0.846154 0.841176
0.880592 0.840297 0.858872 0.846305 0.846847 0.840637
0.879961 0.839965 0.859717 0.846349 0.846614 0.841223
0.879487 0.839500 0.858519 0.845595 0.847191 0.841200
0.879408 0.838822 0.857635 0.845281 0.846470 0.841014
0.879340 0.840120 0.858759 0.847014 0.845632 0.842036
0.878544 0.840340 0.859619 0.846416 0.845915 0.841093
0.880597 0.840438 0.859777 0.846963 0.846653 0.840906
0.880986 0.840473 0.859994 0.847944 0.846193 0.841564
0.880518 0.840072 0.859403 0.847153 0.846170 0.842877
0.881537 0.839853 0.860740 0.848155 0.846592 0.841719
0.880833 0.840206 0.859836 0.847258 0.845654 0.840882
0.881024 0.839719 0.858835 0.845791 0.846553 0.840991
0.881926 0.839655 0.859407 0.847416 0.845776 0.843427
0.881065 0.839987 0.858284 0.845662 0.845582 0.844295
0.881172 0.839965 0.858659 0.848089 0.846032 0.841161
0.880947 0.839655 0.858698 0.847755 0.845217 0.840124
0.880733 0.839676 0.858324 0.846668 0.844550 0.841410
0.881442 0.839831 0.857674 0.847728 0.843292 0.842322
0.881291 0.840353 0.858029 0.847226 0.843924 0.842353
0.881557 0.840374 0.858561 0.847477 0.844531 0.842059
0.881569 0.840043 0.859112 0.848520 0.844737 0.842306
0.880197 0.839987 0.857969 0.846389 0.844416 0.842275
0.880164 0.839655 0.857773 0.847371 0.843574 0.840720
0.879374 0.839500 0.857891 0.846857 0.843177 0.841084
0.880023 0.839167 0.857143 0.846919 0.842379 0.841417
0.880023 0.839810 0.857517 0.844884 0.842623 0.842577
0.878583 0.838977 0.857517 0.845455 0.842410 0.842561
0.879068 0.840275 0.857596 0.845869 0.842463 0.838938
0.878400 0.839987 0.858029 0.846126 0.842379 0.837983
0.878259 0.841008 0.859148 0.846685 0.844075 0.837935
0.878775 0.839457 0.859439 0.845310 0.844335 0.840969
0.879130 0.839690 0.860008 0.844761 0.844046 0.840388
0.880582 0.839336 0.859639 0.844150 0.843004 0.840138
0.877704 0.837836 0.859835 0.842274 0.842509 0.841827
0.877649 0.837879 0.859717 0.841115 0.841976 0.842090
0.878503 0.838191 0.859559 0.841222 0.841846 0.840279
0.878142 0.838904 0.859225 0.841645 0.843330 0.840884
0.877783 0.838485 0.859795 0.843461 0.842972 0.840038
0.877587 0.838368 0.860165 0.843377 0.842433 0.840141
0.876672 0.838528 0.860305 0.842213 0.842836 0.843610
0.875725 0.838017 0.860008 0.841883 0.841305 0.845726
0.876984 0.837974 0.860305 0.840213 0.841342 0.843366
0.877700 0.839328 0.862282 0.840907 0.843782 0.843065
0.876530 0.838649 0.861849 0.840400 0.843126 0.841145
0.875230 0.837693 0.861747 0.841007 0.842189 0.842105
0.876335 0.837611 0.862334 0.839746 0.842402 0.839965
0.877431 0.838736 0.861963 0.838681 0.843187 0.839410
0.876221 0.839159 0.862648 0.839591 0.845298 0.841950
0.875398 0.841085 0.862192 0.839468 0.845060 0.842947
0.877759 0.839590 0.861809 0.839614 0.843607 0.839891
0.875786 0.840529 0.862385 0.838950 0.846563 0.843241
0.876942 0.839561 0.864120 0.839790 0.846900 0.836765
0.877064 0.840328 0.858406 0.840850 0.844368 0.845757
0.880130 0.838126 0.856945 0.837784 0.833174 0.829232
0.881775 0.839973 0.856767 0.840476 0.843653 0.835716
0.882261 0.839719 0.858011 0.842305 0.844671 0.840739
0.882265 0.838835 0.852612 0.843764 0.841481 0.830632
0.877091 0.820716 0.842846 0.836506 0.824675 0.805532
0.873073 0.823529 0.847256 0.837903 0.833004 0.827896
0.869416 0.827918 0.854154 0.832756 0.833528 0.836298
0.864931 0.823409 0.852778 0.828900 0.828928 0.831159
0.863290 0.813792 0.847638 0.823292 0.816198 0.813138
0.863727 0.821106 0.844550 0.814034 0.817629 0.822667
0.865535 0.819436 0.844903 0.811332 0.816049 0.821589
0.864412 0.817470 0.838005 0.817619 0.821294 0.804500
0.859289 0.816081 0.826137 0.811986 0.823276 0.783237
0.860830 0.818281 0.836181 0.815989 0.830272 0.810172
0.858438 0.814637 0.836950 0.812151 0.833051 0.811216
0.856936 0.808851 0.832222 0.804177 0.823538 0.791316
0.859821 0.818504 0.835166 0.816397 0.827958 0.796269
0.857617 0.820443 0.833957 0.819162 0.827764 0.794350
0.856543 0.818598 0.829716 0.817820 0.832757 0.787117
0.854012 0.815125 0.832420 0.812741 0.833579 0.797813
0.856047 0.817260 0.842669 0.816605 0.837305 0.810827
0.857556 0.818120 0.843037 0.822448 0.840003 0.813729
0.860712 0.817890 0.841683 0.821727 0.832389 0.808790
0.861745 0.822130 0.838109 0.821543 0.833908 0.797917
0.862106 0.821955 0.837750 0.819650 0.834625 0.797486
0.859963 0.817674 0.841277 0.817664 0.836992 0.803029
0.856565 0.812067 0.843754 0.814447 0.830077 0.811081
0.854285 0.811948 0.841078 0.814452 0.831396 0.818064
0.854327 0.816880 0.840845 0.816121 0.833187 0.814539
0.857923 0.817159 0.838574 0.816838 0.831679 0.802588
0.857842 0.819407 0.839617 0.819645 0.834822 0.801049
0.857801 0.822340 0.841780 0.823073 0.834394 0.805709
0.856937 0.820991 0.844784 0.821295 0.837019 0.808223
0.856730 0.818950 0.844946 0.820505 0.832806 0.810566
0.858478 0.821443 0.845017 0.822836 0.834934 0.809993
0.860368 0.822891 0.841677 0.824529 0.831347 0.809243
0.859855 0.823912 0.839994 0.825546 0.830219 0.803937
0.861269 0.820530 0.845276 0.822519 0.832622 0.807316
0.861273 0.819581 0.845475 0.822536 0.836449 0.810365
0.860127 0.821640 0.847064 0.822033 0.836430 0.805966
0.861437 0.822930 0.848311 0.824012 0.837288 0.806939
0.863604 0.823442 0.845544 0.825799 0.835117 0.806910
0.864462 0.825771 0.849679 0.825397 0.834240 0.807430
0.866404 0.826782 0.851865 0.826534 0.837059 0.809925
0.865610 0.827166 0.851506 0.827581 0.838724 0.812108
0.866915 0.826688 0.852038 0.828361 0.839159 0.813756
0.868287 0.827021 0.850803 0.827468 0.840094 0.810637
0.867800 0.828374 0.850063 0.827361 0.841444 0.811146
0.869098 0.827899 0.850987 0.827396 0.841928 0.810024
0.870740 0.827763 0.852786 0.826673 0.843672 0.811554
0.869851 0.828342 0.855057 0.827991 0.844192 0.811908
0.869851 0.829084 0.855931 0.827786 0.844256 0.813684
0.871465 0.829008 0.856726 0.829047 0.844787 0.816230
0.870919 0.829654 0.856488 0.831071 0.843657 0.816224
0.871967 0.830782 0.855992 0.830253 0.846059 0.815012
0.870901 0.830848 0.856548 0.832147 0.846713 0.815783
0.871524 0.830339 0.856905 0.832394 0.846630 0.815593
0.872432 0.831659 0.857044 0.833580 0.847586 0.817333
0.873135 0.831602 0.856885 0.833913 0.846911 0.818822
0.872994 0.831929 0.857123 0.834024 0.847783 0.820086
0.873717 0.832333 0.856667 0.833654 0.847608 0.822179
0.872600 0.832231 0.856190 0.832456 0.845851 0.818499
0.872994 0.833300 0.857381 0.834736 0.847119 0.822066
0.870956 0.831307 0.858015 0.832046 0.843537 0.816516
0.870417 0.833457 0.858430 0.834195 0.846561 0.821469
0.870486 0.831815 0.858411 0.834407 0.846819 0.817913
0.869117 0.830541 0.857401 0.833370 0.846411 0.820928
0.868138 0.831288 0.859397 0.834404 0.846550 0.827948
0.869845 0.830030 0.857222 0.832046 0.843037 0.821258
0.869858 0.832109 0.857895 0.833863 0.844819 0.823565
0.868762 0.830958 0.855474 0.833827 0.847290 0.820129
0.867221 0.830222 0.855613 0.831128 0.845828 0.817982
0.867657 0.831489 0.857222 0.834576 0.847576 0.824528
0.868025 0.829473 0.855533 0.830831 0.844493 0.816736
0.868357 0.830326 0.856111 0.831828 0.842688 0.819558
0.870864 0.830686 0.855952 0.829847 0.843898 0.819111
0.869571 0.829708 0.853597 0.827602 0.841959 0.817961
0.869596 0.832546 0.856548 0.831373 0.844493 0.824220
0.869926 0.830449 0.855832 0.831777 0.842290 0.819608
0.867900 0.830393 0.855195 0.831059 0.842637 0.819242
0.868306 0.830497 0.855256 0.831471 0.842236 0.819506
0.868306 0.830990 0.854577 0.832234 0.844801 0.816844
0.868955 0.832186 0.856091 0.834651 0.846759 0.819192
0.870007 0.831905 0.856151 0.834380 0.845072 0.819268
0.869198 0.830480 0.854438 0.830687 0.842352 0.814132
0.870735 0.830867 0.854978 0.831742 0.841753 0.817486
0.869117 0.830344 0.853599 0.828750 0.842174 0.813237
0.868861 0.832061 0.855473 0.827843 0.843203 0.814624
0.867130 0.833648 0.856567 0.829898 0.843087 0.819341
0.870288 0.832657 0.855234 0.827874 0.839528 0.811108
0.869808 0.835724 0.856329 0.830136 0.841385 0.816240
0.871086 0.835143 0.854596 0.829446 0.843449 0.812529
0.869515 0.832703 0.855116 0.829569 0.842159 0.816379
0.868626 0.832917 0.856330 0.829590 0.842819 0.818635
0.870972 0.829992 0.855871 0.827602 0.838165 0.815793
0.871131 0.832906 0.855931 0.828769 0.841553 0.819865
0.870007 0.830717 0.855771 0.828786 0.843319 0.817555
0.869285 0.831090 0.856050 0.829605 0.843366 0.816599
0.869373 0.834882 0.857202 0.830035 0.842672 0.819306
0.871703 0.833288 0.855015 0.828648 0.839347 0.814939
0.872312 0.834469 0.855732 0.828724 0.841115 0.819357
0.869123 0.833660 0.854854 0.828652 0.841890 0.819863
0.869030 0.832635 0.855393 0.829866 0.840796 0.814590
0.870491 0.834378 0.856152 0.831891 0.842197 0.821034
0.871259 0.834941 0.854916 0.829569 0.837881 0.812106
0.870417 0.834806 0.855673 0.831071 0.840946 0.818072
0.869603 0.833480 0.854937 0.830637 0.843342 0.819506
0.869204 0.833514 0.856290 0.830623 0.841004 0.814966
0.868508 0.835598 0.855737 0.831953 0.840894 0.819332
0.873276 0.833659 0.855931 0.830276 0.837032 0.809951
0.871905 0.835602 0.857638 0.832223 0.841346 0.820891
0.873073 0.832905 0.856885 0.830385 0.844396 0.817240
0.872670 0.834110 0.858550 0.832580 0.844779 0.817578
0.872585 0.834759 0.858708 0.831198 0.840992 0.819290
0.873759 0.834030 0.858471 0.831417 0.838776 0.817474
0.872424 0.834120 0.858014 0.832963 0.843791 0.818703
0.874199 0.834751 0.858154 0.831738 0.844992 0.819025
0.874270 0.834940 0.858173 0.832420 0.844451 0.819875
0.874679 0.835769 0.857916 0.832456 0.843365 0.816444
0.874751 0.836417 0.857618 0.832568 0.843127 0.820107
0.874537 0.835747 0.856865 0.831219 0.844921 0.820517
0.874474 0.833929 0.855750 0.829616 0.843750 0.820606
0.873663 0.835489 0.855414 0.829569 0.842966 0.822274
0.873911 0.835054 0.853378 0.828151 0.838473 0.819823
0.874074 0.835186 0.857836 0.828896 0.842450 0.821965
0.874562 0.832487 0.855670 0.822022 0.837319 0.810337
0.875142 0.836593 0.855460 0.830055 0.840807 0.824882
0.873355 0.832082 0.855027 0.828638 0.842897 0.825465
0.859319 0.821409 0.834172 0.818918 0.808948 0.765716
0.873087 0.828005 0.847976 0.823911 0.838171 0.843421
0.872779 0.825326 0.852347 0.824629 0.834482 0.845352
0.875054 0.826969 0.849071 0.831401 0.828846 0.853939
0.833879 0.713774 0.780691 0.769991 0.651615 0.713527
0.852939 0.826779 0.826585 0.823206 0.822367 0.821907
0.847040 0.822197 0.820407 0.815312 0.815803 0.815336
0.846810 0.818763 0.803879 0.813769 0.810696 0.777734
0.844288 0.807920 0.709273 0.809941 0.791832 0.625601
0.782339 0.762962 0.575773 0.777502 0.742499 0.423157
0.818763 0.790186 0.680841 0.783543 0.773740 0.545823
0.830466 0.804400 0.768367 0.791378 0.780747 0.695292
0.839692 0.814150 0.785977 0.779632 0.759294 0.723038
0.837213 0.804952 0.771185 0.760120 0.734772 0.699235
0.821164 0.777589 0.711398 0.732326 0.696768 0.636643
0.821634 0.762450 0.694478 0.715638 0.672637 0.607446
0.839158 0.780275 0.733000 0.740137 0.696180 0.656862
0.852369 0.805978 0.769700 0.765257 0.740595 0.706773
0.852717 0.802462 0.765659 0.765705 0.741788 0.694358
0.844386 0.795461 0.738466 0.763139 0.729936 0.670353
0.840533 0.779879 0.725602 0.754289 0.716238 0.652476
0.837903 0.772104 0.716703 0.750375 0.713494 0.643594
0.834699 0.771341 0.723693 0.755507 0.718224 0.660588
0.837480 0.772588 0.735368 0.763648 0.720109 0.676115
0.836629 0.776676 0.741220 0.761277 0.718670 0.690789
0.838819 0.773212 0.751947 0.759336 0.722552 0.702925
0.839179 0.775840 0.766002 0.763830 0.731261 0.715244
0.842437 0.778800 0.770455 0.767151 0.737715 0.720487
0.836578 0.776486 0.769872 0.764144 0.736509 0.719451
0.831134 0.774588 0.764803 0.759858 0.731859 0.713532
0.826042 0.771040 0.760790 0.755685 0.735700 0.710630
0.825222 0.773529 0.766818 0.751385 0.746790 0.713715
0.825606 0.777746 0.769151 0.753525 0.746850 0.715450
0.829754 0.780919 0.772916 0.760764 0.747320 0.701920
0.831091 0.780864 0.770257 0.763230 0.748317 0.699991
0.831287 0.781860 0.772690 0.760742 0.743275 0.699700
0.832538 0.786010 0.773406 0.763345 0.744310 0.697467
0.832099 0.784187 0.766439 0.760187 0.746304 0.692632
0.832734 0.784730 0.770977 0.760864 0.745648 0.689262
0.832233 0.785498 0.773998 0.763622 0.743719 0.691976
0.832674 0.786356 0.781330 0.768791 0.749258 0.707456
0.832284 0.789562 0.790935 0.772573 0.748812 0.722082
0.832808 0.793079 0.802253 0.774015 0.753358 0.735747
0.833419 0.794085 0.807139 0.773865 0.752824 0.744236
0.835052 0.793159 0.811388 0.774905 0.752728 0.748621
0.838319 0.792400 0.812581 0.775015 0.753646 0.755726
0.840350 0.796687 0.813909 0.776073 0.757230 0.758491
0.840949 0.798805 0.811183 0.777487 0.762669 0.757781
0.840635 0.798082 0.808101 0.779167 0.761141 0.751456
0.840957 0.796437 0.807380 0.779022 0.759994 0.746871
0.840704 0.796801 0.806238 0.778921 0.759441 0.740422
0.840835 0.796832 0.807181 0.778606 0.762110 0.744247
0.840247 0.797416 0.809510 0.778110 0.760920 0.748768
0.840851 0.797363 0.809006 0.777249 0.763743 0.755382
0.840683 0.797027 0.812121 0.775033 0.763136 0.757104
0.839840 0.794738 0.812398 0.771120 0.758578 0.756700
0.839310 0.794515 0.808778 0.767516 0.757677 0.753798
0.837233 0.793591 0.805825 0.768755 0.757426 0.746735
0.836809 0.795130 0.806882 0.769706 0.760965 0.744898
0.836130 0.793898 0.806713 0.767431 0.760059 0.740441
0.835618 0.792521 0.805631 0.764998 0.755297 0.737766
0.835534 0.792184 0.805546 0.764601 0.754389 0.737661
0.835449 0.791818 0.805288 0.764083 0.753576 0.737557
0.835510 0.791818 0.805029 0.763854 0.753382 0.738706
0.835910 0.791847 0.804885 0.763662 0.754274 0.739228
0.835825 0.791902 0.805314 0.763854 0.754623 0.740998
0.835522 0.791734 0.807541 0.763758 0.754817 0.742037
0.835474 0.791792 0.807913 0.763662 0.754817 0.743634
0.835838 0.791623 0.808197 0.764468 0.754817 0.744358
0.835838 0.791568 0.808623 0.764756 0.754875 0.745101
0.835838 0.791652 0.808767 0.764637 0.755165 0.745969
0.835923 0.791483 0.808623 0.764697 0.754896 0.745392
0.835716 0.790837 0.809732 0.764482 0.754875 0.746156
0.835716 0.791006 0.809732 0.764001 0.754526 0.746629
0.835841 0.792018 0.809987 0.764267 0.754274 0.746938
0.835779 0.792300 0.810328 0.764267 0.754661 0.746671
0.835841 0.792750 0.809987 0.763882 0.754758 0.747906
0.835500 0.792918 0.810668 0.764207 0.754699 0.747392
0.835330 0.792413 0.811286 0.764303 0.755086 0.746465
0.835904 0.792750 0.811201 0.764496 0.755411 0.746465
0.835989 0.792863 0.811116 0.764436 0.756589 0.746629
0.836244 0.792105 0.811031 0.764916 0.755683 0.745908
0.836244 0.791600 0.810861 0.764688 0.756493 0.745392
0.836244 0.791600 0.810861 0.764592 0.756493 0.745392
0.836244 0.792021 0.810606 0.764592 0.756782 0.745598
0.836050 0.792021 0.810525 0.764688 0.757038 0.745805
0.835880 0.792608 0.809991 0.764688 0.757193 0.745805
0.835965 0.792918 0.809565 0.766209 0.756383 0.746011
0.835624 0.793171 0.809394 0.766209 0.756207 0.745805
0.835624 0.792384 0.809735 0.766209 0.756207 0.745660
0.835624 0.792216 0.809595 0.766113 0.755976 0.745701
0.835284 0.791370 0.809425 0.765729 0.755383 0.746114
0.835539 0.791539 0.809510 0.765729 0.755404 0.746732
0.835539 0.791960 0.809595 0.765729 0.755500 0.747247
0.835369 0.792213 0.809766 0.765633 0.756118 0.747556
0.835476 0.792045 0.809936 0.765346 0.757909 0.748070
0.835646 0.791960 0.810165 0.765538 0.758257 0.748892
0.835306 0.791370 0.810165 0.766113 0.757545 0.749508
0.835306 0.791989 0.810250 0.766040 0.757352 0.750061
0.835306 0.792184 0.809681 0.766004 0.756967 0.750164
0.835306 0.791847 0.809595 0.765693 0.756811 0.750328
0.835646 0.791792 0.809595 0.765693 0.756996 0.751371
0.835732 0.791792 0.810590 0.765789 0.756996 0.751576
0.835732 0.791370 0.810505 0.765825 0.756610 0.751391
0.835476 0.791454 0.810505 0.766400 0.756803 0.750839
0.835755 0.791370 0.809254 0.766592 0.758197 0.751064
0.835330 0.791425 0.809340 0.766974 0.758101 0.750553
0.835330 0.791510 0.809425 0.767357 0.758974 0.750757
0.835755 0.791256 0.809681 0.767070 0.758396 0.750859
0.835755 0.790919 0.809681 0.767130 0.759509 0.751370
0.835841 0.790610 0.810362 0.766938 0.759028 0.751166
0.835902 0.790412 0.810362 0.766843 0.758797 0.751105
0.835817 0.789904 0.810617 0.766460 0.758894 0.751819
0.835817 0.790581 0.810277 0.766519 0.759857 0.752737
0.835854 0.790636 0.810362 0.765716 0.760568 0.752737
0.835830 0.790382 0.811696 0.765547 0.760012 0.752737
0.835830 0.790467 0.812830 0.765871 0.759665 0.752187
0.836170 0.790382 0.812455 0.765680 0.758567 0.752085
0.836085 0.789706 0.812491 0.765739 0.758664 0.752187
0.836085 0.789536 0.812513 0.766374 0.758492 0.752147
0.836595 0.789452 0.812857 0.765319 0.758396 0.752351
0.836849 0.789621 0.812942 0.765319 0.759456 0.752289
0.836995 0.789764 0.812857 0.765415 0.759397 0.753185
0.837589 0.789426 0.812857 0.765090 0.759205 0.755117
0.838569 0.789172 0.812348 0.765954 0.758337 0.755990
0.837891 0.789595 0.812937 0.766123 0.757929 0.756902
0.837976 0.789087 0.812598 0.766602 0.757472 0.757307
0.837891 0.789764 0.812884 0.766985 0.758594 0.757812
0.839076 0.789764 0.812969 0.766985 0.757924 0.758217
0.839161 0.789849 0.812884 0.766698 0.757924 0.758722
0.839330 0.789595 0.813593 0.766301 0.757924 0.759024
0.839161 0.789510 0.812406 0.766206 0.757559 0.759226
0.839307 0.789426 0.812379 0.766014 0.757269 0.759327
0.839414 0.789510 0.812357 0.766206 0.757269 0.759691
0.839921 0.789764 0.812245 0.765534 0.756980 0.759691
0.840175 0.790610 0.812558 0.765136 0.756980 0.759590
0.840343 0.789764 0.812558 0.765809 0.756496 0.759490
0.840175 0.790187 0.813576 0.765809 0.756496 0.759925
0.839921 0.790187 0.812643 0.764271 0.756206 0.760931
0.840090 0.790187 0.812701 0.765809 0.756206 0.760429
0.840175 0.790187 0.813135 0.766000 0.756303 0.760227
0.840259 0.790779 0.813305 0.766000 0.755760 0.760529
0.840888 0.791960 0.813448 0.766288 0.756340 0.760328
0.840597 0.792297 0.813702 0.766192 0.756416 0.760328
0.840597 0.792129 0.813787 0.766133 0.755798 0.760227
0.840512 0.792129 0.814381 0.767798 0.755701 0.760227
0.840512 0.792129 0.815085 0.767893 0.755894 0.761132
0.840719 0.792129 0.815085 0.767989 0.755894 0.760227
0.840719 0.792213 0.815032 0.767989 0.756088 0.759522
0.840888 0.792045 0.815201 0.768025 0.756475 0.759422
0.840888 0.791539 0.815201 0.767355 0.756509 0.758817
0.840850 0.791539 0.815201 0.768025 0.756606 0.758615
0.840681 0.791623 0.815286 0.768061 0.757081 0.758716
0.840681 0.792382 0.814778 0.768312 0.757177 0.758918
0.840681 0.792719 0.814778 0.767870 0.757274 0.759321
0.840972 0.792045 0.814778 0.767487 0.757274 0.758615
0.840611 0.792045 0.814100 0.767487 0.757467 0.758615
0.840696 0.791876 0.814439 0.767678 0.757564 0.758312
0.840757 0.793224 0.814608 0.767583 0.757618 0.758413
0.840757 0.793337 0.815540 0.767857 0.757811 0.757908
0.840757 0.793505 0.815793 0.767821 0.757715 0.759422
0.841010 0.793168 0.815851 0.767821 0.757811 0.759019
0.841010 0.793168 0.815005 0.767821 0.757811 0.759321
0.840926 0.793000 0.815005 0.767630 0.758197 0.759321
0.840926 0.791792 0.815090 0.768012 0.758449 0.758918
0.841431 0.791792 0.815090 0.768012 0.758642 0.759019
0.841431 0.791454 0.815429 0.768586 0.758642 0.759360
0.841431 0.791454 0.815429 0.768431 0.758680 0.759964
0.841455 0.791707 0.815513 0.768526 0.759161 0.759662
0.841478 0.791960 0.816021 0.768718 0.759161 0.759662
0.841478 0.792045 0.816105 0.768718 0.759354 0.759601
0.841271 0.792155 0.816190 0.769195 0.759932 0.759276
0.841271 0.792240 0.816190 0.769195 0.760952 0.759981
0.841271 0.792013 0.815861 0.769290 0.760258 0.760143
0.841585 0.792013 0.816114 0.769577 0.760871 0.760143
0.841669 0.792182 0.816114 0.769863 0.760871 0.759640
0.841922 0.792266 0.816114 0.769958 0.760967 0.759438
0.843099 0.792350 0.816367 0.770089 0.760391 0.760344
0.843099 0.792350 0.816620 0.770470 0.760428 0.760545
0.842976 0.792350 0.816705 0.770411 0.762214 0.760042
0.843060 0.792350 0.816789 0.770601 0.762251 0.760081
0.843144 0.792350 0.816705 0.770351 0.762251 0.760483
0.843144 0.792434 0.816737 0.769934 0.762251 0.760483
0.843228 0.792827 0.817074 0.769553 0.762310 0.760522
0.843144 0.792068 0.817638 0.770029 0.763076 0.761426
0.842976 0.792490 0.817469 0.770029 0.763172 0.761627
0.843144 0.792321 0.817890 0.770029 0.763268 0.761928
0.843732 0.792237 0.818143 0.770029 0.763555 0.762167
0.843816 0.792237 0.817321 0.770315 0.762502 0.762167
0.843312 0.792237 0.817321 0.770506 0.762502 0.762352
0.843816 0.792237 0.816309 0.770506 0.762310 0.762791
0.843900 0.791731 0.817716 0.770517 0.762119 0.762892
0.844380 0.791731 0.817210 0.770517 0.762119 0.762892
0.844380 0.791562 0.818117 0.770517 0.762119 0.762853
0.844251 0.791731 0.817528 0.770517 0.762119 0.762768
0.844251 0.791731 0.815671 0.770422 0.762119 0.762768
0.844251 0.792068 0.815587 0.770612 0.762214 0.762506
0.844083 0.792068 0.816094 0.770708 0.762406 0.762406
0.844083 0.792237 0.816262 0.770708 0.762693 0.762506
0.844083 0.791899 0.816009 0.770708 0.762598 0.762367
0.844083 0.791899 0.815756 0.770327 0.762598 0.762367
0.844083 0.792068 0.815872 0.770422 0.764224 0.762468
0.844335 0.792152 0.815021 0.770708 0.764224 0.762468
0.844335 0.792237 0.815106 0.771088 0.763231 0.762668
0.844754 0.791731 0.815196 0.770779 0.763327 0.762668
0.844419 0.791731 0.815930 0.770719 0.763268 0.762668
0.844502 0.791815 0.816099 0.771099 0.763327 0.762668
0.844502 0.792068 0.815613 0.771099 0.762848 0.762683
0.844502 0.791899 0.816030 0.770564 0.762966 0.762483
0.844502 0.792574 0.815945 0.770504 0.762259 0.763083
0.844586 0.792405 0.816041 0.770695 0.762355 0.763207
0.844586 0.792405 0.816041 0.770695 0.762451 0.763707
0.844921 0.792152 0.815945 0.771135 0.762259 0.763707
0.844335 0.792237 0.816041 0.771241 0.762163 0.763869
0.844921 0.792152 0.816210 0.771466 0.762163 0.763507
0.844274 0.792321 0.816359 0.771276 0.762163 0.763607
0.844860 0.792126 0.816924 0.771561 0.762259 0.763607
0.844860 0.791958 0.816924 0.773043 0.763982 0.763607
0.844274 0.792126 0.817008 0.773043 0.764078 0.763307
0.844274 0.792632 0.815910 0.772759 0.763217 0.763407
0.844190 0.792716 0.817177 0.773043 0.763180 0.764506
0.844190 0.792690 0.816163 0.772948 0.762318 0.764430
0.844251 0.792606 0.816248 0.772854 0.762746 0.764130
0.843854 0.792521 0.816501 0.773043 0.762746 0.762930
0.843770 0.792634 0.815402 0.773043 0.762554 0.763030
0.844274 0.792776 0.815402 0.773232 0.761691 0.763130
0.844274 0.792776 0.815402 0.773197 0.761595 0.763130
0.844525 0.792608 0.815487 0.773138 0.761883 0.762529
0.844357 0.792637 0.815318 0.773138 0.761978 0.762730
0.843938 0.792974 0.815487 0.772794 0.761868 0.763030
0.844335 0.792974 0.815656 0.772889 0.762059 0.763030
0.844022 0.792890 0.815318 0.772889 0.762096 0.763492
0.844022 0.792890 0.814810 0.771941 0.762096 0.762992
0.844190 0.792974 0.814555 0.771941 0.761603 0.761990
0.844106 0.793058 0.814386 0.772510 0.762574 0.762290
0.844274 0.792918 0.814555 0.772415 0.762383 0.762290
0.844274 0.792918 0.814614 0.772475 0.762287 0.761889
0.844441 0.792918 0.813935 0.772380 0.762604 0.761689
0.844022 0.793255 0.813993 0.772190 0.764288 0.763192
0.844403 0.793255 0.814052 0.771621 0.764002 0.763254
0.844905 0.793365 0.814052 0.771621 0.764002 0.762953
0.844821 0.793421 0.813627 0.771241 0.764002 0.763816
0.844905 0.793337 0.813596 0.771241 0.764002 0.763778
0.845491 0.793673 0.814444 0.771360 0.764387 0.762862
0.845323 0.794093 0.813426 0.771360 0.764196 0.762823
0.845323 0.794148 0.814444 0.771455 0.764542 0.762823
0.845240 0.794148 0.814762 0.771515 0.764601 0.763324
0.844235 0.794988 0.813914 0.771420 0.763951 0.763863
0.844235 0.794822 0.813998 0.771325 0.763951 0.764163
0.844235 0.793898 0.813377 0.771838 0.764142 0.764363
0.843396 0.794234 0.813516 0.771838 0.763760 0.764363
0.843541 0.793927 0.814195 0.771838 0.764751 0.764063
0.843541 0.794011 0.814364 0.772917 0.764274 0.763863
0.843541 0.794011 0.814364 0.773391 0.764274 0.763863
0.844129 0.794011 0.813914 0.773486 0.763988 0.763863
0.844045 0.793255 0.813775 0.773201 0.763915 0.762962
0.843961 0.793087 0.813945 0.773107 0.764069 0.763062
0.844296 0.793058 0.814030 0.773201 0.763493 0.763062
0.844296 0.793310 0.814682 0.773201 0.763970 0.763362
0.844380 0.793310 0.814767 0.773107 0.763780 0.763362
0.844464 0.793310 0.814003 0.774338 0.763302 0.762962
0.844715 0.792916 0.813945 0.774338 0.763017 0.762460
0.844966 0.792916 0.814030 0.774622 0.763746 0.763963
0.844921 0.792579 0.811733 0.774622 0.763842 0.764263
0.844921 0.792579 0.812074 0.774776 0.763842 0.764563
0.845173 0.792074 0.812074 0.776099 0.764128 0.764863
0.845173 0.792074 0.811904 0.776099 0.764174 0.766659
0.845173 0.792158 0.811051 0.777795 0.764210 0.766858
0.845173 0.792213 0.811989 0.776947 0.764041 0.766858
0.846165 0.792213 0.812047 0.776159 0.765379 0.766858
0.845998 0.791792 0.811823 0.776287 0.765188 0.765462
0.845914 0.792297 0.811908 0.775532 0.765734 0.764987
0.846081 0.792634 0.812330 0.775523 0.765615 0.765224
0.845959 0.793812 0.811989 0.775746 0.765556 0.765324
0.845897 0.793757 0.812159 0.775428 0.765592 0.765324
0.845730 0.793337 0.812245 0.775765 0.764924 0.766807
0.845273 0.793589 0.812097 0.775859 0.764829 0.767006
0.845021 0.793925 0.812352 0.776142 0.765402 0.767280
0.844770 0.793954 0.812666 0.775516 0.765879 0.767280
0.844938 0.793954 0.812612 0.775611 0.766450 0.766882
0.845942 0.793982 0.813574 0.775894 0.766510 0.766583
0.845858 0.794066 0.811447 0.775765 0.766128 0.766882
0.845858 0.794402 0.811447 0.775859 0.766224 0.766484
0.845942 0.794402 0.812213 0.775928 0.766237 0.766721
0.845942 0.794150 0.811787 0.776023 0.766141 0.768449
0.845942 0.794318 0.811900 0.776211 0.766141 0.768648
0.845942 0.794570 0.813659 0.776494 0.766237 0.768747
0.845819 0.794906 0.813829 0.776400 0.766141 0.768250
0.845819 0.795409 0.813945 0.776777 0.766141 0.767853
0.845858 0.795298 0.815217 0.776152 0.766141 0.766683
0.845858 0.795382 0.815021 0.776759 0.765951 0.766346
0.845607 0.795214 0.815270 0.776570 0.765320 0.765472
0.845105 0.795382 0.816011 0.776665 0.765224 0.765748
0.845356 0.795298 0.815927 0.776947 0.765510 0.765748
0.845418 0.795298 0.816064 0.777204 0.767225 0.765947
0.845418 0.797139 0.816571 0.777487 0.766999 0.766446
0.845418 0.797139 0.816825 0.777632 0.767379 0.766446
0.845418 0.797473 0.818091 0.778393 0.768044 0.766184
0.845836 0.797055 0.817501 0.778299 0.767510 0.766384
0.845836 0.796888 0.817442 0.778239 0.767510 0.765286
0.845836 0.797222 0.817780 0.778614 0.767225 0.764887
0.845836 0.796637 0.817780 0.779372 0.767605 0.765110
0.846505 0.795968 0.817273 0.779791 0.767415 0.764811
0.846505 0.795968 0.817358 0.779510 0.767415 0.764811
0.846505 0.795968 0.817838 0.779510 0.767189 0.764134
0.846444 0.795968 0.817000 0.779510 0.766486 0.763934
0.846360 0.795549 0.815932 0.779697 0.766486 0.763132
0.846444 0.795549 0.816102 0.779604 0.766772 0.763672
0.846382 0.795549 0.815678 0.779963 0.766319 0.763271
0.846048 0.795717 0.815424 0.779869 0.766224 0.762870
0.846299 0.795884 0.815170 0.779622 0.766283 0.762167
0.846299 0.795549 0.815451 0.779716 0.765879 0.761967
0.845987 0.795466 0.815281 0.779671 0.765915 0.761766
0.845925 0.796135 0.815451 0.779645 0.766963 0.762067
0.845301 0.796052 0.814624 0.780207 0.766677 0.762368
0.845301 0.795941 0.814852 0.780581 0.766772 0.762770
0.845050 0.795857 0.814852 0.780207 0.766582 0.762770
0.844142 0.796025 0.815276 0.780394 0.766867 0.762669
0.844142 0.796359 0.815360 0.780675 0.766867 0.762067
0.843531 0.796610 0.815191 0.780581 0.766677 0.762291
0.843531 0.796694 0.815276 0.780615 0.767937 0.762592
0.843531 0.796108 0.815276 0.780581 0.767842 0.762492
0.843531 0.796108 0.815360 0.780581 0.768032 0.762391
0.843531 0.795467 0.815360 0.780207 0.767652 0.761889
0.843531 0.795048 0.816207 0.779833 0.767652 0.761387
0.844454 0.795216 0.816122 0.779739 0.767271 0.760984
0.844705 0.795383 0.814937 0.779552 0.767462 0.761186
0.845256 0.795383 0.814767 0.779612 0.768127 0.761286
0.845089 0.795802 0.814884 0.779645 0.768032 0.762191
0.845630 0.795244 0.814794 0.779552 0.766664 0.762391
0.845797 0.794825 0.814794 0.779552 0.766474 0.762592
0.845858 0.793651 0.814629 0.779552 0.767140 0.762291
0.845858 0.793735 0.814460 0.779364 0.767045 0.762090
0.845524 0.793819 0.814433 0.779364 0.766950 0.762090
0.845524 0.794406 0.814518 0.779458 0.766950 0.762113
0.845524 0.794993 0.814688 0.779586 0.766759 0.762415
0.846132 0.794322 0.815281 0.779586 0.768104 0.762616
0.846132 0.794742 0.815366 0.779739 0.767725 0.762917
0.846132 0.794825 0.815567 0.779926 0.767725 0.762013
0.846132 0.794909 0.815652 0.779799 0.767725 0.762013
0.846215 0.794825 0.815737 0.779645 0.766525 0.761912
0.846215 0.794770 0.815991 0.779645 0.766525 0.761951
0.846215 0.794686 0.817260 0.780895 0.767927 0.761750
0.846176 0.795775 0.815821 0.780802 0.767927 0.761851
0.846215 0.795775 0.817344 0.780742 0.767073 0.761750
0.846093 0.796026 0.817084 0.780615 0.767132 0.761449
0.846132 0.796026 0.816662 0.779619 0.766942 0.760945
0.846154 0.795775 0.816922 0.779057 0.766561 0.760543
0.845942 0.795775 0.816752 0.779398 0.766466 0.760543
0.845401 0.795859 0.816752 0.779398 0.766466 0.760543
0.845819 0.795691 0.817006 0.779398 0.765698 0.760543
0.844899 0.795859 0.816499 0.779151 0.765698 0.761046
0.844899 0.795942 0.816694 0.779245 0.764651 0.761449
0.845607 0.795859 0.816785 0.778461 0.765698 0.761348
0.845607 0.796277 0.816615 0.778299 0.765318 0.761348
0.845607 0.796444 0.816785 0.777513 0.765318 0.761046
0.845607 0.796528 0.816785 0.777419 0.765800 0.761147
0.844444 0.796695 0.817883 0.777453 0.765800 0.761549
0.843775 0.796110 0.818052 0.777641 0.765705 0.761750
0.843630 0.796138 0.818247 0.777709 0.765609 0.762330
0.843798 0.796305 0.818500 0.779117 0.765514 0.762330
0.844216 0.796138 0.818500 0.779305 0.765705 0.762167
0.844239 0.796305 0.818500 0.778187 0.765705 0.762469
0.844239 0.796305 0.818247 0.777880 0.765419 0.762469
0.844239 0.796472 0.818078 0.778196 0.765419 0.762368
0.844155 0.796472 0.818331 0.778324 0.764061 0.762368
0.844489 0.795971 0.818247 0.778511 0.763105 0.762368
0.844239 0.796138 0.818247 0.778511 0.762361 0.762669
0.843881 0.795887 0.817994 0.778417 0.762457 0.762955
0.844287 0.795887 0.818078 0.778417 0.762743 0.762955
0.844203 0.795971 0.818331 0.778324 0.763698 0.763055
0.844454 0.795971 0.818415 0.778886 0.764538 0.763079
0.844454 0.794966 0.818500 0.778792 0.764347 0.763079
0.844789 0.794966 0.818837 0.778886 0.763965 0.762878
0.844728 0.794799 0.818584 0.778639 0.764120 0.763179
0.844728 0.794715 0.818720 0.778826 0.763353 0.762677
0.844728 0.794715 0.819653 0.778545 0.763412 0.762376
0.844728 0.794715 0.819653 0.778545 0.762993 0.762276
0.844644 0.794799 0.819232 0.778545 0.762993 0.762276
0.844644 0.794799 0.819401 0.778545 0.762993 0.762276
0.844560 0.794799 0.819485 0.778264 0.762993 0.762276
0.844560 0.794799 0.819064 0.778298 0.763738 0.762276
0.844499 0.795050 0.819485 0.778298 0.764406 0.762979
0.844499 0.795469 0.819569 0.777923 0.764501 0.763681
0.844499 0.795608 0.819569 0.778110 0.764501 0.763981
0.844499 0.796778 0.819478 0.778204 0.764692 0.763981
0.844499 0.796946 0.819310 0.778860 0.764024 0.765482
0.844103 0.796752 0.818636 0.778954 0.764501 0.765382
0.844187 0.796919 0.818383 0.778766 0.764883 0.766081
0.844544 0.796390 0.818383 0.778673 0.765169 0.765482
0.844209 0.795666 0.818467 0.778485 0.766158 0.764982
0.843958 0.794884 0.818383 0.779141 0.766062 0.764744
0.843958 0.794884 0.818383 0.779235 0.766253 0.764844
0.844209 0.794884 0.818636 0.779235 0.766253 0.764944
0.844271 0.794717 0.818299 0.779235 0.766348 0.765144
0.845274 0.794549 0.818299 0.779141 0.765741 0.765144
0.845191 0.794772 0.818214 0.779201 0.764878 0.765244
0.845191 0.794772 0.817032 0.779073 0.765741 0.765244
0.845191 0.794521 0.817032 0.779073 0.764842 0.764944
0.845191 0.794521 0.817032 0.779073 0.765091 0.765044
0.845191 0.795274 0.817032 0.778281 0.765187 0.764944
0.845191 0.794968 0.816863 0.778281 0.766502 0.766044
0.845191 0.794856 0.817032 0.778375 0.766026 0.765782
0.845168 0.794856 0.816948 0.778315 0.765472 0.765882
0.845335 0.795191 0.817117 0.778375 0.765472 0.766181
0.845191 0.795274 0.817370 0.779031 0.766217 0.766006
0.845046 0.795470 0.817455 0.778836 0.766217 0.766205
0.843539 0.794439 0.817539 0.779492 0.767773 0.766106
0.843539 0.794804 0.817961 0.779586 0.768342 0.766106
0.843120 0.794888 0.818084 0.779679 0.768437 0.766006
0.842869 0.795473 0.817624 0.779900 0.768153 0.765730
0.842701 0.795641 0.818046 0.779364 0.767488 0.765430
0.842701 0.796893 0.818448 0.779458 0.766436 0.766230
0.842701 0.796977 0.818279 0.779552 0.766151 0.766230
0.843288 0.796393 0.818785 0.779833 0.766531 0.766130
0.843288 0.796226 0.818617 0.779271 0.766531 0.765930
0.844879 0.795947 0.818871 0.778299 0.765866 0.765230
0.844354 0.795361 0.818448 0.777949 0.766823 0.765230
0.844354 0.794218 0.818448 0.778546 0.766823 0.765830
0.844354 0.794218 0.818357 0.778546 0.766823 0.765930
0.843852 0.794218 0.818357 0.778734 0.766823 0.765230
0.843601 0.793295 0.818448 0.778196 0.766443 0.764630
0.843372 0.793183 0.818448 0.778512 0.766443 0.764329
0.843875 0.793602 0.818448 0.778452 0.766443 0.765330
0.843456 0.793547 0.818871 0.778546 0.766728 0.765430
0.844042 0.793799 0.817518 0.778486 0.766823 0.765830
0.844042 0.793966 0.818364 0.778580 0.767773 0.766367
0.844087 0.794050 0.818364 0.779049 0.767678 0.766629
0.844087 0.794050 0.818364 0.779117 0.767643 0.766629
0.844003 0.794218 0.817850 0.778930 0.767013 0.766915
0.843669 0.794302 0.817655 0.778930 0.766305 0.766516
0.843669 0.794050 0.818754 0.778930 0.766305 0.766316
0.843669 0.793966 0.818754 0.778742 0.765354 0.765616
0.843813 0.793883 0.818812 0.778742 0.767087 0.765516
0.843478 0.794050 0.819039 0.778930 0.765377 0.765216
0.843897 0.793799 0.818565 0.778930 0.765377 0.765316
0.843311 0.793799 0.818481 0.778119 0.765377 0.764114
0.844232 0.793631 0.818565 0.778213 0.765626 0.764415
0.843143 0.793993 0.817655 0.778213 0.765626 0.764978
0.842556 0.794244 0.816704 0.778401 0.766312 0.765478
0.841379 0.794077 0.816809 0.778341 0.766312 0.765778
0.841402 0.794383 0.817798 0.778435 0.766407 0.765478
0.841402 0.794383 0.817740 0.778094 0.766407 0.765578
0.842327 0.794719 0.817740 0.777855 0.765757 0.765778
0.842182 0.794551 0.817740 0.777855 0.765885 0.766016
0.842372 0.794635 0.817740 0.778920 0.766171 0.765516
0.843485 0.794719 0.818669 0.778980 0.766207 0.766316
0.843363 0.794886 0.819039 0.779822 0.766302 0.766016
0.843363 0.794998 0.819267 0.779916 0.766302 0.766677
0.843485 0.794103 0.818481 0.779916 0.766420 0.766416
0.843485 0.793710 0.818565 0.779729 0.766420 0.766516
0.842624 0.793878 0.818481 0.779635 0.766325 0.765916
0.842517 0.793850 0.818565 0.779261 0.766325 0.766078
0.843105 0.793766 0.818734 0.779354 0.766420 0.765878
0.842937 0.793933 0.818734 0.779261 0.766420 0.766078
0.842937 0.794269 0.818565 0.779354 0.767070 0.766578
0.844361 0.794214 0.818481 0.779822 0.767070 0.766915
0.845364 0.794465 0.818481 0.779822 0.767047 0.767015
0.845364 0.794884 0.818396 0.779890 0.767237 0.767812
0.844946 0.794968 0.818396 0.780144 0.767332 0.767414
0.845030 0.794968 0.818481 0.780084 0.767808 0.767314
0.845030 0.795554 0.817043 0.780118 0.767974 0.767276
0.844969 0.796641 0.817889 0.779890 0.768164 0.767575
0.845052 0.797809 0.818819 0.779923 0.768164 0.767675
0.845386 0.797754 0.819157 0.780245 0.767879 0.767575
0.845219 0.797754 0.819157 0.780110 0.769468 0.767201
0.845303 0.797754 0.819157 0.779549 0.768615 0.768397
0.845720 0.796585 0.819410 0.780671 0.768887 0.767999
0.845386 0.796669 0.819494 0.780611 0.768792 0.769156
