0.477383 0.338993 0.397777 0.453151 0.451734 0.419532
0.496985 0.359664 0.417130 0.466618 0.466847 0.444240
0.518384 0.361273 0.437286 0.469961 0.474803 0.470630
0.530476 0.362666 0.439099 0.471639 0.479258 0.483337
0.541528 0.357751 0.439344 0.467464 0.481094 0.483232
0.545354 0.360544 0.438806 0.470743 0.475366 0.500585
0.549448 0.363845 0.440953 0.480029 0.474058 0.495349
0.550745 0.370338 0.441279 0.485165 0.470992 0.504640
0.550288 0.376033 0.440569 0.489811 0.478858 0.509745
0.552610 0.378139 0.445806 0.492475 0.480371 0.516272
0.561141 0.385170 0.445849 0.500628 0.484295 0.522567
0.569244 0.392358 0.449404 0.509337 0.491415 0.524821
0.581775 0.392512 0.456302 0.523747 0.501805 0.530435
0.591750 0.397781 0.461789 0.533315 0.511029 0.532357
0.600680 0.406818 0.466867 0.535589 0.515021 0.536954
0.608587 0.405537 0.475008 0.540296 0.517971 0.541273
0.617375 0.405186 0.479321 0.542448 0.523657 0.546025
0.612500 0.406381 0.482556 0.544300 0.523879 0.549232
0.606256 0.399556 0.483359 0.538002 0.524827 0.547009
0.600183 0.401393 0.473112 0.532086 0.519406 0.541200
0.597882 0.395305 0.472646 0.522537 0.518686 0.532182
0.587419 0.387146 0.468918 0.515879 0.505947 0.534136
0.574857 0.382477 0.467960 0.505675 0.496082 0.529426
0.574347 0.381878 0.467206 0.503258 0.501226 0.530431
0.570391 0.383105 0.463938 0.498395 0.497841 0.532483
0.569560 0.379523 0.461234 0.494634 0.489289 0.531637
0.566418 0.377447 0.461365 0.494058 0.483720 0.535044
0.569881 0.375655 0.461582 0.492694 0.486684 0.529971
0.577293 0.375329 0.463016 0.499753 0.488906 0.528144
0.581050 0.376880 0.468832 0.505624 0.490374 0.532065
0.581355 0.375847 0.470262 0.503984 0.487417 0.532896
0.585079 0.376101 0.463626 0.505368 0.492422 0.540157
0.585106 0.374235 0.470173 0.514851 0.500000 0.552579
0.589983 0.375809 0.472518 0.517903 0.503946 0.551854
0.589736 0.374368 0.483812 0.516005 0.506710 0.548411
0.585976 0.375676 0.479135 0.513259 0.505892 0.549078
0.586468 0.374439 0.481081 0.510687 0.502173 0.541923
0.588012 0.375338 0.481291 0.513168 0.504642 0.541409
0.584176 0.374815 0.479489 0.506929 0.499729 0.544850
0.578289 0.374308 0.477140 0.505525 0.493290 0.548013
0.583262 0.372572 0.475742 0.505387 0.495028 0.549901
0.583477 0.372990 0.476600 0.504640 0.494482 0.548243
0.584468 0.369584 0.475265 0.502626 0.494355 0.546196
0.582611 0.364574 0.476079 0.502999 0.490827 0.543140
0.582133 0.361545 0.477239 0.499006 0.493883 0.540541
0.578677 0.360567 0.475592 0.496065 0.493386 0.539956
0.574420 0.359955 0.469175 0.494126 0.494192 0.543537
0.573975 0.354213 0.464935 0.495710 0.493425 0.542556
0.565900 0.354085 0.467014 0.491015 0.495110 0.541113
0.560610 0.355031 0.465567 0.491525 0.494223 0.544984
0.561757 0.352759 0.463022 0.493104 0.495529 0.544831
0.562587 0.352974 0.463048 0.495635 0.492206 0.550361
0.570301 0.349762 0.459971 0.494163 0.492324 0.547761
0.568738 0.348688 0.464626 0.490191 0.494578 0.537055
0.578676 0.353091 0.471893 0.494354 0.499731 0.538250
0.576276 0.351031 0.473840 0.493020 0.499461 0.543166
0.575143 0.347094 0.479653 0.493154 0.499323 0.539810
0.582776 0.345863 0.482643 0.498262 0.496881 0.532464
0.580963 0.340132 0.482738 0.493003 0.487125 0.537167
0.581517 0.339763 0.477910 0.489367 0.481861 0.537531
0.589827 0.340378 0.475068 0.491384 0.483845 0.535433
0.574474 0.339493 0.471111 0.486650 0.476891 0.537602
0.570326 0.334599 0.468888 0.480202 0.471913 0.531085
0.573206 0.335433 0.465185 0.483503 0.472208 0.529039
0.566810 0.333514 0.456812 0.479367 0.467402 0.524698
0.560079 0.331450 0.449486 0.476816 0.464140 0.529456
0.569209 0.327900 0.450245 0.478900 0.466887 0.518873
0.560658 0.328690 0.444571 0.473947 0.459330 0.524823
0.555901 0.326226 0.448002 0.470381 0.456018 0.533367
0.570973 0.326815 0.447164 0.476557 0.460040 0.521238
0.578097 0.325594 0.443585 0.478566 0.458312 0.530000
0.574499 0.325861 0.453053 0.477612 0.459181 0.548139
0.583877 0.332335 0.445150 0.478483 0.458737 0.537081
0.581073 0.332246 0.443581 0.477218 0.459858 0.544515
0.581061 0.335217 0.452196 0.471752 0.460060 0.559542
0.578885 0.330362 0.443103 0.477013 0.462030 0.540154
0.579290 0.330005 0.439295 0.478070 0.460620 0.539338
0.578148 0.331296 0.438767 0.473105 0.457972 0.555756
0.579579 0.327326 0.438744 0.472004 0.458333 0.543270
0.574605 0.323374 0.433931 0.473861 0.455734 0.534211
0.572342 0.322977 0.431454 0.470323 0.450622 0.536716
0.569120 0.322997 0.429508 0.467810 0.445757 0.538249
0.567919 0.320466 0.423045 0.468624 0.447464 0.526462
0.562446 0.318826 0.423969 0.468025 0.447062 0.525207
0.563579 0.321401 0.426634 0.466448 0.444980 0.531746
0.561711 0.318926 0.427520 0.467122 0.446576 0.529382
0.568228 0.318029 0.423961 0.470658 0.445634 0.517138
0.565507 0.317210 0.421081 0.466887 0.442785 0.520667
0.565343 0.313989 0.422574 0.465034 0.441956 0.522414
0.565583 0.309838 0.423056 0.467110 0.443389 0.517786
0.567207 0.313238 0.422669 0.464563 0.441731 0.522558
0.572510 0.312735 0.421351 0.462366 0.442805 0.523621
0.571679 0.312171 0.419887 0.463966 0.444688 0.518776
0.572889 0.312752 0.418529 0.463775 0.446659 0.518803
0.572345 0.312641 0.425515 0.464587 0.447790 0.531683
0.573689 0.309577 0.423558 0.465281 0.446090 0.519990
0.573181 0.310950 0.423368 0.466934 0.445707 0.518427
0.573555 0.312000 0.425520 0.465679 0.445949 0.525369
0.568400 0.312248 0.422566 0.468246 0.444228 0.514972
0.572432 0.313332 0.425876 0.470574 0.445388 0.524534
0.572978 0.314675 0.425951 0.470323 0.443798 0.525490
0.573490 0.313854 0.424152 0.468928 0.445066 0.515813
0.571303 0.314736 0.426075 0.466698 0.446083 0.524223
0.567923 0.313017 0.421363 0.465631 0.443286 0.518374
0.570590 0.312050 0.421984 0.465133 0.440077 0.522694
0.565116 0.309636 0.422437 0.461969 0.438537 0.523222
0.567883 0.308224 0.421532 0.461700 0.437680 0.518969
0.565988 0.309015 0.423869 0.461377 0.436636 0.524629
0.568381 0.307959 0.424161 0.463466 0.438702 0.514770
0.564740 0.312885 0.425453 0.461271 0.439048 0.520688
0.564764 0.310644 0.424405 0.462526 0.438785 0.522164
0.566696 0.312081 0.421558 0.462850 0.439503 0.524870
0.568030 0.310708 0.420774 0.462183 0.436995 0.528448
0.562681 0.310670 0.420251 0.461934 0.434409 0.515224
0.566870 0.310980 0.423611 0.459791 0.435952 0.527303
0.563098 0.311692 0.421774 0.465757 0.436320 0.514108
0.569352 0.312640 0.425668 0.464795 0.439123 0.525931
0.567787 0.315017 0.427236 0.464411 0.442060 0.525632
0.565078 0.315590 0.422407 0.464931 0.439674 0.519537
0.568735 0.316667 0.425803 0.464236 0.442148 0.526598
0.561830 0.313205 0.418493 0.473095 0.437186 0.515911
0.567450 0.319680 0.425600 0.470658 0.440994 0.524687
0.567944 0.323745 0.425458 0.472714 0.441888 0.528538
0.565344 0.316993 0.419866 0.473722 0.440600 0.520960
0.570351 0.321518 0.428041 0.478147 0.441473 0.529316
0.564737 0.318332 0.419063 0.477569 0.438810 0.509888
0.566027 0.320645 0.419501 0.476808 0.438555 0.514556
0.570975 0.319703 0.427449 0.473647 0.446869 0.528717
0.565053 0.316675 0.418904 0.476179 0.441624 0.506056
0.560196 0.321203 0.417483 0.471924 0.442993 0.515856
0.569218 0.321607 0.430439 0.474604 0.444835 0.527397
0.554189 0.315418 0.418598 0.472069 0.442690 0.501307
0.554031 0.313983 0.414589 0.473494 0.443026 0.497510
0.563156 0.319851 0.425732 0.474520 0.446074 0.519899
0.557610 0.319085 0.424593 0.475095 0.445446 0.520561
0.548313 0.314559 0.415691 0.477344 0.441883 0.509533
0.548941 0.315604 0.417954 0.478082 0.440876 0.507435
0.559759 0.319064 0.423409 0.475929 0.446673 0.516395
0.554320 0.317370 0.422205 0.475269 0.441586 0.513346
0.545687 0.312000 0.413228 0.476340 0.438613 0.500467
0.547754 0.312734 0.416997 0.476705 0.437323 0.502318
0.559727 0.315015 0.419699 0.474468 0.439907 0.511681
0.549629 0.315632 0.414226 0.473446 0.436580 0.503217
0.546025 0.310784 0.414021 0.472792 0.437147 0.492097
0.548913 0.311133 0.414795 0.475233 0.440217 0.503256
0.552707 0.315606 0.426890 0.475795 0.441142 0.515429
0.553398 0.314037 0.422661 0.476974 0.438334 0.517034
0.549786 0.312032 0.415254 0.474641 0.435374 0.502570
0.546512 0.312578 0.417855 0.470616 0.436436 0.498847
0.546322 0.313672 0.419575 0.472439 0.436178 0.496798
0.543973 0.315540 0.418330 0.477655 0.437339 0.497702
0.542169 0.314657 0.416667 0.479459 0.436706 0.494099
0.539488 0.315435 0.421218 0.480000 0.439380 0.504262
0.539167 0.314884 0.426285 0.481616 0.440339 0.506987
0.539448 0.315288 0.418922 0.480378 0.438324 0.493563
0.539917 0.315079 0.418239 0.478795 0.437793 0.491785
0.537359 0.314484 0.418272 0.481116 0.437762 0.495915
0.537421 0.313134 0.416274 0.481080 0.438057 0.489420
0.535204 0.311589 0.418134 0.480125 0.438984 0.486517
0.539823 0.315031 0.421712 0.482759 0.439184 0.496499
0.541470 0.316738 0.424107 0.481983 0.440698 0.496725
0.543991 0.316842 0.423067 0.483026 0.438605 0.495481
0.542002 0.317990 0.426328 0.481884 0.443160 0.500339
0.537806 0.317043 0.426290 0.480899 0.442217 0.490999
0.538800 0.317776 0.421561 0.479287 0.440742 0.487278
0.541471 0.318407 0.420305 0.479981 0.443429 0.491457
0.540645 0.318553 0.419213 0.477637 0.441741 0.490995
0.540220 0.319017 0.419933 0.477490 0.440384 0.490651
0.541966 0.320408 0.423057 0.479455 0.443899 0.496077
0.542415 0.320825 0.424282 0.478728 0.444966 0.489262
0.541277 0.323698 0.423137 0.479580 0.445122 0.492149
0.543879 0.322764 0.425085 0.480925 0.446729 0.488460
0.540198 0.321845 0.424147 0.479419 0.441362 0.482566
0.538145 0.321845 0.425858 0.479087 0.438962 0.484780
0.542888 0.320759 0.428871 0.480569 0.443251 0.482720
0.540481 0.322733 0.430410 0.481632 0.442901 0.487723
0.540334 0.323698 0.430406 0.481402 0.442326 0.485245
0.538901 0.322573 0.432234 0.484218 0.446349 0.485463
0.536287 0.323676 0.427640 0.483014 0.442503 0.484050
0.541769 0.320713 0.429984 0.481517 0.445517 0.484034
0.539717 0.322364 0.433009 0.479818 0.442140 0.478587
0.539445 0.322862 0.432432 0.480392 0.444080 0.476368
0.535763 0.322742 0.430773 0.480783 0.445309 0.477258
0.538922 0.322677 0.429614 0.478251 0.446698 0.477088
0.539566 0.322452 0.430324 0.477160 0.453295 0.478867
0.535685 0.320548 0.427826 0.477181 0.450024 0.478997
0.538253 0.318991 0.427495 0.478580 0.449228 0.479771
0.533551 0.320408 0.424298 0.476100 0.443537 0.476808
0.540709 0.321021 0.426429 0.476807 0.448637 0.474617
0.540548 0.321491 0.426272 0.474178 0.443407 0.474734
0.534746 0.320853 0.426242 0.473845 0.442049 0.469642
0.525360 0.319782 0.427310 0.473265 0.440490 0.468919
0.531978 0.316977 0.430320 0.472073 0.442976 0.468548
0.534082 0.317211 0.430649 0.470423 0.441067 0.466510
0.534902 0.316369 0.430088 0.470217 0.439454 0.466172
0.527904 0.313418 0.429537 0.467991 0.440840 0.462492
0.534859 0.315725 0.435718 0.468837 0.440572 0.461133
0.515967 0.307373 0.418370 0.468369 0.435958 0.464340
0.540747 0.310766 0.432201 0.472861 0.442518 0.442398
0.507428 0.299346 0.411795 0.465750 0.432692 0.461572
0.504035 0.293381 0.411307 0.450743 0.420737 0.449844
0.509238 0.294863 0.406138 0.445664 0.425308 0.460590
0.497667 0.282688 0.400969 0.431655 0.419574 0.412916
0.491156 0.281417 0.399797 0.428539 0.418246 0.410702
0.484802 0.279205 0.398320 0.424820 0.424257 0.419588
0.473802 0.277885 0.391872 0.421100 0.416512 0.415484
0.466534 0.275738 0.386887 0.421477 0.411003 0.397150
0.466070 0.273381 0.381972 0.413763 0.408766 0.388582
0.463226 0.268749 0.375864 0.410640 0.406619 0.390905
0.462231 0.267442 0.383843 0.416592 0.410718 0.393159
0.460779 0.273017 0.382860 0.420872 0.411363 0.397333
0.467268 0.273848 0.379284 0.421161 0.418321 0.394803
0.470634 0.273798 0.375597 0.423835 0.417885 0.398047
0.472008 0.274982 0.377140 0.426614 0.417242 0.398137
0.479730 0.278966 0.382219 0.428307 0.417342 0.398515
0.490626 0.279831 0.386735 0.432697 0.418195 0.398140
0.493418 0.280020 0.389215 0.435431 0.419653 0.403395
0.496086 0.283482 0.390331 0.435570 0.419523 0.406185
0.496637 0.282165 0.394140 0.444133 0.420099 0.410105
0.499229 0.285432 0.391644 0.445092 0.422217 0.406440
0.499487 0.286918 0.392803 0.447786 0.421783 0.403179
0.497949 0.287522 0.393199 0.451696 0.423885 0.402255
0.503368 0.288601 0.391885 0.455016 0.426670 0.400587
0.503618 0.288207 0.391479 0.455813 0.430699 0.402281
0.502850 0.289685 0.391250 0.456630 0.429498 0.403775
0.496401 0.289902 0.391293 0.454201 0.430429 0.401421
0.495248 0.291677 0.389614 0.454200 0.435331 0.397521
0.493477 0.291635 0.386920 0.457082 0.436404 0.397201
0.486090 0.291404 0.383738 0.456537 0.436784 0.392327
0.486959 0.293313 0.385303 0.459048 0.437775 0.392148
0.483530 0.296230 0.384158 0.459492 0.435641 0.397585
0.480971 0.298183 0.380520 0.457285 0.440010 0.398953
0.481139 0.298874 0.378873 0.457583 0.441820 0.402982
0.481870 0.300513 0.380836 0.456717 0.443925 0.399587
0.480798 0.302608 0.381069 0.457643 0.443652 0.400460
0.480468 0.302999 0.384559 0.456732 0.447154 0.399037
0.481130 0.301440 0.382022 0.458028 0.447381 0.402383
0.479360 0.300874 0.379277 0.456476 0.446473 0.399406
0.480895 0.298572 0.379168 0.455983 0.442289 0.397267
0.476525 0.298592 0.376636 0.456697 0.438971 0.393476
0.476478 0.298304 0.376488 0.452145 0.438433 0.395948
0.475138 0.298400 0.378233 0.452123 0.433398 0.395713
0.475855 0.299456 0.377317 0.452336 0.430162 0.395795
0.477525 0.299922 0.377225 0.452291 0.430058 0.397912
0.482899 0.299585 0.377133 0.452291 0.429746 0.397862
0.482530 0.300156 0.378240 0.451971 0.429850 0.393974
0.477055 0.299533 0.376734 0.452803 0.430892 0.393807
0.479494 0.303086 0.375998 0.453491 0.431477 0.393405
0.478535 0.302580 0.377514 0.453557 0.432269 0.395551
0.478075 0.303544 0.378792 0.452381 0.431780 0.394653
0.475307 0.305469 0.379747 0.451022 0.428571 0.392930
0.475414 0.303266 0.377789 0.449965 0.428674 0.393731
0.474925 0.302669 0.375577 0.447031 0.429949 0.393627
0.470471 0.304246 0.374427 0.444316 0.426958 0.392865
0.465976 0.304846 0.373589 0.444753 0.426418 0.396552
0.464181 0.307551 0.373471 0.446804 0.426966 0.395743
0.462796 0.309048 0.373747 0.448443 0.428912 0.394132
0.463867 0.310947 0.377549 0.449885 0.431883 0.397439
0.466407 0.309711 0.378638 0.453699 0.431059 0.400413
0.465038 0.309062 0.379369 0.454779 0.427123 0.404339
0.466328 0.312004 0.382716 0.453932 0.425692 0.406264
0.465538 0.313080 0.381897 0.454249 0.426792 0.406741
0.460039 0.312815 0.382017 0.457083 0.427526 0.403784
0.458233 0.312483 0.382044 0.457472 0.425668 0.402501
0.458858 0.312550 0.379411 0.458982 0.424393 0.401021
0.458687 0.312882 0.377972 0.455527 0.424994 0.400651
0.458384 0.313048 0.379201 0.454182 0.421908 0.397127
0.457817 0.308629 0.381653 0.452235 0.421511 0.394896
0.456358 0.307713 0.380999 0.448994 0.420680 0.393188
0.457247 0.306818 0.376221 0.446412 0.420581 0.392551
0.454059 0.305285 0.377005 0.445554 0.419294 0.390964
0.453424 0.305271 0.375000 0.445632 0.420307 0.390323
0.451009 0.303515 0.373674 0.444058 0.420532 0.388097
0.446505 0.302168 0.370017 0.441014 0.420136 0.386234
0.444339 0.302010 0.365434 0.438187 0.421923 0.386037
0.443972 0.301902 0.361940 0.438689 0.422849 0.385561
0.445340 0.303315 0.362535 0.436829 0.419431 0.382825
0.445840 0.302683 0.362073 0.439064 0.418305 0.384215
0.446632 0.302762 0.362390 0.439415 0.417736 0.383975
0.444575 0.302289 0.361549 0.439789 0.416512 0.386119
0.444444 0.301217 0.358451 0.439835 0.418325 0.382675
0.444968 0.300594 0.361976 0.440037 0.420710 0.383203
0.446939 0.300026 0.358125 0.441021 0.418594 0.384909
0.443897 0.298106 0.358125 0.441305 0.417873 0.383449
0.444340 0.298771 0.358645 0.439789 0.417716 0.381640
0.443509 0.297731 0.353582 0.439287 0.415735 0.381798
0.443873 0.299542 0.352015 0.438969 0.415792 0.380521
0.440576 0.299290 0.350392 0.438312 0.413848 0.379727
0.437672 0.296213 0.349666 0.441379 0.411778 0.378325
0.435506 0.294865 0.347806 0.439397 0.413147 0.382308
0.436700 0.295127 0.345069 0.439982 0.414894 0.382003
0.435903 0.294132 0.345780 0.437429 0.414800 0.382144
0.434911 0.292574 0.349475 0.437898 0.415364 0.382359
0.439164 0.293811 0.351550 0.435028 0.413303 0.382887
0.445713 0.294176 0.356212 0.435956 0.413053 0.383330
0.449788 0.293065 0.356709 0.436847 0.412308 0.380303
0.447009 0.295358 0.357043 0.441541 0.408621 0.379513
0.449159 0.296250 0.360633 0.441946 0.409758 0.380932
0.451467 0.293911 0.364134 0.442555 0.412299 0.380973
0.451475 0.291429 0.367283 0.442272 0.415808 0.380744
0.452740 0.291108 0.370102 0.444521 0.415367 0.382540
0.453826 0.290628 0.373087 0.443289 0.418438 0.384160
0.454044 0.289552 0.372964 0.441962 0.419916 0.384480
0.453455 0.290274 0.370469 0.442695 0.416571 0.381666
0.455093 0.290282 0.372993 0.441149 0.418524 0.382762
0.456081 0.289993 0.374176 0.439317 0.417616 0.385280
0.457393 0.289703 0.372539 0.434604 0.415699 0.382875
0.458617 0.290718 0.373538 0.437141 0.415503 0.381553
0.457393 0.291593 0.373512 0.437845 0.416161 0.382738
0.457282 0.291813 0.373723 0.438119 0.415966 0.382993
0.457171 0.292474 0.375213 0.436180 0.416064 0.384052
0.458039 0.292401 0.375516 0.435780 0.416024 0.383897
0.458932 0.292695 0.376614 0.435181 0.418370 0.382451
0.456844 0.292474 0.377382 0.435380 0.420123 0.380584
0.459638 0.292622 0.376776 0.433265 0.419347 0.381311
0.457652 0.291531 0.377980 0.432180 0.418463 0.380615
0.456871 0.291604 0.376719 0.433364 0.416453 0.382379
0.456363 0.292560 0.377037 0.432186 0.416472 0.382412
0.455542 0.292265 0.378345 0.430584 0.418561 0.383153
0.457366 0.292191 0.378532 0.430976 0.418561 0.382139
0.457987 0.293894 0.377503 0.432149 0.422107 0.380848
0.459559 0.292634 0.379473 0.431627 0.423977 0.380838
0.461047 0.291677 0.378532 0.433798 0.425719 0.382456
0.462922 0.291971 0.380858 0.435192 0.427275 0.382586
0.462753 0.292486 0.383254 0.434663 0.427683 0.382689
0.463782 0.293151 0.384712 0.434283 0.428708 0.383447
0.464091 0.293418 0.387040 0.434453 0.427887 0.381746
0.462624 0.291993 0.386657 0.433655 0.426964 0.380608
0.463179 0.292745 0.386071 0.434603 0.426041 0.379092
0.462033 0.292441 0.386852 0.434075 0.426721 0.378202
0.463342 0.292441 0.387833 0.431449 0.425420 0.379970
0.464259 0.293412 0.387007 0.432198 0.426033 0.380942
0.465278 0.295840 0.388579 0.433044 0.426033 0.379176
0.465393 0.297763 0.387399 0.434713 0.426955 0.379835
0.466137 0.297916 0.389452 0.433919 0.424910 0.379093
0.466369 0.298381 0.389156 0.433227 0.429228 0.380196
0.467181 0.296486 0.391458 0.430937 0.428089 0.376137
0.467297 0.296951 0.390866 0.430940 0.427266 0.376652
0.467529 0.295501 0.389784 0.431274 0.427472 0.374029
0.469515 0.296686 0.390909 0.432853 0.425012 0.373006
0.471490 0.296610 0.389085 0.435362 0.425430 0.372929
0.470073 0.297965 0.390164 0.436493 0.426449 0.373733
0.472796 0.297735 0.389085 0.437630 0.428571 0.376300
0.471637 0.298966 0.388945 0.439604 0.431184 0.378372
0.473990 0.300208 0.389826 0.440721 0.430669 0.379656
0.473631 0.300754 0.389532 0.439548 0.429120 0.378525
0.475431 0.302635 0.390747 0.440666 0.430976 0.381988
0.474709 0.305585 0.389223 0.440870 0.435057 0.386279
0.474229 0.306716 0.388792 0.440157 0.432328 0.387634
0.474709 0.305746 0.387016 0.440564 0.432641 0.386667
0.476794 0.304622 0.387862 0.440037 0.430736 0.388246
0.477169 0.304542 0.386324 0.439429 0.429430 0.391152
0.477775 0.305504 0.388250 0.439733 0.427273 0.391552
0.479501 0.307082 0.389945 0.441183 0.427580 0.394783
0.477798 0.307631 0.388015 0.440905 0.430881 0.397540
0.478834 0.308322 0.387250 0.440295 0.430740 0.398769
0.480887 0.308384 0.390782 0.441156 0.432965 0.396794
0.478250 0.306473 0.394331 0.440850 0.433494 0.395636
0.480922 0.305504 0.395159 0.440952 0.430149 0.396952
0.483299 0.307082 0.396745 0.443852 0.439054 0.396696
0.482290 0.306069 0.395254 0.442794 0.437771 0.396430
0.480922 0.304222 0.395753 0.444057 0.437274 0.396723
0.479939 0.305022 0.397902 0.444367 0.441984 0.396822
0.483771 0.305344 0.395913 0.441387 0.434185 0.394801
0.481292 0.304840 0.393230 0.440268 0.432439 0.389610
0.482051 0.306413 0.397232 0.441285 0.432972 0.389363
0.480922 0.305966 0.396014 0.441285 0.433189 0.386512
0.482299 0.306371 0.391536 0.442000 0.432465 0.385758
0.479959 0.306554 0.393947 0.442539 0.432655 0.386611
0.480204 0.306920 0.395711 0.442642 0.434099 0.387773
0.480327 0.307326 0.396980 0.442205 0.435331 0.389303
0.480450 0.307733 0.400462 0.442000 0.435437 0.389437
0.480941 0.307245 0.399282 0.443438 0.432472 0.391151
0.482794 0.307550 0.397344 0.443747 0.434698 0.391141
0.485146 0.307387 0.396980 0.443335 0.436589 0.390453
0.483647 0.307387 0.399024 0.444057 0.439456 0.390062
0.485419 0.307224 0.399331 0.446341 0.439066 0.399203
0.488480 0.306899 0.398770 0.443464 0.443631 0.398410
0.489516 0.306053 0.400000 0.443053 0.441341 0.399070
0.489896 0.307145 0.401443 0.442745 0.443146 0.400620
0.490674 0.308894 0.401905 0.442877 0.444553 0.400793
0.490551 0.309158 0.401492 0.443158 0.441448 0.399692
0.486660 0.310034 0.400154 0.443261 0.442387 0.398765
0.486424 0.311188 0.399642 0.441190 0.444688 0.397930
0.485926 0.312100 0.399234 0.442619 0.447963 0.396707
0.487805 0.312800 0.399540 0.442108 0.446756 0.398197
0.487580 0.313485 0.399540 0.444161 0.445830 0.397977
0.487986 0.313083 0.400154 0.444239 0.445284 0.400619
0.486996 0.311919 0.400769 0.444984 0.444634 0.399382
0.488366 0.310227 0.398066 0.443855 0.445392 0.399339
0.488610 0.310063 0.396705 0.443140 0.444093 0.401232
0.489613 0.309249 0.396556 0.438896 0.443447 0.398859
0.489362 0.309330 0.397918 0.437401 0.442103 0.400882
0.489487 0.309818 0.395881 0.436014 0.439893 0.402661
0.488860 0.309863 0.397658 0.440302 0.443902 0.402167
0.489362 0.309048 0.397096 0.441311 0.442167 0.400619
0.489864 0.311258 0.397051 0.442325 0.442420 0.400969
0.489864 0.311176 0.398467 0.443372 0.444039 0.398069
0.489236 0.309211 0.398671 0.440558 0.443444 0.397633
0.489111 0.309129 0.400665 0.438652 0.443072 0.397206
0.490634 0.310518 0.397762 0.434133 0.444309 0.398994
0.492843 0.309186 0.399949 0.435619 0.442210 0.399171
0.493344 0.308377 0.398016 0.433055 0.438373 0.398948
0.492173 0.307572 0.398625 0.433814 0.441646 0.399781
0.494330 0.307511 0.396150 0.434400 0.442294 0.399386
0.493059 0.309024 0.396451 0.434537 0.442373 0.400088
0.494604 0.308943 0.396552 0.434734 0.443124 0.400000
0.501296 0.309511 0.399898 0.434341 0.443635 0.399165
0.502986 0.308619 0.400153 0.434930 0.444714 0.401537
0.503906 0.308924 0.399542 0.436706 0.443229 0.398985
0.503900 0.311311 0.401585 0.435648 0.447375 0.406015
0.504169 0.311706 0.400307 0.436876 0.447484 0.402089
0.504029 0.312965 0.402607 0.440246 0.450380 0.405823
0.507741 0.311723 0.402054 0.435630 0.445397 0.404359
0.505082 0.312666 0.401531 0.438052 0.449692 0.410468
0.505214 0.312004 0.400305 0.435448 0.450715 0.408777
0.507463 0.310037 0.397055 0.431991 0.447349 0.404847
0.505723 0.310200 0.396709 0.431373 0.448039 0.412603
0.506917 0.307933 0.392098 0.432143 0.445013 0.409558
0.505870 0.303922 0.391544 0.431438 0.442739 0.406696
0.504796 0.304831 0.392509 0.431565 0.448368 0.413301
0.509542 0.304078 0.393537 0.430862 0.443765 0.411200
0.509488 0.306334 0.394605 0.437711 0.450344 0.415868
0.508048 0.307692 0.394514 0.438458 0.449521 0.415813
0.508740 0.303687 0.391337 0.430738 0.443602 0.410302
0.505834 0.304673 0.399547 0.437613 0.449005 0.410913
0.508090 0.303765 0.398134 0.435915 0.452048 0.409636
0.508115 0.306133 0.394267 0.431955 0.446964 0.410861
0.507167 0.305181 0.395566 0.433073 0.446793 0.415877
0.505208 0.298728 0.394168 0.429109 0.447798 0.408980
0.504697 0.299108 0.393352 0.429014 0.446659 0.408485
0.503243 0.299847 0.394168 0.430571 0.445146 0.409716
0.506924 0.300153 0.394816 0.428097 0.446918 0.406506
0.504282 0.304629 0.395629 0.431818 0.448267 0.409739
0.506121 0.304157 0.395028 0.430858 0.445525 0.408661
0.504023 0.302391 0.395267 0.430824 0.448520 0.410029
0.505200 0.302906 0.394928 0.429079 0.448850 0.411202
0.505598 0.301722 0.394207 0.427307 0.449571 0.413265
0.507280 0.302032 0.395034 0.429969 0.448705 0.417034
0.506253 0.302188 0.392132 0.428666 0.451795 0.415561
0.507576 0.299032 0.392884 0.428223 0.447626 0.416574
0.504413 0.300333 0.392088 0.427469 0.448630 0.411479
0.504544 0.300333 0.394023 0.429362 0.450110 0.410324
0.508180 0.301510 0.396241 0.429679 0.447498 0.418158
0.507680 0.300817 0.393636 0.427939 0.443899 0.420142
0.507401 0.300357 0.392938 0.428414 0.445259 0.415086
0.503738 0.300306 0.392491 0.428603 0.443983 0.414188
0.501798 0.299847 0.393582 0.429584 0.443929 0.420084
0.506049 0.301896 0.395302 0.427624 0.442463 0.428571
0.506049 0.301819 0.391434 0.428223 0.442815 0.425522
0.501534 0.303218 0.392181 0.432703 0.445989 0.427459
0.496049 0.302003 0.392196 0.429869 0.445697 0.422143
0.497958 0.302844 0.390664 0.432697 0.447162 0.424087
0.499231 0.301713 0.389263 0.429931 0.442659 0.423592
0.498343 0.302766 0.390625 0.438671 0.447772 0.427687
0.496557 0.301945 0.387506 0.430851 0.443472 0.422786
0.496690 0.302790 0.390043 0.429677 0.440884 0.424905
0.499231 0.303700 0.392474 0.435573 0.446005 0.425508
0.503109 0.300665 0.388543 0.427594 0.449180 0.417297
0.499616 0.303553 0.393947 0.435120 0.454031 0.421994
0.499872 0.301579 0.394426 0.435216 0.451321 0.428603
0.493193 0.299211 0.388792 0.426327 0.447498 0.418594
0.496051 0.304269 0.392705 0.440747 0.448727 0.426880
0.499744 0.302875 0.389649 0.443072 0.450601 0.428167
0.492961 0.300894 0.385385 0.433169 0.448975 0.420040
0.493878 0.299949 0.387550 0.440009 0.450563 0.420879
0.500384 0.308174 0.395781 0.450366 0.455081 0.429161
0.490095 0.298424 0.387226 0.425992 0.449815 0.404317
0.491264 0.296681 0.387918 0.422907 0.447747 0.403328
0.495929 0.307478 0.395308 0.431738 0.447811 0.437622
0.500253 0.315922 0.410540 0.434584 0.455886 0.460555
0.481735 0.290814 0.383665 0.418539 0.433976 0.436114
0.488532 0.295778 0.393587 0.421513 0.450632 0.434393
0.509508 0.301174 0.403023 0.437444 0.441643 0.431437
0.510088 0.295806 0.409587 0.428318 0.439284 0.429202
0.508514 0.297399 0.408101 0.424989 0.437137 0.431808
0.511340 0.304927 0.409401 0.427313 0.439778 0.440651
0.513583 0.308723 0.415419 0.434341 0.442733 0.452139
0.511020 0.304674 0.413759 0.432194 0.449964 0.444152
0.504983 0.302654 0.408062 0.429296 0.444738 0.438404
0.500254 0.305076 0.408062 0.424588 0.443114 0.440211
0.497726 0.301505 0.409261 0.428792 0.446121 0.446968
0.497869 0.307961 0.404614 0.430592 0.458092 0.462657
0.494997 0.312169 0.409182 0.433370 0.450901 0.464229
0.491815 0.313760 0.410090 0.436504 0.445390 0.469721
0.496661 0.316296 0.410670 0.444768 0.445629 0.474820
0.505730 0.321474 0.414254 0.452461 0.455476 0.481033
0.505844 0.321947 0.419443 0.456930 0.458102 0.482494
0.502238 0.321274 0.414051 0.452333 0.454019 0.478931
0.496904 0.315576 0.411779 0.448385 0.454085 0.473375
0.489730 0.315615 0.412045 0.447761 0.448111 0.469567
0.491311 0.313581 0.409922 0.444444 0.453256 0.468560
0.489609 0.312199 0.410308 0.446995 0.454655 0.462963
0.489462 0.310293 0.409636 0.443103 0.454545 0.463344
0.486087 0.310763 0.409873 0.443403 0.453670 0.463229
0.486580 0.313024 0.409726 0.441118 0.459617 0.463480
0.488555 0.315226 0.411429 0.443876 0.462712 0.466711
0.493232 0.316004 0.410688 0.446397 0.465038 0.465735
0.491530 0.312153 0.409844 0.443167 0.461929 0.465793
0.493317 0.307443 0.408877 0.436089 0.453872 0.460993
0.491969 0.305894 0.411192 0.433319 0.452938 0.457781
0.490608 0.305950 0.414487 0.430655 0.450775 0.462433
0.491120 0.305879 0.413906 0.429907 0.454915 0.463377
0.489801 0.307329 0.414971 0.430240 0.454524 0.468596
0.490056 0.307750 0.413310 0.431165 0.454241 0.465116
0.492475 0.309565 0.413603 0.430017 0.455507 0.461624
0.490210 0.309891 0.413370 0.429864 0.451652 0.462500
0.491534 0.309559 0.414493 0.431161 0.455024 0.463360
0.493360 0.307921 0.416185 0.432083 0.456938 0.462637
0.493481 0.305926 0.413906 0.430919 0.450731 0.464839
0.494828 0.307578 0.413681 0.429036 0.450947 0.456223
0.489398 0.307960 0.413310 0.428078 0.450384 0.454321
0.492899 0.308151 0.412425 0.432109 0.448638 0.460342
0.495364 0.308915 0.415189 0.437854 0.453177 0.462817
0.495122 0.309754 0.416562 0.439536 0.453438 0.459122
0.497915 0.309447 0.414768 0.439301 0.452637 0.457010
0.499017 0.308758 0.414579 0.439344 0.452857 0.456078
0.496207 0.308911 0.415578 0.439702 0.450868 0.456425
0.496940 0.310285 0.419762 0.437623 0.449396 0.460506
0.497421 0.309831 0.420653 0.438585 0.450285 0.459593
0.494242 0.309642 0.419159 0.439261 0.448907 0.458492
0.491612 0.310818 0.417933 0.440742 0.450751 0.460971
0.490896 0.312625 0.417937 0.443016 0.455545 0.457925
0.492439 0.314601 0.420205 0.446951 0.458054 0.460850
0.491002 0.316108 0.416411 0.447545 0.457526 0.458998
0.489439 0.315231 0.416923 0.448847 0.453483 0.459027
0.486756 0.315536 0.418186 0.452456 0.454198 0.458521
0.487579 0.316565 0.417246 0.455040 0.457973 0.457910
0.487692 0.317278 0.418520 0.456527 0.459740 0.460547
0.485373 0.317996 0.419943 0.454897 0.458917 0.461556
0.485728 0.318870 0.418007 0.456686 0.460718 0.459905
0.486203 0.319198 0.417662 0.459224 0.460491 0.458005
0.486440 0.319691 0.415285 0.459701 0.461107 0.457046
0.487393 0.320021 0.415759 0.460741 0.460093 0.455140
0.487161 0.319866 0.417272 0.461238 0.461988 0.454260
0.487161 0.320196 0.415591 0.461468 0.462967 0.455585
0.486916 0.319938 0.415719 0.458602 0.460279 0.454566
0.486434 0.317819 0.414300 0.456612 0.458669 0.453241
0.486341 0.318416 0.412858 0.456926 0.460974 0.454484
0.486579 0.318322 0.413820 0.457452 0.464286 0.453118
0.486810 0.316628 0.415309 0.459273 0.462119 0.453974
0.487161 0.316303 0.413536 0.458324 0.462082 0.454791
0.487644 0.318919 0.413988 0.456881 0.463920 0.455158
0.487512 0.318275 0.414113 0.457071 0.464582 0.453202
0.487236 0.316654 0.412419 0.456112 0.463701 0.450796
0.489882 0.315789 0.413784 0.455963 0.463928 0.450392
0.490119 0.315776 0.416259 0.456277 0.465247 0.449911
0.491454 0.315086 0.409301 0.454441 0.464513 0.449039
0.491215 0.314198 0.409103 0.453714 0.465606 0.448993
0.490972 0.315128 0.409266 0.453757 0.465509 0.448916
0.490842 0.314198 0.407674 0.453839 0.465623 0.448391
0.491563 0.314037 0.407885 0.453985 0.465395 0.448414
0.491319 0.314549 0.408132 0.454815 0.465543 0.450994
0.491198 0.315385 0.409290 0.454027 0.465281 0.451432
0.490201 0.315142 0.408411 0.454380 0.465753 0.453468
0.491815 0.315627 0.408868 0.456849 0.465753 0.454017
0.492419 0.316439 0.408552 0.457991 0.464957 0.452898
0.493277 0.316101 0.408752 0.457743 0.464957 0.452796
0.494021 0.317620 0.408483 0.458514 0.465479 0.452088
0.495012 0.317714 0.408226 0.457886 0.466064 0.452189
0.495136 0.317305 0.407969 0.457522 0.465934 0.453244
0.496381 0.317562 0.409337 0.459794 0.466178 0.452094
0.495886 0.317562 0.409959 0.459794 0.466569 0.452986
0.494653 0.317562 0.408447 0.458171 0.467009 0.453429
0.494914 0.317167 0.409443 0.457837 0.466536 0.452780
0.494424 0.317656 0.408915 0.460581 0.466927 0.453917
0.493323 0.317575 0.408857 0.461184 0.468283 0.451642
0.495903 0.318941 0.409360 0.460653 0.468888 0.454058
0.496026 0.321134 0.412113 0.463048 0.469248 0.454728
0.496272 0.320959 0.412539 0.463386 0.469363 0.456365
0.496893 0.321042 0.411567 0.463155 0.468528 0.459294
0.496893 0.320381 0.413454 0.464137 0.468444 0.458747
0.500750 0.321217 0.414817 0.464815 0.468849 0.458455
0.501754 0.321881 0.412477 0.464583 0.468964 0.457631
0.501754 0.322397 0.413296 0.465095 0.468262 0.455321
0.502635 0.322239 0.412523 0.464401 0.467659 0.453751
0.503014 0.323264 0.412432 0.465062 0.467349 0.452839
0.503140 0.324108 0.411019 0.465941 0.467593 0.454464
0.505530 0.323940 0.414400 0.469027 0.467939 0.456317
0.505785 0.324450 0.414312 0.467502 0.467596 0.457631
0.505785 0.324359 0.411810 0.466512 0.469408 0.456144
0.505785 0.324974 0.410290 0.468699 0.470906 0.455199
0.505530 0.325142 0.409912 0.469454 0.471499 0.455671
0.502380 0.324955 0.408505 0.470520 0.470733 0.456576
0.504389 0.325142 0.411068 0.471219 0.469853 0.457124
0.503884 0.325226 0.413313 0.471452 0.469393 0.458858
0.503758 0.325545 0.412587 0.471096 0.468873 0.457658
0.505762 0.325123 0.412146 0.470903 0.467742 0.459234
0.510364 0.324793 0.416753 0.470370 0.468147 0.461175
0.508308 0.324961 0.416688 0.470575 0.465787 0.460289
0.509591 0.324948 0.412312 0.470465 0.468345 0.462322
0.509715 0.325991 0.414924 0.471672 0.467153 0.463866
0.513418 0.325732 0.414131 0.471672 0.465178 0.466515
0.510617 0.324038 0.417937 0.470040 0.467171 0.465153
0.513472 0.324910 0.417378 0.468852 0.466732 0.467181
0.514366 0.325515 0.416602 0.468961 0.467317 0.463315
0.513726 0.327367 0.418154 0.467223 0.466472 0.464018
0.515367 0.329427 0.420305 0.472545 0.466407 0.463768
0.516268 0.330385 0.423636 0.471558 0.467235 0.463089
0.516268 0.329271 0.421802 0.468620 0.469048 0.463354
0.515875 0.326221 0.420711 0.466590 0.468460 0.465891
0.514177 0.329537 0.424361 0.466145 0.468719 0.466682
0.514307 0.329958 0.424590 0.468627 0.471847 0.466135
0.517716 0.331070 0.425072 0.466467 0.470979 0.466758
0.517329 0.331767 0.425626 0.470030 0.470660 0.465286
0.517197 0.329956 0.425960 0.469444 0.470906 0.467015
0.514766 0.330563 0.427862 0.469553 0.468689 0.469243
0.517584 0.330649 0.428347 0.468902 0.468018 0.468308
0.517584 0.330566 0.429281 0.470111 0.467203 0.467896
0.517584 0.329961 0.429542 0.471707 0.467285 0.467167
0.515414 0.329790 0.429019 0.472377 0.466959 0.465912
0.516573 0.330390 0.428236 0.469732 0.466455 0.465400
0.522640 0.329873 0.432031 0.469623 0.466894 0.466833
0.523187 0.330815 0.431133 0.468541 0.467971 0.466426
0.523321 0.330902 0.429052 0.470085 0.466764 0.463530
0.522762 0.332548 0.428460 0.470778 0.466650 0.462851
0.520102 0.332723 0.421609 0.469247 0.466405 0.461988
0.521584 0.333071 0.420534 0.466100 0.468143 0.458998
0.518933 0.332723 0.419380 0.467374 0.467782 0.456230
0.524297 0.333945 0.420835 0.468267 0.470226 0.459960
0.523274 0.332810 0.423057 0.469961 0.474270 0.466189
0.524078 0.331765 0.428571 0.472067 0.472682 0.469356
0.523112 0.332808 0.429718 0.472923 0.471242 0.468531
0.525143 0.332632 0.423286 0.474906 0.473097 0.467224
0.525156 0.336161 0.418845 0.478035 0.470851 0.463077
0.525564 0.335453 0.418568 0.479122 0.468719 0.461975
0.524760 0.336255 0.423177 0.478497 0.470138 0.462605
0.528046 0.337960 0.422535 0.479403 0.470168 0.461556
0.529258 0.339658 0.427565 0.479186 0.471955 0.461590
0.527467 0.341151 0.430850 0.478671 0.472476 0.465074
0.522042 0.337147 0.426405 0.475899 0.471721 0.463608
0.523526 0.340686 0.427525 0.474672 0.473437 0.461954
0.526767 0.341691 0.429955 0.475641 0.472387 0.466939
0.527742 0.340522 0.430287 0.477993 0.473528 0.466576
0.528676 0.340607 0.431735 0.481973 0.477601 0.471552
0.527164 0.341853 0.430096 0.479517 0.476712 0.468906
0.526904 0.342225 0.427379 0.478940 0.474745 0.468843
0.527590 0.342042 0.428087 0.480760 0.473462 0.465865
0.527041 0.341678 0.431973 0.479167 0.477318 0.469907
0.527988 0.341853 0.433246 0.481851 0.478500 0.472020
0.528449 0.343617 0.434031 0.481639 0.478922 0.473361
0.530205 0.344166 0.433943 0.480624 0.478218 0.472951
0.525148 0.345085 0.429653 0.478733 0.478218 0.469597
0.527484 0.344993 0.431373 0.479073 0.481019 0.470093
0.526397 0.345784 0.432270 0.480842 0.481269 0.468558
0.524337 0.346154 0.433656 0.481183 0.481389 0.470401
0.522587 0.345877 0.436235 0.480947 0.482103 0.469206
0.525045 0.345857 0.436842 0.482775 0.482103 0.469822
0.523724 0.344773 0.436431 0.482783 0.481509 0.470588
0.523858 0.344791 0.437582 0.482194 0.480558 0.471465
0.524262 0.344350 0.434111 0.480605 0.480779 0.473323
0.524274 0.344166 0.434600 0.479594 0.481528 0.468964
0.524409 0.345057 0.434145 0.480057 0.481786 0.471879
0.524409 0.344699 0.434145 0.479039 0.480836 0.471530
0.522652 0.344350 0.433290 0.479604 0.480100 0.471504
0.522919 0.344441 0.434920 0.481306 0.480937 0.471072
0.523456 0.344166 0.435958 0.482816 0.480439 0.470293
0.523724 0.344598 0.434474 0.483274 0.480808 0.471005
0.523590 0.344598 0.437797 0.483045 0.481186 0.470360
0.523993 0.345149 0.438967 0.482571 0.481325 0.472648
0.523724 0.344965 0.437977 0.480519 0.482027 0.473044
0.524249 0.345857 0.436694 0.481982 0.482655 0.476136
0.524788 0.346379 0.439958 0.479943 0.481306 0.477862
0.525193 0.346205 0.438967 0.479152 0.482379 0.477502
0.527907 0.345939 0.439398 0.480047 0.483621 0.479038
0.528043 0.346841 0.439398 0.480397 0.483275 0.479210
0.528879 0.346656 0.437615 0.482211 0.482482 0.476267
0.529961 0.347015 0.441441 0.481876 0.485313 0.482337
0.531201 0.347594 0.443296 0.482791 0.486922 0.481652
0.529763 0.347954 0.439502 0.482325 0.484666 0.477629
0.529626 0.348781 0.441145 0.485564 0.485535 0.482687
0.530665 0.349812 0.442236 0.485571 0.486432 0.481251
0.531144 0.350135 0.439714 0.486493 0.487620 0.479972
0.535311 0.349206 0.446499 0.485557 0.491250 0.477039
0.535733 0.349394 0.450066 0.485442 0.491135 0.478599
0.535330 0.348925 0.441472 0.485557 0.489238 0.480083
0.535396 0.349839 0.438425 0.487776 0.487386 0.481953
0.536803 0.349650 0.441713 0.487425 0.488266 0.482543
0.535470 0.350216 0.442415 0.488004 0.487891 0.480823
0.536156 0.350162 0.444975 0.487881 0.487522 0.477299
0.536156 0.350607 0.446599 0.489290 0.488032 0.479759
0.536034 0.350513 0.444062 0.490120 0.487909 0.480631
0.537853 0.350797 0.445271 0.490949 0.487657 0.480742
0.538137 0.350674 0.446893 0.489172 0.487891 0.480769
0.538705 0.350391 0.447515 0.489644 0.487412 0.480213
0.538563 0.350013 0.447781 0.489762 0.487645 0.478421
0.538705 0.349087 0.447753 0.491640 0.487024 0.478863
0.538563 0.348900 0.449441 0.491879 0.486799 0.479446
0.538563 0.348176 0.451252 0.492835 0.487425 0.479133
0.538848 0.348200 0.449360 0.492241 0.484073 0.481095
0.540276 0.348269 0.450772 0.493440 0.486466 0.481112
0.540132 0.349475 0.449349 0.491883 0.485736 0.480769
0.539704 0.351162 0.444120 0.493680 0.483492 0.481731
0.538563 0.350499 0.450412 0.493453 0.485643 0.485236
0.538299 0.351446 0.450599 0.494303 0.486948 0.486587
0.538584 0.351337 0.450239 0.493941 0.487296 0.490645
0.540154 0.351147 0.452850 0.493220 0.486000 0.488226
0.539868 0.351256 0.451931 0.491779 0.486243 0.489510
0.538157 0.351541 0.447523 0.488819 0.485335 0.489402
0.538015 0.351527 0.445479 0.491665 0.488571 0.493057
0.538157 0.351527 0.449175 0.490480 0.488278 0.492938
0.539725 0.350972 0.453795 0.489172 0.486792 0.489282
0.541301 0.350688 0.454691 0.488819 0.485951 0.486989
0.539153 0.349933 0.452559 0.489167 0.488068 0.491088
0.537975 0.351052 0.443823 0.488937 0.489281 0.492239
0.538563 0.352242 0.450359 0.489418 0.491056 0.490650
0.542895 0.353675 0.453454 0.488115 0.487597 0.489506
0.542485 0.353901 0.452800 0.489060 0.488092 0.488941
0.543640 0.354286 0.453719 0.488937 0.488839 0.487544
0.543930 0.353997 0.452527 0.491558 0.489940 0.491109
0.545965 0.354382 0.450588 0.490848 0.486948 0.490016
0.547281 0.354382 0.452051 0.489300 0.486865 0.488796
0.546695 0.353771 0.452190 0.490361 0.487115 0.487221
0.546988 0.352750 0.453308 0.490598 0.483823 0.487742
0.541766 0.352384 0.450933 0.489998 0.483702 0.489347
0.541766 0.352002 0.450253 0.490470 0.482733 0.488769
0.540419 0.352670 0.451346 0.491071 0.482895 0.489700
0.543443 0.353867 0.454328 0.491776 0.483168 0.491708
0.544655 0.354014 0.453553 0.493214 0.481793 0.492037
0.541457 0.352288 0.450160 0.492729 0.483735 0.491911
0.541027 0.351987 0.452095 0.492025 0.483887 0.491236
0.541292 0.352798 0.449681 0.492862 0.482271 0.491092
0.544341 0.353005 0.450465 0.493104 0.482895 0.491220
0.543617 0.353913 0.451938 0.493343 0.483160 0.491273
0.543472 0.354874 0.452102 0.492148 0.482178 0.492859
0.542063 0.352862 0.449468 0.492866 0.484894 0.496938
0.541490 0.351264 0.449175 0.490957 0.483680 0.497757
0.540884 0.353418 0.452780 0.491918 0.481710 0.493086
0.544631 0.354856 0.455588 0.493227 0.482452 0.491822
0.544486 0.355145 0.452077 0.492155 0.483271 0.491003
0.545891 0.354280 0.451733 0.490848 0.482895 0.493183
0.545067 0.353339 0.449774 0.490598 0.483887 0.493051
0.544874 0.352751 0.450479 0.490970 0.486862 0.493421
0.546037 0.352751 0.453358 0.489781 0.486166 0.491117
0.542319 0.352371 0.453358 0.490484 0.483807 0.490871
0.543328 0.352561 0.451956 0.491089 0.484564 0.491228
0.544512 0.351991 0.450412 0.489904 0.484691 0.492149
0.544802 0.352656 0.450412 0.490375 0.484572 0.492964
0.544802 0.352830 0.452660 0.491329 0.486320 0.491708
0.543646 0.352941 0.454280 0.491799 0.481646 0.491142
0.545527 0.353227 0.452539 0.492037 0.484252 0.491028
0.547276 0.353020 0.452007 0.493349 0.484045 0.492869
0.544341 0.353227 0.450386 0.492271 0.484267 0.491339
0.546378 0.353497 0.455467 0.491677 0.484314 0.491024
0.548085 0.353497 0.456290 0.490966 0.485728 0.491937
0.548232 0.352497 0.453867 0.491791 0.485348 0.490645
0.546474 0.352561 0.454497 0.489786 0.486460 0.492272
0.547791 0.353132 0.453333 0.489070 0.485348 0.493051
0.550604 0.352181 0.453867 0.489070 0.483633 0.491884
0.550013 0.353593 0.456000 0.492508 0.483611 0.492740
0.548007 0.353530 0.454279 0.491440 0.482818 0.492149
0.546837 0.353148 0.454012 0.491198 0.483113 0.492261
0.547810 0.353418 0.454715 0.489899 0.483121 0.490747
0.547225 0.353609 0.454691 0.490966 0.482775 0.490403
0.548689 0.353896 0.453916 0.490730 0.481907 0.489934
0.546933 0.353896 0.454788 0.491689 0.482413 0.490054
0.546496 0.353800 0.452026 0.492041 0.481229 0.490495
0.546642 0.353800 0.452438 0.491922 0.480624 0.490509
0.546883 0.354358 0.453454 0.491574 0.481391 0.493908
0.547517 0.353800 0.452508 0.490975 0.481581 0.490615
0.546351 0.353593 0.454691 0.490730 0.481725 0.493671
0.545479 0.353020 0.452318 0.489668 0.483171 0.493790
0.545334 0.351991 0.450438 0.489076 0.481364 0.493086
0.545817 0.353784 0.456187 0.492285 0.480816 0.496129
0.542994 0.353451 0.454715 0.490361 0.479796 0.492138
0.546766 0.353371 0.455662 0.490826 0.482095 0.493090
0.548249 0.353817 0.456876 0.492375 0.481761 0.494134
0.546620 0.352718 0.454206 0.490940 0.479522 0.494575
0.549277 0.353052 0.458389 0.492367 0.481851 0.493894
0.547205 0.353084 0.455929 0.490935 0.480690 0.493208
0.547256 0.352687 0.454207 0.489172 0.481481 0.493205
0.550763 0.353211 0.457014 0.492393 0.481176 0.497290
0.548396 0.353418 0.452660 0.489300 0.479329 0.496686
0.549051 0.353593 0.454811 0.492736 0.480905 0.493436
0.549239 0.353211 0.454521 0.492259 0.477870 0.491581
0.547931 0.353036 0.453071 0.490716 0.476942 0.492720
0.549251 0.353227 0.450850 0.492992 0.475834 0.494115
0.550334 0.354071 0.452444 0.492278 0.478124 0.495061
0.551282 0.353896 0.454835 0.492635 0.478808 0.494358
0.551908 0.353688 0.456383 0.494431 0.479409 0.495299
0.546788 0.353418 0.451476 0.491093 0.477702 0.494353
0.547029 0.353211 0.452229 0.492638 0.477168 0.492387
0.545575 0.353020 0.452058 0.490830 0.474728 0.492730
0.548738 0.352814 0.451271 0.491071 0.473951 0.493784
0.548738 0.353402 0.452015 0.488367 0.474916 0.496120
0.544129 0.352181 0.451313 0.488702 0.474940 0.495648
0.545623 0.353975 0.451433 0.489899 0.475801 0.489387
0.544709 0.353418 0.452444 0.489644 0.473951 0.487663
0.544300 0.355285 0.453988 0.491203 0.477861 0.487901
0.544176 0.353369 0.452502 0.488344 0.479323 0.491669
0.545889 0.353655 0.453912 0.487887 0.478608 0.491335
0.551129 0.353622 0.455274 0.487192 0.476856 0.492052
0.543295 0.351996 0.455226 0.484762 0.475548 0.493891
0.542283 0.351648 0.454691 0.483029 0.473874 0.493647
0.543985 0.352026 0.453743 0.483021 0.474013 0.491339
0.543024 0.353495 0.452699 0.483595 0.476202 0.491553
0.543438 0.353982 0.454813 0.485776 0.474130 0.491466
0.542019 0.352041 0.454155 0.485660 0.474813 0.490398
0.541436 0.353636 0.455957 0.484524 0.476627 0.496340
0.538987 0.353414 0.453912 0.483456 0.472963 0.499287
0.544118 0.353760 0.455957 0.482734 0.475060 0.498706
0.545407 0.354413 0.459591 0.482439 0.479498 0.498590
0.541031 0.353383 0.457851 0.481754 0.477338 0.494616
0.538260 0.352422 0.456457 0.483037 0.477311 0.495775
0.539616 0.350924 0.457737 0.480719 0.475560 0.493470
0.543106 0.352688 0.456973 0.479604 0.477580 0.494071
0.541087 0.353606 0.458941 0.480974 0.480349 0.497659
0.539167 0.355381 0.455922 0.480501 0.478757 0.495878
0.544304 0.353734 0.457435 0.480851 0.479884 0.495464
0.537875 0.354088 0.455874 0.477644 0.477857 0.496583
0.545097 0.354700 0.463580 0.482164 0.487764 0.492049
0.539397 0.350611 0.435125 0.478799 0.467908 0.491733
0.551496 0.352547 0.456887 0.478721 0.472229 0.489915
0.554698 0.352798 0.454713 0.482473 0.479634 0.496002
0.556207 0.352687 0.455388 0.484032 0.473299 0.503124
0.558300 0.356205 0.451463 0.489270 0.472570 0.498213
0.549557 0.340040 0.442308 0.485728 0.458276 0.478976
0.541871 0.343060 0.444303 0.484693 0.467678 0.502090
0.533214 0.342643 0.450104 0.474792 0.463346 0.506226
0.525334 0.340031 0.449637 0.473432 0.461769 0.506321
0.524643 0.331937 0.445010 0.469758 0.454787 0.488470
0.519435 0.332911 0.433833 0.452061 0.449373 0.495437
0.519613 0.327852 0.435357 0.445397 0.443075 0.488002
0.522825 0.327391 0.431116 0.457352 0.453167 0.475328
0.518775 0.329846 0.418355 0.458361 0.463811 0.459636
0.513899 0.331325 0.430115 0.461522 0.465772 0.482621
0.512153 0.330114 0.433309 0.460035 0.473916 0.484062
0.516050 0.326124 0.426285 0.453753 0.467161 0.464905
0.518096 0.329811 0.425412 0.463634 0.465979 0.461365
0.512105 0.330461 0.423708 0.463826 0.462193 0.455852
0.515300 0.333584 0.425036 0.465270 0.473233 0.455605
0.510581 0.333663 0.431571 0.459948 0.475052 0.469889
0.512135 0.335657 0.443420 0.461776 0.479597 0.481505
0.516097 0.333667 0.439850 0.469050 0.483345 0.482619
0.522052 0.332081 0.439043 0.467292 0.472917 0.477124
0.525180 0.334774 0.434139 0.466622 0.471782 0.464470
0.523655 0.333418 0.431465 0.463642 0.469761 0.461745
0.517259 0.329152 0.436627 0.462541 0.476258 0.468072
0.510952 0.324877 0.442187 0.459921 0.469383 0.479652
0.501232 0.323225 0.434141 0.460377 0.469813 0.484436
0.500986 0.326986 0.429360 0.460471 0.470547 0.473446
0.509677 0.328239 0.430662 0.461742 0.470016 0.463583
0.511386 0.329967 0.433400 0.465142 0.472034 0.461827
0.510406 0.332654 0.435936 0.468743 0.470396 0.465597
0.508776 0.334346 0.441896 0.467231 0.477219 0.470339
0.511204 0.331824 0.442119 0.468250 0.472989 0.476221
0.510686 0.332487 0.441020 0.468309 0.474188 0.469383
0.516073 0.332652 0.435968 0.470191 0.470058 0.469574
0.514812 0.334529 0.434750 0.472629 0.471858 0.464286
0.517491 0.331138 0.441890 0.468233 0.472293 0.465733
0.518713 0.331315 0.442507 0.469155 0.477395 0.470664
0.517516 0.335615 0.445572 0.469906 0.479673 0.468184
0.518972 0.335627 0.447670 0.470020 0.478036 0.468512
0.522733 0.336565 0.443968 0.472485 0.473807 0.468625
0.524421 0.340267 0.449616 0.472297 0.474983 0.469332
0.528951 0.341577 0.452602 0.473684 0.478659 0.471915
0.527497 0.342784 0.451737 0.474972 0.480556 0.474337
0.530246 0.342254 0.454733 0.476989 0.483286 0.477487
0.533875 0.341841 0.451232 0.474983 0.484541 0.474143
0.533063 0.341976 0.449654 0.473947 0.485294 0.473987
0.535233 0.341444 0.450643 0.474292 0.487793 0.472890
0.536510 0.341097 0.453606 0.473553 0.489270 0.472852
0.535003 0.341546 0.457314 0.475629 0.488761 0.472377
0.535003 0.344147 0.459995 0.476578 0.490692 0.476395
0.537750 0.342686 0.459827 0.477392 0.488974 0.478280
0.536667 0.342626 0.459467 0.479781 0.488788 0.477838
0.538462 0.343709 0.458203 0.478449 0.491831 0.475728
0.536785 0.344575 0.459042 0.481448 0.492293 0.475881
0.539349 0.344980 0.460612 0.482364 0.494476 0.477116
0.539413 0.345307 0.460309 0.482981 0.494452 0.477080
0.542128 0.346426 0.460068 0.484012 0.496401 0.478517
0.540387 0.346013 0.460430 0.484005 0.496266 0.478975
0.541645 0.347073 0.460251 0.483678 0.494331 0.482182
0.540304 0.348532 0.459530 0.482593 0.493531 0.478431
0.540387 0.346610 0.460651 0.482663 0.489470 0.479268
0.536429 0.347269 0.462306 0.482971 0.491683 0.477593
0.535961 0.346793 0.462085 0.481054 0.487905 0.479877
0.536829 0.346869 0.463601 0.484800 0.492289 0.478478
0.535115 0.346194 0.461881 0.483463 0.492788 0.482155
0.532876 0.344683 0.462718 0.481627 0.489130 0.486117
0.536343 0.346594 0.461095 0.482971 0.490382 0.482691
0.535614 0.346023 0.461094 0.481080 0.485927 0.483550
0.533469 0.346475 0.458453 0.483901 0.494339 0.479755
0.530902 0.347204 0.459516 0.482106 0.493653 0.479140
0.532675 0.345902 0.460409 0.481850 0.490429 0.481342
0.533587 0.347330 0.459396 0.481431 0.494529 0.478571
0.532791 0.345753 0.459410 0.478780 0.485455 0.478793
0.537023 0.347146 0.459170 0.476734 0.486351 0.478270
0.534830 0.348964 0.457364 0.475900 0.487070 0.479696
0.535323 0.348898 0.459728 0.477294 0.486558 0.481703
0.536480 0.346875 0.459333 0.480073 0.488135 0.480017
0.533080 0.346615 0.458377 0.479314 0.489680 0.479153
0.533756 0.345160 0.457954 0.477872 0.483909 0.475658
0.533756 0.348279 0.457966 0.481558 0.491756 0.475787
0.534842 0.348874 0.459551 0.483610 0.494352 0.476024
0.536616 0.347564 0.459128 0.482806 0.490295 0.477138
0.535251 0.348674 0.457588 0.478995 0.488372 0.474149
0.537852 0.347157 0.457195 0.478670 0.481393 0.475506
0.535115 0.348323 0.456685 0.476720 0.485368 0.471247
0.535433 0.350497 0.459818 0.475295 0.487241 0.470767
0.529546 0.351565 0.460956 0.476495 0.486158 0.474435
0.538736 0.352172 0.459459 0.476686 0.484699 0.470034
0.536579 0.354420 0.460595 0.475886 0.479962 0.472609
0.540837 0.354711 0.458506 0.477588 0.488195 0.468992
0.535186 0.351832 0.458257 0.478043 0.486576 0.472035
0.531736 0.350905 0.458540 0.475354 0.485326 0.474053
0.539601 0.348898 0.460417 0.475900 0.482880 0.474437
0.537929 0.350302 0.459995 0.475085 0.481896 0.477985
0.536616 0.348946 0.460437 0.477066 0.488322 0.476170
0.534047 0.349570 0.460516 0.478389 0.489767 0.473020
0.532839 0.351837 0.460550 0.476364 0.483270 0.474100
0.539507 0.352910 0.458961 0.477195 0.482311 0.472294
0.540853 0.354304 0.460036 0.476839 0.482537 0.477243
0.533775 0.353543 0.459403 0.476147 0.484055 0.476076
0.534369 0.352341 0.459698 0.478716 0.485336 0.470435
0.535486 0.352228 0.457756 0.477951 0.481844 0.474950
0.540389 0.354864 0.458301 0.478043 0.481586 0.468373
0.535961 0.354507 0.459093 0.479781 0.482308 0.473546
0.533981 0.353527 0.457477 0.479233 0.488200 0.475658
0.533911 0.353959 0.459509 0.479818 0.485924 0.469835
0.531839 0.351896 0.455236 0.478181 0.479762 0.472063
0.543864 0.352168 0.459995 0.479380 0.481533 0.464523
0.538204 0.354668 0.459495 0.480037 0.481305 0.475077
0.541871 0.353049 0.460754 0.480419 0.491651 0.472731
0.541173 0.354271 0.463985 0.482000 0.491878 0.471797
0.539077 0.352087 0.463543 0.478131 0.482062 0.471274
0.544705 0.352802 0.463863 0.480220 0.484151 0.472707
0.538799 0.352120 0.460931 0.481737 0.486357 0.472807
0.542487 0.355620 0.462690 0.481829 0.491870 0.472887
0.542012 0.353485 0.461862 0.481193 0.488506 0.475060
0.544678 0.354078 0.463012 0.481541 0.488078 0.470345
0.544205 0.354659 0.461013 0.481532 0.488211 0.475038
0.542931 0.354249 0.460895 0.480119 0.490543 0.475226
0.544019 0.352879 0.461258 0.478854 0.489990 0.475330
0.542001 0.354139 0.458876 0.478043 0.487375 0.476422
0.544376 0.355392 0.456870 0.476428 0.484053 0.477203
0.541969 0.352988 0.460142 0.474487 0.483894 0.475315
0.548777 0.354123 0.461818 0.470942 0.483894 0.467580
0.544297 0.353285 0.453784 0.473660 0.475120 0.474804
0.531904 0.337215 0.437467 0.460508 0.463945 0.461416
0.524055 0.340393 0.430762 0.464895 0.445050 0.435419
0.538442 0.336629 0.424100 0.457234 0.459206 0.492297
0.535788 0.332903 0.428685 0.454836 0.445806 0.485301
0.547570 0.343541 0.442560 0.475052 0.460578 0.528571
0.492035 0.263643 0.376478 0.420959 0.335122 0.409383
0.512437 0.339613 0.417543 0.462077 0.442837 0.490965
0.498925 0.331719 0.406788 0.451827 0.430029 0.482300
0.498448 0.326768 0.389365 0.449327 0.421679 0.450206
0.498229 0.319532 0.320644 0.444177 0.410000 0.368960
0.431864 0.288937 0.269052 0.422589 0.372111 0.308397
0.470110 0.311321 0.312576 0.430171 0.395842 0.343340
0.480100 0.321900 0.363842 0.439851 0.402318 0.408618
0.486512 0.329624 0.373089 0.427159 0.387224 0.424614
0.483818 0.322604 0.366308 0.413266 0.378545 0.409590
0.468458 0.299153 0.329250 0.391664 0.357442 0.376877
0.467365 0.286635 0.316080 0.377190 0.343351 0.363419
0.483204 0.298155 0.337474 0.391093 0.353003 0.383378
0.497303 0.318083 0.357884 0.407291 0.371934 0.409426
0.498897 0.316910 0.354646 0.406632 0.374572 0.402789
0.489260 0.311783 0.336177 0.404360 0.370686 0.391149
0.488252 0.299663 0.328547 0.397995 0.360391 0.383083
0.486851 0.294105 0.320930 0.394525 0.355917 0.378809
0.484458 0.293898 0.325353 0.399536 0.359913 0.387246
0.487346 0.296614 0.333012 0.406986 0.361993 0.395493
0.488329 0.299711 0.337429 0.406360 0.363388 0.404468
0.490930 0.297975 0.346284 0.405516 0.366630 0.412154
0.490210 0.298891 0.355880 0.409483 0.370860 0.419595
0.494472 0.302076 0.358820 0.412113 0.374175 0.423661
0.487512 0.300643 0.358506 0.410035 0.374060 0.422822
0.481093 0.300088 0.354931 0.407688 0.373023 0.419255
0.474016 0.297244 0.352762 0.404198 0.374226 0.417482
0.474215 0.298392 0.357011 0.399235 0.378674 0.418581
0.469420 0.302336 0.357439 0.397690 0.378124 0.419467
0.472565 0.304465 0.359548 0.403008 0.378919 0.409808
0.471346 0.304241 0.353971 0.405612 0.380705 0.407552
0.471442 0.303221 0.355630 0.402696 0.378167 0.406975
0.472723 0.305290 0.356708 0.402165 0.377294 0.405601
0.470629 0.303993 0.351240 0.398708 0.376826 0.402412
0.471746 0.304249 0.356339 0.399255 0.378425 0.401200
0.470493 0.304872 0.357848 0.399724 0.376861 0.402810
0.470438 0.305023 0.363908 0.402836 0.379324 0.411855
0.469170 0.306753 0.371522 0.405318 0.375847 0.421154
0.470302 0.309912 0.383055 0.406869 0.379734 0.429777
0.471545 0.311888 0.388686 0.407789 0.382925 0.435734
0.474114 0.311090 0.393310 0.411539 0.383599 0.438993
0.478711 0.310441 0.394585 0.412382 0.385648 0.443844
0.481429 0.314158 0.395678 0.412419 0.384993 0.446378
0.481622 0.315852 0.392247 0.412028 0.388270 0.445794
0.481043 0.315020 0.387998 0.412329 0.385073 0.440007
0.481016 0.313380 0.385901 0.411597 0.384158 0.436274
0.480673 0.312956 0.384896 0.413610 0.384022 0.431085
0.480541 0.311676 0.385865 0.413477 0.387366 0.433711
0.478044 0.312191 0.387097 0.411082 0.385805 0.436256
0.479325 0.310833 0.383337 0.409563 0.386259 0.439881
0.479097 0.311661 0.386781 0.408659 0.385919 0.441281
0.477962 0.309853 0.386390 0.405416 0.383340 0.440951
0.477407 0.309474 0.382930 0.401912 0.382782 0.439151
0.474959 0.308679 0.381257 0.402955 0.382434 0.433584
0.474401 0.309820 0.382676 0.403762 0.384478 0.432442
0.473511 0.309129 0.383013 0.402587 0.385118 0.429064
0.471760 0.308694 0.382755 0.401899 0.382733 0.427616
0.471649 0.308407 0.382668 0.402015 0.382181 0.427539
0.471539 0.308281 0.382407 0.401736 0.381705 0.427462
0.471773 0.308281 0.381636 0.401696 0.381556 0.428313
0.472450 0.308121 0.381321 0.401538 0.382542 0.428701
0.472339 0.308353 0.381756 0.401696 0.382962 0.430025
0.472255 0.308210 0.384033 0.401617 0.383112 0.430808
0.472502 0.307889 0.384757 0.401538 0.383112 0.431885
0.472821 0.307746 0.384881 0.402054 0.383112 0.432437
0.472821 0.307514 0.385323 0.402292 0.383307 0.433278
0.472821 0.307585 0.385642 0.401897 0.383532 0.433810
0.472932 0.307443 0.385323 0.402094 0.383623 0.433230
0.472352 0.306713 0.386479 0.401620 0.383307 0.433682
0.472352 0.306855 0.386479 0.401224 0.382887 0.434184
0.473906 0.307710 0.386747 0.401146 0.382542 0.434423
0.473672 0.307764 0.387104 0.401146 0.382842 0.434080
0.473906 0.307961 0.386747 0.400829 0.382916 0.435039
0.473463 0.308104 0.387462 0.400948 0.382721 0.434639
0.473241 0.307674 0.387433 0.401027 0.383020 0.433921
0.475222 0.307961 0.387344 0.401186 0.382370 0.433921
0.475333 0.307871 0.387254 0.400988 0.383589 0.434184
0.475667 0.307228 0.387164 0.401385 0.383033 0.433627
0.475667 0.306800 0.386985 0.401344 0.383513 0.433230
0.475667 0.306800 0.386985 0.401265 0.383513 0.433230
0.475667 0.307156 0.386716 0.401265 0.383739 0.433388
0.475567 0.307156 0.387142 0.401344 0.384842 0.433547
0.475345 0.308211 0.387261 0.401344 0.385114 0.433547
0.475456 0.308104 0.386814 0.403053 0.384630 0.433706
0.475012 0.308320 0.386636 0.403053 0.384042 0.433547
0.475012 0.307835 0.386993 0.403053 0.384042 0.433572
0.475012 0.307692 0.387186 0.402973 0.384013 0.433468
0.474568 0.307532 0.387008 0.402654 0.384751 0.433786
0.474901 0.307674 0.387097 0.402654 0.385066 0.434264
0.474901 0.308032 0.387186 0.402654 0.385142 0.434663
0.474679 0.308246 0.387365 0.402574 0.385474 0.434903
0.473586 0.308103 0.387543 0.402335 0.386279 0.435303
0.473807 0.308032 0.387953 0.402495 0.386703 0.435945
0.473364 0.307532 0.387953 0.402973 0.386292 0.436427
0.473364 0.307871 0.388042 0.403210 0.386141 0.436726
0.473364 0.308407 0.387275 0.403328 0.385838 0.436807
0.473364 0.308121 0.387186 0.402772 0.385566 0.437073
0.473807 0.307889 0.387186 0.402772 0.387659 0.437488
0.473918 0.307889 0.388401 0.402852 0.387659 0.437651
0.473918 0.307532 0.388311 0.402734 0.387356 0.437095
0.473586 0.307603 0.388311 0.403213 0.387507 0.436794
0.473795 0.307532 0.386829 0.403373 0.389205 0.436562
0.473241 0.307764 0.386918 0.403693 0.389129 0.436158
0.473241 0.307835 0.387008 0.404014 0.390570 0.436320
0.473795 0.307621 0.387275 0.403774 0.390110 0.436401
0.473795 0.307336 0.387275 0.403972 0.390397 0.436805
0.473906 0.306892 0.387991 0.403812 0.390014 0.436643
0.474140 0.306910 0.387991 0.403732 0.389980 0.436458
0.474029 0.306485 0.388260 0.403411 0.390057 0.437025
0.474029 0.307052 0.387901 0.403610 0.390825 0.437755
0.474386 0.307283 0.387991 0.403088 0.391244 0.437755
0.474509 0.307070 0.389571 0.403245 0.391099 0.437755
0.474509 0.307141 0.391122 0.403366 0.390671 0.437454
0.474953 0.307070 0.389870 0.403207 0.389947 0.437372
0.474842 0.306504 0.390759 0.403405 0.390024 0.437454
0.474842 0.306362 0.390102 0.404082 0.390186 0.437558
0.475510 0.306292 0.390981 0.403203 0.390110 0.437720
0.475844 0.306433 0.391072 0.403203 0.390954 0.437535
0.476190 0.306184 0.390981 0.403283 0.390757 0.437977
0.476974 0.305901 0.390981 0.403162 0.390603 0.439530
0.477964 0.305690 0.390436 0.403880 0.389914 0.440374
0.477064 0.306042 0.390556 0.403724 0.389292 0.441116
0.477176 0.305620 0.390193 0.404125 0.389977 0.441447
0.477064 0.306184 0.390839 0.404445 0.391014 0.441860
0.478641 0.306184 0.390930 0.404445 0.388540 0.442192
0.478754 0.306254 0.390839 0.404205 0.388540 0.442608
0.478980 0.306042 0.391942 0.404319 0.388540 0.442857
0.478754 0.305972 0.390669 0.404238 0.388551 0.443024
0.479103 0.305901 0.390810 0.404078 0.388323 0.443107
0.479093 0.305972 0.391466 0.404238 0.388323 0.443545
0.479773 0.306184 0.391516 0.403679 0.388095 0.443545
0.480114 0.306892 0.392020 0.403793 0.388095 0.443462
0.480341 0.306184 0.392020 0.404352 0.387715 0.443378
0.480114 0.306537 0.393115 0.404352 0.387715 0.442916
0.479773 0.306537 0.392111 0.403076 0.387488 0.443752
0.480000 0.306537 0.392343 0.404352 0.387488 0.443334
0.480114 0.306537 0.393827 0.404512 0.387564 0.443167
0.480227 0.307034 0.394010 0.404512 0.386990 0.443418
0.481385 0.308032 0.394333 0.404752 0.387444 0.443250
0.480683 0.308318 0.394608 0.404672 0.387204 0.443250
0.480683 0.308175 0.394700 0.404474 0.386870 0.443167
0.480569 0.308175 0.395343 0.405722 0.386794 0.443167
0.480569 0.308175 0.395940 0.405803 0.386945 0.443920
0.481157 0.308175 0.395940 0.405884 0.386945 0.443167
0.481157 0.308246 0.396222 0.405884 0.387097 0.442583
0.481385 0.308103 0.396407 0.405765 0.387400 0.442500
0.481385 0.307674 0.396407 0.405202 0.386528 0.442000
0.481025 0.307674 0.396407 0.405765 0.386604 0.441834
0.480797 0.307746 0.396499 0.405647 0.388922 0.441917
0.480797 0.308389 0.395945 0.406008 0.388998 0.442083
0.480797 0.308676 0.395945 0.405486 0.389074 0.442416
0.481499 0.308103 0.395945 0.405164 0.389074 0.441834
0.481166 0.308103 0.395208 0.405164 0.389226 0.441834
0.481280 0.307960 0.395576 0.405325 0.389303 0.441585
0.481517 0.309108 0.395761 0.405244 0.388747 0.441668
0.481517 0.309019 0.396777 0.405921 0.388900 0.441254
0.481517 0.309163 0.397055 0.406039 0.388824 0.442500
0.481859 0.308875 0.397289 0.406039 0.388900 0.442167
0.481859 0.308875 0.396363 0.406039 0.388900 0.442416
0.481745 0.308731 0.396363 0.405878 0.389205 0.442416
0.481745 0.307889 0.396455 0.406200 0.389554 0.442083
0.482431 0.307889 0.396455 0.406200 0.389707 0.442167
0.482431 0.307603 0.396825 0.406685 0.389707 0.442311
0.482431 0.307603 0.396825 0.406405 0.389587 0.442811
0.482308 0.307817 0.396918 0.406486 0.389971 0.442561
0.482185 0.308032 0.397475 0.406648 0.389971 0.442561
0.482185 0.308103 0.397568 0.406648 0.390124 0.442373
0.481596 0.308567 0.397661 0.407053 0.390585 0.441830
0.481596 0.308639 0.397661 0.407053 0.391553 0.442413
0.481596 0.308817 0.395599 0.407134 0.390696 0.442685
0.482177 0.308817 0.395877 0.407378 0.391038 0.442685
0.482291 0.308960 0.395877 0.407622 0.391038 0.442268
0.482636 0.309032 0.395877 0.407703 0.391115 0.442101
0.484248 0.309104 0.396156 0.407666 0.390653 0.442852
0.484248 0.309104 0.396434 0.407992 0.390533 0.443019
0.483771 0.309104 0.396527 0.407792 0.392122 0.442601
0.483886 0.309104 0.396621 0.407955 0.392002 0.442496
0.484002 0.309104 0.396527 0.407592 0.392002 0.442830
0.484002 0.309175 0.396904 0.407385 0.392002 0.442830
0.484118 0.309695 0.397276 0.407060 0.392200 0.442725
0.484002 0.309049 0.398072 0.407467 0.392822 0.443478
0.483771 0.309408 0.397885 0.407467 0.392900 0.443646
0.484002 0.309264 0.398353 0.407467 0.392978 0.443898
0.484812 0.309192 0.398634 0.407467 0.393212 0.443961
0.484928 0.309192 0.397038 0.407711 0.392355 0.443961
0.484233 0.309192 0.397038 0.407874 0.392355 0.444529
0.484928 0.309192 0.395921 0.407874 0.392200 0.444760
0.485044 0.308762 0.397647 0.407437 0.392044 0.444845
0.485865 0.308762 0.397086 0.407437 0.392044 0.444845
0.485865 0.308619 0.398776 0.407437 0.392044 0.444950
0.485995 0.308762 0.398120 0.407437 0.392044 0.444466
0.485995 0.308762 0.396072 0.407356 0.392044 0.444466
0.485995 0.309049 0.395979 0.407518 0.392122 0.444108
0.485762 0.309049 0.396536 0.407600 0.392277 0.444023
0.485762 0.309192 0.396721 0.407600 0.392510 0.444108
0.485762 0.308905 0.396443 0.407600 0.392433 0.444129
0.485762 0.308905 0.396165 0.407274 0.392433 0.444129
0.485762 0.309049 0.396632 0.407356 0.393759 0.444213
0.486111 0.309120 0.395191 0.407600 0.393759 0.444213
0.486111 0.309192 0.395284 0.407926 0.393098 0.444381
0.486694 0.308762 0.395892 0.407363 0.393176 0.444381
0.486228 0.308762 0.396866 0.407163 0.392978 0.444381
0.486344 0.308834 0.397052 0.407489 0.393176 0.444381
0.486344 0.309049 0.395838 0.407489 0.392786 0.443981
0.486344 0.308905 0.395785 0.406881 0.393183 0.443813
0.486344 0.309480 0.395692 0.406681 0.392758 0.444318
0.486461 0.309336 0.396818 0.406844 0.392836 0.444697
0.486461 0.309336 0.396818 0.406844 0.392914 0.445120
0.486927 0.309120 0.395692 0.407370 0.392758 0.445120
0.486111 0.309192 0.396818 0.407014 0.392681 0.445394
0.486927 0.309120 0.397004 0.407058 0.392681 0.444951
0.485872 0.309264 0.397847 0.406895 0.392681 0.445035
0.486687 0.308728 0.398641 0.407140 0.392758 0.445035
0.486687 0.308585 0.398641 0.408570 0.394162 0.445035
0.485872 0.308728 0.398734 0.408570 0.394240 0.444782
0.485872 0.309159 0.397523 0.408323 0.393537 0.444866
0.485755 0.309230 0.398921 0.408570 0.393657 0.445797
0.485755 0.308837 0.397802 0.408488 0.392956 0.446008
0.485995 0.308765 0.397895 0.408405 0.393903 0.445753
0.485291 0.308694 0.398174 0.408570 0.393903 0.444739
0.485175 0.308605 0.396966 0.408570 0.393748 0.444824
0.485872 0.308355 0.396966 0.408734 0.391098 0.444908
0.485872 0.308355 0.396966 0.408853 0.391021 0.444908
0.486221 0.308211 0.397059 0.408652 0.391253 0.444402
0.485988 0.308050 0.396874 0.408652 0.391330 0.444571
0.485407 0.308337 0.397059 0.408204 0.389736 0.444824
0.486111 0.308337 0.397244 0.408286 0.389891 0.444824
0.485523 0.308265 0.396874 0.408286 0.389770 0.445351
0.485523 0.308265 0.396319 0.407467 0.389770 0.444929
0.485755 0.308337 0.396042 0.407467 0.389824 0.444087
0.485639 0.308409 0.395858 0.407958 0.390157 0.444339
0.485872 0.308104 0.396042 0.407876 0.390002 0.444339
0.485872 0.308104 0.396275 0.408077 0.389925 0.444003
0.486104 0.308104 0.395538 0.407995 0.391235 0.443835
0.485523 0.308392 0.395770 0.407831 0.392758 0.445098
0.485742 0.308392 0.396003 0.407341 0.392523 0.445287
0.486441 0.308858 0.396003 0.407341 0.392523 0.445034
0.486324 0.309091 0.395543 0.407014 0.392523 0.445900
0.486441 0.309019 0.395171 0.407014 0.392523 0.446005
0.487260 0.309307 0.396090 0.407415 0.394794 0.445644
0.487025 0.309668 0.394987 0.407415 0.394638 0.445749
0.487025 0.309902 0.396090 0.407496 0.395072 0.445749
0.486908 0.309902 0.397114 0.407697 0.395270 0.446171
0.485509 0.310627 0.396191 0.407615 0.393084 0.446490
0.485509 0.309925 0.396283 0.407534 0.393084 0.446744
0.485509 0.309129 0.395780 0.409018 0.393241 0.446914
0.484349 0.309418 0.395592 0.409018 0.392928 0.446914
0.484704 0.308968 0.396327 0.409018 0.393589 0.446659
0.484704 0.309040 0.396512 0.409803 0.393198 0.446490
0.484704 0.309040 0.396512 0.410215 0.393198 0.446490
0.485516 0.309040 0.396191 0.410298 0.392964 0.446490
0.485400 0.308392 0.396380 0.410050 0.393205 0.445728
0.485284 0.308248 0.396564 0.409968 0.393482 0.445813
0.485749 0.308409 0.396656 0.410050 0.391054 0.445813
0.485749 0.308625 0.397534 0.410050 0.391443 0.446066
0.485865 0.308625 0.397627 0.409968 0.391287 0.446066
0.485981 0.308625 0.396796 0.411042 0.390898 0.445728
0.486331 0.308659 0.396564 0.411042 0.392623 0.445307
0.486681 0.308659 0.396656 0.411290 0.393368 0.446574
0.486927 0.308372 0.394184 0.411290 0.393446 0.446829
0.486927 0.308372 0.394548 0.411575 0.393446 0.447083
0.487278 0.307942 0.394548 0.412740 0.393680 0.447338
0.487278 0.307942 0.394366 0.412740 0.394319 0.448874
0.487278 0.308014 0.393458 0.414248 0.394198 0.449046
0.487278 0.308246 0.394457 0.413493 0.394361 0.449046
0.489904 0.308246 0.394688 0.412942 0.395460 0.449046
0.489668 0.307889 0.394785 0.412907 0.395303 0.447849
0.489551 0.308318 0.394877 0.412240 0.396655 0.447719
0.489786 0.308605 0.394822 0.412679 0.396256 0.447784
0.489305 0.309613 0.394457 0.412727 0.396057 0.447869
0.489065 0.309379 0.394640 0.412596 0.395937 0.447869
0.488830 0.309019 0.394731 0.411848 0.395386 0.449552
0.487881 0.309235 0.393897 0.411931 0.395307 0.449723
0.487530 0.309524 0.394171 0.412181 0.395779 0.449685
0.487179 0.309363 0.394676 0.411479 0.396174 0.449685
0.487413 0.309363 0.394956 0.411563 0.396648 0.449342
0.488819 0.309201 0.395824 0.411812 0.396848 0.449085
0.488702 0.309274 0.393541 0.411848 0.396531 0.449342
0.488702 0.309563 0.393541 0.411931 0.396610 0.448999
0.488819 0.309563 0.394360 0.411693 0.396170 0.449065
0.488819 0.309346 0.393904 0.411777 0.396091 0.450421
0.488819 0.309490 0.393855 0.411943 0.396091 0.450594
0.488819 0.309708 0.395916 0.412194 0.396170 0.450680
0.488339 0.309998 0.396099 0.412110 0.396091 0.450249
0.488339 0.310434 0.396564 0.412444 0.396091 0.449904
0.488702 0.309965 0.397950 0.411741 0.396091 0.449170
0.488702 0.310038 0.397905 0.413325 0.395933 0.449018
0.488350 0.309892 0.397669 0.413158 0.395261 0.448545
0.487647 0.310038 0.399160 0.413242 0.395182 0.448506
0.487998 0.309965 0.399067 0.413493 0.395418 0.448506
0.488238 0.309965 0.398879 0.413423 0.396841 0.448676
0.488238 0.311572 0.399439 0.413674 0.396803 0.449104
0.488238 0.311572 0.399719 0.412756 0.397121 0.449104
0.488238 0.311866 0.401127 0.412986 0.397677 0.448742
0.488825 0.311499 0.400469 0.412902 0.397079 0.448913
0.488825 0.311352 0.400234 0.412698 0.397079 0.447974
0.488825 0.311645 0.400610 0.413035 0.396841 0.447634
0.488825 0.311132 0.400610 0.413265 0.397159 0.448099
0.489766 0.310547 0.400047 0.414694 0.397000 0.447843
0.489766 0.310547 0.400141 0.414440 0.397000 0.447843
0.489766 0.310547 0.400845 0.414440 0.396962 0.447543
0.489526 0.310547 0.400421 0.414440 0.396528 0.447373
0.489408 0.310183 0.399580 0.414609 0.396528 0.446696
0.489526 0.310183 0.399767 0.414525 0.396765 0.447014
0.489285 0.310183 0.399301 0.415749 0.396689 0.446676
0.488814 0.310329 0.399022 0.415664 0.396610 0.446337
0.489167 0.310474 0.398743 0.415291 0.396810 0.445747
0.489167 0.310183 0.398882 0.415375 0.396174 0.445578
0.488573 0.310110 0.398696 0.414286 0.396053 0.445410
0.488333 0.310693 0.398882 0.413962 0.396924 0.445662
0.487149 0.310620 0.397302 0.414470 0.396686 0.445915
0.487149 0.310150 0.397719 0.414809 0.396765 0.446253
0.486798 0.310078 0.397719 0.414470 0.396607 0.446253
0.484296 0.310223 0.398183 0.414639 0.396844 0.446168
0.484296 0.310515 0.398275 0.414894 0.396844 0.445662
0.481899 0.310734 0.398090 0.414809 0.396686 0.446125
0.481899 0.310808 0.398183 0.414689 0.398039 0.446378
0.481899 0.310296 0.398183 0.414809 0.397959 0.446293
0.481899 0.310296 0.398275 0.414809 0.398118 0.446209
0.481899 0.309552 0.398275 0.414470 0.397800 0.445788
0.481899 0.309189 0.399206 0.414131 0.397800 0.445367
0.484885 0.309334 0.399113 0.414047 0.397482 0.445031
0.485234 0.309479 0.397812 0.413878 0.397641 0.445199
0.487395 0.309479 0.397627 0.414082 0.398198 0.445283
0.487161 0.309843 0.398092 0.413962 0.398118 0.446040
0.488227 0.309172 0.397487 0.413878 0.397126 0.446209
0.488462 0.308810 0.397487 0.413878 0.396968 0.446378
0.488702 0.307800 0.397814 0.413878 0.397523 0.446125
0.488702 0.307872 0.397630 0.413709 0.397444 0.445956
0.488232 0.307944 0.397770 0.413709 0.397364 0.445956
0.488232 0.308448 0.397862 0.413793 0.397364 0.446250
0.488232 0.308955 0.398047 0.413758 0.397206 0.446503
0.488932 0.308376 0.398696 0.413758 0.397877 0.446672
0.488932 0.308737 0.398789 0.414047 0.396355 0.446925
0.488932 0.308810 0.399348 0.414216 0.396355 0.446165
0.488932 0.308882 0.399441 0.414251 0.396355 0.446165
0.489049 0.308810 0.399534 0.413962 0.395205 0.446081
0.489049 0.308575 0.399813 0.413962 0.395205 0.445977
0.489049 0.308503 0.401217 0.414944 0.396071 0.445808
0.488686 0.309445 0.399627 0.414859 0.396071 0.445892
0.489049 0.309445 0.401311 0.414654 0.395358 0.445808
0.488568 0.309664 0.400515 0.414689 0.395558 0.445556
0.488932 0.309664 0.400047 0.413638 0.395400 0.445136
0.488809 0.309445 0.400842 0.413132 0.395084 0.444800
0.488819 0.309445 0.400655 0.413589 0.395005 0.444800
0.487752 0.309518 0.400655 0.413589 0.395005 0.444800
0.488339 0.309373 0.400936 0.413589 0.392408 0.444800
0.487050 0.309518 0.400374 0.413216 0.392408 0.445220
0.487050 0.309591 0.400421 0.413301 0.391547 0.445556
0.488350 0.309518 0.401028 0.412747 0.392408 0.445472
0.488350 0.309882 0.400841 0.412902 0.392094 0.445472
0.488350 0.310028 0.401028 0.412350 0.392094 0.445220
0.488350 0.310101 0.401028 0.412266 0.394453 0.445304
0.483786 0.310247 0.402250 0.412147 0.394453 0.445640
0.482858 0.309737 0.402439 0.412315 0.394375 0.445808
0.482502 0.309574 0.402488 0.412076 0.394296 0.446020
0.482734 0.309720 0.402771 0.413336 0.394217 0.446020
0.483313 0.309574 0.402771 0.413505 0.394375 0.445747
0.483189 0.309720 0.402771 0.412052 0.394375 0.446000
0.483189 0.309720 0.402488 0.411477 0.394139 0.446000
0.483189 0.309866 0.402299 0.411609 0.394139 0.445915
0.483073 0.309866 0.402582 0.411573 0.392722 0.445915
0.483538 0.309429 0.402488 0.411741 0.391943 0.445915
0.483189 0.309574 0.402488 0.411741 0.389683 0.446168
0.482850 0.309356 0.402205 0.411657 0.389760 0.446821
0.484652 0.309356 0.402299 0.411657 0.389992 0.446821
0.484536 0.309429 0.402582 0.411573 0.390768 0.446905
0.484885 0.309429 0.402677 0.412077 0.393113 0.447199
0.484885 0.308558 0.402771 0.411993 0.392957 0.447199
0.485351 0.308558 0.403150 0.412077 0.392644 0.447030
0.485110 0.308413 0.402866 0.411705 0.392921 0.447284
0.485110 0.308341 0.402680 0.411873 0.390336 0.446861
0.485110 0.308341 0.404240 0.411621 0.390535 0.446607
0.485110 0.308341 0.404240 0.411621 0.390346 0.446523
0.484994 0.308413 0.403765 0.411621 0.390346 0.446523
0.484994 0.308413 0.403955 0.411621 0.390346 0.446523
0.484878 0.308413 0.404050 0.411369 0.390346 0.446523
0.484878 0.308413 0.403575 0.411249 0.392609 0.446523
0.484638 0.308630 0.404050 0.411249 0.393156 0.447114
0.484638 0.308993 0.404145 0.410914 0.393234 0.447707
0.484638 0.309300 0.404145 0.411082 0.393234 0.447962
0.484638 0.310320 0.403534 0.411165 0.393390 0.447962
0.484638 0.310467 0.403344 0.411753 0.392843 0.449240
0.483933 0.309361 0.402585 0.411837 0.393234 0.449154
0.484049 0.309507 0.402302 0.411669 0.393547 0.449753
0.484390 0.309232 0.402302 0.411585 0.393782 0.449240
0.483925 0.308416 0.402396 0.411417 0.394448 0.448813
0.483577 0.307927 0.402302 0.412005 0.394369 0.448747
0.483577 0.307927 0.402302 0.412089 0.394527 0.448832
0.483925 0.307927 0.402585 0.412089 0.394527 0.448918
0.484165 0.307782 0.402207 0.412089 0.394605 0.449088
0.485563 0.307638 0.402207 0.412005 0.394254 0.449088
0.485446 0.308017 0.402113 0.412209 0.391582 0.449173
0.485446 0.308017 0.400796 0.412245 0.394254 0.449173
0.485446 0.307800 0.400796 0.412245 0.391703 0.448918
0.485446 0.307800 0.400796 0.412245 0.392059 0.449003
0.485446 0.308451 0.400796 0.412136 0.392137 0.448918
0.485446 0.307999 0.400608 0.412136 0.394884 0.449857
0.485446 0.308089 0.400796 0.412220 0.394490 0.449496
0.485570 0.308089 0.400702 0.412016 0.392372 0.449581
0.485804 0.308378 0.400889 0.412220 0.392372 0.449838
0.485446 0.308451 0.401171 0.412808 0.394647 0.449962
0.485089 0.308433 0.401265 0.413083 0.394647 0.450133
0.482998 0.307170 0.401359 0.413673 0.395792 0.450048
0.482998 0.306736 0.401830 0.413758 0.396268 0.450048
0.482420 0.306808 0.402814 0.413842 0.396348 0.449962
0.482075 0.307312 0.401453 0.413892 0.396109 0.450000
0.481844 0.307457 0.401924 0.413709 0.395554 0.449743
0.481844 0.308546 0.403052 0.413793 0.392714 0.450428
0.481844 0.308619 0.402863 0.413878 0.392478 0.450428
0.482651 0.308109 0.403430 0.414131 0.392793 0.450342
0.482651 0.307964 0.405437 0.413624 0.392793 0.450171
0.484856 0.307910 0.405722 0.412902 0.392243 0.449573
0.484281 0.307403 0.405247 0.412889 0.395000 0.449573
0.484281 0.306232 0.405247 0.413274 0.395000 0.450086
0.484281 0.306232 0.404639 0.413274 0.395000 0.450171
0.483585 0.306232 0.404639 0.413442 0.395000 0.449573
0.483238 0.305445 0.405247 0.413260 0.394684 0.449061
0.482767 0.305536 0.405247 0.413393 0.394684 0.448805
0.483461 0.305893 0.405247 0.413189 0.394684 0.449658
0.482882 0.305659 0.405722 0.413274 0.394921 0.449743
0.483693 0.305874 0.404206 0.413070 0.395000 0.450086
0.483693 0.306017 0.405152 0.413154 0.395792 0.450409
0.483445 0.306089 0.405152 0.413575 0.395712 0.450771
0.483445 0.306089 0.405152 0.413336 0.395833 0.450771
0.483329 0.306232 0.404071 0.413168 0.395158 0.451429
0.482866 0.306304 0.404022 0.413168 0.392757 0.451085
0.482866 0.306089 0.405253 0.413168 0.392757 0.450913
0.482866 0.306017 0.405253 0.412999 0.391973 0.450314
0.483221 0.305946 0.405488 0.412999 0.393709 0.450228
0.482759 0.306089 0.405913 0.413168 0.392294 0.449972
0.483337 0.305874 0.405716 0.413168 0.392294 0.450057
0.482528 0.305874 0.405621 0.412291 0.392294 0.449034
0.483801 0.305731 0.405716 0.412375 0.392650 0.449289
0.482297 0.306414 0.404022 0.412375 0.392650 0.449905
0.481490 0.306629 0.403636 0.412543 0.394726 0.450332
0.479886 0.306486 0.403079 0.412340 0.394726 0.450589
0.479762 0.306935 0.404350 0.412424 0.394805 0.450332
0.479762 0.306935 0.404116 0.411968 0.394805 0.450418
0.481022 0.307223 0.404116 0.411154 0.392607 0.450589
0.480668 0.307079 0.404116 0.411154 0.393770 0.450656
0.480774 0.307151 0.404116 0.411957 0.394006 0.450228
0.482147 0.307223 0.405158 0.412161 0.393885 0.450913
0.481668 0.307367 0.405913 0.412919 0.393964 0.450656
0.481668 0.307277 0.406338 0.413003 0.393964 0.451361
0.482147 0.306882 0.405621 0.413003 0.394363 0.450999
0.482147 0.306919 0.405716 0.412835 0.394363 0.451085
0.481119 0.307063 0.405621 0.412750 0.394285 0.450570
0.481128 0.307225 0.405716 0.412413 0.394285 0.450846
0.481933 0.307153 0.405906 0.412497 0.394363 0.450675
0.481703 0.307297 0.405906 0.412413 0.394363 0.450846
0.481703 0.307584 0.405716 0.412497 0.396562 0.451275
0.483670 0.307350 0.405621 0.412919 0.396562 0.451429
0.485067 0.307566 0.405621 0.412919 0.396242 0.451515
0.485067 0.307927 0.405526 0.412679 0.396400 0.452204
0.484484 0.307999 0.405526 0.412607 0.396479 0.451859
0.484601 0.307999 0.405621 0.412403 0.396876 0.451773
0.484601 0.308506 0.404012 0.412282 0.396714 0.451877
0.484360 0.309451 0.404957 0.412679 0.396873 0.452136
0.484477 0.310475 0.406001 0.412559 0.396873 0.452222
0.484943 0.310239 0.406382 0.412247 0.396635 0.452136
0.484710 0.310239 0.406382 0.412728 0.397668 0.452086
0.484827 0.310239 0.406382 0.412222 0.396950 0.453122
0.485411 0.309215 0.406668 0.413235 0.397631 0.452776
0.484943 0.309288 0.406764 0.413030 0.397552 0.453920
