0.763955 0.734062 0.739472 0.717819 0.754160 0.689630
0.775755 0.746767 0.753179 0.726053 0.761183 0.700744
0.787462 0.749914 0.766611 0.727793 0.765764 0.719254
0.791471 0.746819 0.760252 0.727193 0.767827 0.724789
0.794030 0.740656 0.755248 0.722582 0.763447 0.719575
0.794338 0.740987 0.753075 0.723242 0.759433 0.727956
0.796303 0.745582 0.753228 0.731332 0.755689 0.723848
0.796350 0.751923 0.751018 0.734811 0.755007 0.726737
0.794567 0.757235 0.750299 0.739697 0.758393 0.728790
0.797373 0.758102 0.756433 0.742295 0.760015 0.732072
0.805968 0.764571 0.759140 0.751190 0.764871 0.738442
0.813910 0.775662 0.762752 0.759860 0.771631 0.744383
0.824664 0.776823 0.775862 0.772613 0.780335 0.750513
0.832691 0.782285 0.784537 0.782685 0.788294 0.754739
0.839707 0.790698 0.789212 0.785473 0.792635 0.761345
0.844922 0.791118 0.797228 0.790558 0.796873 0.763795
0.851420 0.789853 0.800095 0.792759 0.800636 0.768276
0.845694 0.788786 0.801163 0.793780 0.800000 0.770719
0.839880 0.782708 0.798787 0.787144 0.798185 0.769329
0.836386 0.782993 0.793022 0.780921 0.793476 0.764141
0.834289 0.778415 0.790275 0.771794 0.791206 0.757727
0.825528 0.771524 0.789030 0.765038 0.780724 0.757200
0.813627 0.765489 0.784524 0.754170 0.770828 0.750961
0.811841 0.762550 0.779821 0.751317 0.775046 0.749197
0.806638 0.761445 0.776251 0.744849 0.771067 0.750096
0.805384 0.757363 0.772303 0.739371 0.762309 0.746034
0.802391 0.754776 0.771422 0.737313 0.755821 0.747027
0.805160 0.753336 0.772956 0.738152 0.757583 0.745361
0.812366 0.754311 0.776412 0.745758 0.761788 0.746884
0.815578 0.757238 0.781254 0.751351 0.765848 0.754163
0.816150 0.756605 0.783148 0.749560 0.762110 0.753112
0.818273 0.755775 0.778440 0.750943 0.764959 0.758674
0.818741 0.753162 0.785153 0.759623 0.771675 0.767526
0.823338 0.756347 0.787323 0.762983 0.775548 0.770199
0.824796 0.758799 0.796735 0.762652 0.778311 0.768471
0.821724 0.761883 0.793354 0.760326 0.778174 0.767472
0.822417 0.760623 0.794041 0.758750 0.774400 0.760663
0.823544 0.761539 0.795284 0.761134 0.776766 0.762118
0.819390 0.757944 0.791025 0.754331 0.772940 0.762505
0.813591 0.753018 0.786705 0.752793 0.767945 0.764289
0.817360 0.751179 0.787079 0.752041 0.768938 0.765267
0.818421 0.753618 0.789216 0.752071 0.769202 0.765054
0.820278 0.751119 0.787300 0.750377 0.768777 0.763791
0.818900 0.745465 0.786738 0.750282 0.764395 0.762803
0.818205 0.741876 0.787259 0.746894 0.765554 0.759887
0.814461 0.741247 0.785535 0.742620 0.763843 0.759882
0.811198 0.738451 0.780910 0.740294 0.763515 0.760551
0.810970 0.736383 0.778785 0.741453 0.762163 0.760159
0.805966 0.737192 0.780138 0.736551 0.764227 0.760719
0.801379 0.740181 0.779673 0.735783 0.761987 0.762633
0.800829 0.736625 0.777407 0.736146 0.762917 0.760690
0.802234 0.735672 0.778255 0.737837 0.763038 0.767460
0.808705 0.734112 0.775659 0.738233 0.763618 0.766504
0.807601 0.732852 0.778838 0.735353 0.764191 0.760174
0.815720 0.738926 0.787424 0.741336 0.771126 0.764263
0.813668 0.737041 0.787817 0.740113 0.771182 0.768199
0.813729 0.734164 0.792705 0.739606 0.772722 0.765322
0.820593 0.733455 0.797907 0.746456 0.772169 0.762843
0.819365 0.726337 0.796618 0.740903 0.762624 0.765193
0.819887 0.726140 0.791562 0.738089 0.757892 0.766234
0.827905 0.729162 0.793705 0.741168 0.763171 0.767893
0.815421 0.726317 0.787551 0.734730 0.755823 0.768801
0.812148 0.719479 0.785646 0.728469 0.749724 0.763519
0.815970 0.722850 0.785680 0.733375 0.750858 0.764996
0.811104 0.718107 0.777329 0.728070 0.745492 0.761447
0.805864 0.716000 0.770821 0.725792 0.741441 0.762968
0.813295 0.712736 0.773930 0.729605 0.742906 0.758769
0.806685 0.713764 0.768154 0.723140 0.736564 0.763012
0.804036 0.711350 0.768399 0.717563 0.731950 0.765677
0.815452 0.713193 0.772485 0.727739 0.738197 0.764684
0.820979 0.711596 0.769869 0.730942 0.737255 0.768590
0.817286 0.711677 0.774439 0.728546 0.735699 0.775882
0.825069 0.720269 0.772544 0.732210 0.739998 0.779454
0.822928 0.719635 0.771270 0.730678 0.739588 0.783310
0.821687 0.717147 0.773316 0.722965 0.733981 0.783818
0.822233 0.716977 0.770651 0.731820 0.742378 0.781761
0.823090 0.716520 0.766544 0.732784 0.739860 0.781313
0.819883 0.711849 0.759748 0.724466 0.731020 0.780345
0.820711 0.709843 0.762430 0.722896 0.731233 0.775777
0.818974 0.707843 0.760483 0.725819 0.728403 0.772193
0.816596 0.703488 0.756019 0.721020 0.722742 0.769504
0.813933 0.699954 0.752019 0.716414 0.717046 0.765238
0.813846 0.700057 0.749022 0.719465 0.719926 0.762122
0.810377 0.697507 0.749970 0.719320 0.720030 0.760198
0.811248 0.695817 0.748901 0.715394 0.716343 0.759306
0.810051 0.695135 0.750564 0.717234 0.719852 0.760894
0.815492 0.697794 0.750533 0.722798 0.720093 0.756344
0.813673 0.692995 0.747572 0.717144 0.715708 0.756237
0.813549 0.690381 0.749112 0.716106 0.715321 0.758669
0.813968 0.689269 0.750562 0.719885 0.719612 0.756975
0.814133 0.687006 0.748252 0.715928 0.716583 0.755584
0.817186 0.686849 0.746116 0.712500 0.717058 0.755304
0.817492 0.686313 0.745556 0.715784 0.719583 0.755125
0.818046 0.688022 0.744134 0.714125 0.720133 0.753517
0.817526 0.685561 0.748130 0.714518 0.720295 0.758673
0.818985 0.684241 0.748785 0.717283 0.719676 0.755130
0.818148 0.685391 0.746290 0.717910 0.718116 0.753294
0.818080 0.684910 0.747565 0.715768 0.718204 0.754679
0.815151 0.687865 0.747569 0.719570 0.719249 0.752118
0.818284 0.686856 0.746790 0.720951 0.719253 0.753121
0.818804 0.688802 0.747058 0.721020 0.718005 0.753187
0.820102 0.688187 0.748250 0.720160 0.719636 0.749493
0.818487 0.686039 0.746045 0.716573 0.718170 0.747344
0.816319 0.686398 0.744004 0.716250 0.717986 0.748155
0.818306 0.682672 0.743882 0.715143 0.715057 0.747284
0.814208 0.680829 0.744357 0.711678 0.713655 0.748115
0.816172 0.679299 0.743407 0.711911 0.713427 0.748154
0.814511 0.677556 0.743934 0.710444 0.709495 0.744932
0.816545 0.680664 0.745007 0.713589 0.713462 0.745103
0.812733 0.679867 0.742912 0.709225 0.710209 0.733867
0.813347 0.680875 0.744111 0.712142 0.711635 0.742850
0.814691 0.682141 0.742273 0.712517 0.711898 0.741894
0.814755 0.677186 0.739886 0.710836 0.708948 0.739490
0.812958 0.681787 0.742250 0.712000 0.709784 0.742059
0.814350 0.678178 0.743279 0.708406 0.705759 0.739338
0.813035 0.683011 0.744628 0.716215 0.710481 0.740750
0.815750 0.682678 0.744286 0.713678 0.710491 0.740750
0.814335 0.683878 0.744399 0.712694 0.711823 0.741337
0.814060 0.689268 0.743940 0.714732 0.713057 0.745724
0.814935 0.684579 0.742132 0.710866 0.710588 0.737550
0.812190 0.686097 0.741752 0.723063 0.711305 0.744139
0.814552 0.686969 0.743449 0.718582 0.712106 0.740955
0.814925 0.691919 0.742343 0.720196 0.713530 0.741965
0.815091 0.692123 0.743593 0.726012 0.716423 0.747767
0.815567 0.687371 0.742390 0.724168 0.705759 0.737716
0.814277 0.692898 0.740794 0.729182 0.710122 0.737895
0.814658 0.690586 0.740283 0.727671 0.709435 0.737522
0.814519 0.684192 0.738517 0.719146 0.711743 0.735886
0.814989 0.693364 0.743359 0.729554 0.716460 0.741866
0.810334 0.691654 0.738712 0.723854 0.710815 0.735498
0.812360 0.687220 0.739037 0.720919 0.706502 0.730399
0.806528 0.689304 0.740886 0.725059 0.713319 0.733562
0.806404 0.688945 0.738166 0.727318 0.715796 0.731432
0.807913 0.684689 0.737446 0.722041 0.710435 0.727933
0.806496 0.684985 0.738539 0.722508 0.711215 0.729733
0.804407 0.687779 0.739352 0.730644 0.714286 0.737834
0.804902 0.689003 0.740591 0.730760 0.710627 0.733733
0.809026 0.685517 0.737075 0.724471 0.709813 0.727378
0.805887 0.683902 0.738887 0.725122 0.708009 0.727343
0.802451 0.684910 0.736892 0.729044 0.709118 0.727342
0.802826 0.683969 0.737399 0.727386 0.705839 0.725483
0.807175 0.679007 0.733437 0.721114 0.703301 0.721547
0.804313 0.685062 0.733587 0.723279 0.702406 0.722749
0.802847 0.683988 0.737154 0.723771 0.705433 0.722399
0.804754 0.682474 0.736998 0.725601 0.707928 0.726994
0.805114 0.683884 0.737919 0.722940 0.704784 0.725850
0.805907 0.683299 0.738794 0.725279 0.703740 0.731339
0.804437 0.684379 0.737892 0.725294 0.703498 0.728340
0.801834 0.682298 0.737931 0.720470 0.701839 0.722300
0.799255 0.680748 0.736447 0.720586 0.700543 0.718526
0.798635 0.685213 0.736278 0.727910 0.703713 0.720532
0.797296 0.685924 0.736053 0.730548 0.705100 0.721635
0.794439 0.685629 0.737244 0.729777 0.705577 0.724067
0.794041 0.684826 0.738616 0.731689 0.706528 0.723215
0.795063 0.686841 0.736723 0.731707 0.705868 0.719041
0.794662 0.685967 0.735588 0.729320 0.704649 0.715690
0.791475 0.682809 0.733453 0.729631 0.702075 0.715366
0.791925 0.681391 0.734436 0.730268 0.704576 0.713666
0.790062 0.680541 0.736460 0.729743 0.705686 0.711006
0.793138 0.683613 0.735435 0.731068 0.704568 0.713864
0.794505 0.686668 0.738212 0.731747 0.707341 0.713956
0.795545 0.686252 0.737288 0.733033 0.706397 0.713534
0.794553 0.685087 0.737893 0.731304 0.708338 0.715921
0.790920 0.683709 0.738044 0.731255 0.707989 0.710223
0.791490 0.684211 0.735466 0.729344 0.705657 0.708972
0.792803 0.683151 0.731739 0.728059 0.705977 0.710074
0.792507 0.683648 0.732115 0.726350 0.704922 0.710388
0.792284 0.684604 0.733102 0.726703 0.704843 0.710499
0.793477 0.685494 0.733581 0.726634 0.705387 0.710868
0.793850 0.685537 0.736465 0.726520 0.707230 0.707345
0.792378 0.687435 0.737558 0.726600 0.707033 0.709520
0.793241 0.684987 0.738294 0.726542 0.706276 0.703994
0.792133 0.685053 0.738061 0.725229 0.703502 0.704305
0.790541 0.685053 0.740272 0.724692 0.703717 0.708472
0.791890 0.682640 0.739651 0.724277 0.704804 0.700986
0.790524 0.686053 0.740333 0.726976 0.707649 0.705882
0.790399 0.687435 0.739760 0.726724 0.707350 0.702602
0.788522 0.685823 0.739808 0.728782 0.707915 0.699897
0.787361 0.688234 0.737189 0.728483 0.708519 0.701525
0.789631 0.683974 0.737410 0.726850 0.708452 0.699230
0.788817 0.687191 0.741943 0.726691 0.707706 0.697954
0.788718 0.687349 0.740772 0.727318 0.706559 0.695435
0.787316 0.688564 0.738823 0.726896 0.708967 0.695624
0.788673 0.687917 0.737776 0.724454 0.709653 0.694700
0.787758 0.687040 0.738344 0.722557 0.713967 0.692940
0.786712 0.686256 0.737579 0.722236 0.712410 0.696671
0.787569 0.683157 0.736073 0.723102 0.707723 0.696900
0.786230 0.685494 0.735319 0.722069 0.704571 0.695613
0.787670 0.684701 0.734148 0.720609 0.705890 0.687845
0.788329 0.685658 0.735329 0.718522 0.704607 0.689447
0.783331 0.684738 0.734332 0.718145 0.701624 0.683036
0.778525 0.684307 0.735682 0.717839 0.699926 0.686565
0.781593 0.679632 0.737770 0.716135 0.701972 0.684244
0.782071 0.679977 0.736981 0.715667 0.701598 0.679400
0.782516 0.678444 0.735806 0.715254 0.700223 0.676893
0.779524 0.677775 0.736930 0.714483 0.703649 0.678553
0.781117 0.678058 0.738058 0.713137 0.699442 0.672009
0.771919 0.674768 0.731582 0.715629 0.704397 0.687492
0.779947 0.661432 0.727218 0.710679 0.695793 0.631824
0.765188 0.669220 0.730701 0.712621 0.702423 0.691314
0.763648 0.664955 0.729955 0.699850 0.691458 0.690339
0.765394 0.662666 0.723703 0.690324 0.689842 0.689716
0.760030 0.666024 0.720869 0.686275 0.697018 0.679995
0.754332 0.664248 0.719292 0.683695 0.696189 0.675546
0.748330 0.663194 0.719473 0.682993 0.701566 0.671869
0.739533 0.661307 0.712456 0.680010 0.693389 0.675293
0.734779 0.658327 0.709922 0.680504 0.689117 0.669917
0.735501 0.657317 0.706550 0.671933 0.687515 0.664359
0.735439 0.650577 0.701382 0.669420 0.687964 0.660244
0.736132 0.651383 0.709761 0.680615 0.693637 0.667559
0.739327 0.665163 0.713039 0.688261 0.696561 0.682688
0.747403 0.667907 0.712285 0.690286 0.704316 0.681780
0.749786 0.666140 0.707966 0.695092 0.705018 0.687168
0.747977 0.666780 0.708736 0.696720 0.702384 0.687727
0.754356 0.672686 0.712484 0.696396 0.702505 0.686457
0.762964 0.672126 0.716376 0.700000 0.702726 0.687289
0.763113 0.671450 0.717794 0.701356 0.702047 0.689083
0.761458 0.673153 0.716718 0.699951 0.700451 0.687287
0.759039 0.669723 0.718413 0.705620 0.699109 0.683362
0.758133 0.672746 0.713490 0.705044 0.699878 0.677869
0.757610 0.673844 0.713794 0.705970 0.699548 0.674362
0.756891 0.674487 0.714269 0.708711 0.701516 0.676865
0.761952 0.676827 0.713998 0.712404 0.705098 0.677054
0.761277 0.676524 0.711981 0.713878 0.710304 0.681299
0.761763 0.678527 0.711048 0.714268 0.709871 0.685451
0.757099 0.678867 0.711319 0.713860 0.710970 0.683016
0.756445 0.682863 0.711696 0.714782 0.715526 0.682049
0.754556 0.682488 0.709074 0.717529 0.717341 0.681846
0.748328 0.681509 0.705590 0.716909 0.717394 0.678235
0.749040 0.683817 0.706635 0.717764 0.718337 0.677993
0.745572 0.686699 0.705213 0.717181 0.717235 0.679243
0.743282 0.689010 0.700865 0.715936 0.720313 0.679296
0.742627 0.689131 0.698305 0.715546 0.722548 0.683757
0.743215 0.690352 0.699668 0.714552 0.723222 0.682353
0.741943 0.693417 0.699051 0.715067 0.723290 0.683725
0.741104 0.693984 0.703014 0.713468 0.724966 0.682066
0.742783 0.691714 0.699810 0.714961 0.725959 0.683188
0.742450 0.691181 0.696524 0.713540 0.725135 0.681228
0.744526 0.687777 0.697534 0.713522 0.722134 0.679039
0.742529 0.689315 0.695188 0.714712 0.720274 0.678204
0.743150 0.690398 0.695925 0.711663 0.719663 0.682632
0.742103 0.692046 0.698176 0.711822 0.715419 0.682989
0.742843 0.693894 0.697691 0.712070 0.712822 0.683988
0.744725 0.694573 0.697573 0.712390 0.712700 0.686329
0.750000 0.694382 0.697454 0.712390 0.712334 0.686926
0.749630 0.694913 0.698875 0.712018 0.712456 0.681571
0.744077 0.694007 0.696708 0.713170 0.713676 0.680450
0.746235 0.697949 0.694359 0.713595 0.713379 0.679686
0.745093 0.696633 0.695400 0.713116 0.713326 0.680988
0.744289 0.696836 0.696359 0.711751 0.712558 0.679337
0.741605 0.697241 0.697818 0.709978 0.709366 0.677919
0.741884 0.694961 0.695755 0.708737 0.709488 0.679448
0.741545 0.694690 0.695441 0.705262 0.711391 0.680208
0.737913 0.696959 0.692773 0.702196 0.709040 0.678960
0.732791 0.697231 0.690730 0.701763 0.707397 0.682319
0.730503 0.700193 0.690338 0.701940 0.707255 0.680349
0.728115 0.701715 0.688583 0.702390 0.706595 0.677286
0.728755 0.704065 0.691732 0.703362 0.708951 0.680606
0.728713 0.701204 0.693158 0.707524 0.707971 0.682563
0.726158 0.700295 0.694108 0.708608 0.702438 0.686620
0.727047 0.704385 0.696826 0.707612 0.699681 0.686527
0.726180 0.705862 0.696458 0.707986 0.701030 0.687576
0.722573 0.705782 0.697981 0.711670 0.702928 0.686332
0.722895 0.705328 0.699383 0.712489 0.702680 0.687273
0.723951 0.705702 0.697617 0.714232 0.701529 0.687530
0.724300 0.706156 0.695992 0.711335 0.702263 0.688362
0.724682 0.706383 0.697807 0.711249 0.700110 0.685521
0.725133 0.703721 0.701162 0.711023 0.699621 0.685252
0.724597 0.703888 0.700332 0.707780 0.700439 0.684115
0.725582 0.702641 0.697669 0.705284 0.700317 0.683271
0.723671 0.700487 0.696363 0.703685 0.698730 0.681380
0.721867 0.699592 0.694458 0.703970 0.700391 0.680974
0.718404 0.699150 0.692253 0.703038 0.699438 0.679118
0.713230 0.697224 0.687396 0.699157 0.698950 0.676588
0.710325 0.696997 0.680687 0.695685 0.701148 0.675627
0.710273 0.696248 0.675829 0.696305 0.702686 0.674744
0.711875 0.697392 0.675676 0.694396 0.698694 0.670726
0.711892 0.696485 0.674532 0.696962 0.696470 0.671492
0.712437 0.696599 0.674730 0.695631 0.695137 0.669524
0.708894 0.695918 0.673544 0.696289 0.692345 0.669488
0.708929 0.694070 0.672389 0.696737 0.692138 0.665821
0.709546 0.693162 0.677362 0.696985 0.694315 0.667271
0.711289 0.691732 0.674432 0.698387 0.692063 0.668963
0.707711 0.688896 0.674432 0.698151 0.689270 0.665740
0.707284 0.689280 0.675417 0.696289 0.687814 0.663644
0.706296 0.687429 0.670722 0.695668 0.685683 0.663159
0.706347 0.687713 0.669736 0.694686 0.685967 0.660617
0.702396 0.685831 0.667375 0.694265 0.683229 0.658516
0.697887 0.681173 0.666313 0.698436 0.680083 0.654550
0.693630 0.678486 0.663046 0.695020 0.681031 0.654636
0.695114 0.677658 0.657096 0.695155 0.682471 0.652518
0.694125 0.677350 0.658436 0.692375 0.682349 0.651290
0.692888 0.675227 0.663437 0.693158 0.683086 0.651369
0.697761 0.677159 0.666233 0.689557 0.680383 0.652386
0.705679 0.677727 0.672970 0.691124 0.680909 0.654464
0.711424 0.676928 0.674935 0.692241 0.679926 0.652169
0.710052 0.681090 0.675408 0.697466 0.676968 0.653888
0.713122 0.682453 0.679939 0.697963 0.679779 0.656682
0.716155 0.680100 0.684509 0.698708 0.682481 0.655787
0.715238 0.676240 0.688763 0.698945 0.687462 0.656887
0.717794 0.676050 0.692271 0.701676 0.687737 0.658540
0.719028 0.677178 0.694773 0.700955 0.691657 0.659221
0.719274 0.676117 0.695082 0.699342 0.693938 0.661329
0.718974 0.677251 0.692044 0.701587 0.690537 0.660126
0.720824 0.677891 0.695354 0.701263 0.693428 0.661701
0.721934 0.677438 0.696891 0.699034 0.693531 0.663879
0.724482 0.676984 0.694763 0.693213 0.692571 0.663278
0.725838 0.678571 0.696063 0.696756 0.693369 0.661624
0.724482 0.679932 0.695092 0.697623 0.694824 0.663318
0.724359 0.680272 0.695601 0.698155 0.694580 0.663681
0.724236 0.681293 0.695668 0.695964 0.694702 0.664245
0.725379 0.681179 0.695596 0.695469 0.694861 0.664730
0.726365 0.681633 0.697016 0.694726 0.697791 0.662672
0.724775 0.681293 0.698236 0.694974 0.699548 0.661183
0.727855 0.681519 0.699077 0.692536 0.697973 0.661989
0.726388 0.680458 0.700615 0.691175 0.696873 0.661466
0.725526 0.680571 0.699929 0.692660 0.694149 0.663279
0.725505 0.682045 0.701949 0.691784 0.694590 0.663562
0.724957 0.681591 0.703603 0.689967 0.696996 0.662023
0.726613 0.681478 0.703839 0.690461 0.696996 0.660569
0.726758 0.684085 0.702540 0.691337 0.700354 0.658469
0.728482 0.682158 0.705021 0.690880 0.702237 0.657738
0.729926 0.680685 0.703839 0.693602 0.704754 0.658418
0.731428 0.681138 0.704707 0.695335 0.707025 0.659554
0.731773 0.681932 0.707239 0.694878 0.707514 0.659229
0.732882 0.682952 0.709708 0.695598 0.708735 0.660320
0.733563 0.683668 0.712546 0.696007 0.708354 0.658341
0.732866 0.682416 0.713188 0.695018 0.707850 0.656928
0.733637 0.684187 0.712479 0.695200 0.707347 0.655193
0.732406 0.685271 0.713425 0.694743 0.708359 0.652680
0.732233 0.685271 0.714606 0.693068 0.707805 0.653599
0.733218 0.686743 0.713391 0.693002 0.708537 0.653589
0.734483 0.689468 0.715282 0.693060 0.708537 0.652670
0.734606 0.690503 0.713864 0.693946 0.709634 0.653641
0.734877 0.690730 0.715232 0.692955 0.707195 0.652549
0.735124 0.690511 0.714877 0.692089 0.712317 0.654411
0.735986 0.689214 0.714793 0.689403 0.710976 0.650830
0.736109 0.688995 0.714083 0.690014 0.709406 0.651109
0.736356 0.687741 0.712780 0.691442 0.709650 0.648413
0.738450 0.689815 0.714353 0.693421 0.707317 0.647857
0.740855 0.689702 0.712374 0.695744 0.706615 0.647002
0.739377 0.691105 0.713677 0.696943 0.707835 0.648213
0.742210 0.690765 0.712374 0.698144 0.708771 0.651073
0.740668 0.692578 0.711985 0.698798 0.711073 0.653655
0.743441 0.694391 0.713051 0.700161 0.711057 0.654579
0.743072 0.695184 0.712695 0.699121 0.709224 0.652432
0.744919 0.697007 0.712847 0.700483 0.710829 0.654883
0.744180 0.701202 0.711222 0.700731 0.715595 0.658273
0.743688 0.702788 0.710476 0.699864 0.712418 0.660219
0.744180 0.701428 0.709192 0.700359 0.712784 0.658596
0.745811 0.699841 0.709563 0.699133 0.710742 0.658994
0.746026 0.699728 0.708787 0.698389 0.710186 0.661058
0.746642 0.701088 0.710037 0.698761 0.707621 0.660934
0.748059 0.702721 0.710779 0.700335 0.707987 0.662758
0.746333 0.702620 0.709528 0.699802 0.711895 0.664588
0.746392 0.703006 0.709700 0.699058 0.711336 0.665402
0.748798 0.703380 0.711575 0.700496 0.711209 0.664222
0.747289 0.702448 0.716267 0.700124 0.712416 0.665324
0.750308 0.701088 0.718754 0.700248 0.709851 0.666707
0.752187 0.702721 0.718691 0.702790 0.715021 0.665445
0.751509 0.701882 0.719294 0.702478 0.714303 0.665527
0.750308 0.699275 0.720308 0.703805 0.713533 0.667521
0.749322 0.700408 0.721109 0.704176 0.715163 0.666300
0.753141 0.700861 0.719853 0.700582 0.712835 0.664837
0.750678 0.700442 0.717770 0.699219 0.713134 0.662570
0.751109 0.702075 0.721393 0.700459 0.711804 0.660129
0.750308 0.702029 0.719972 0.700459 0.712644 0.657904
0.751355 0.702595 0.715757 0.701326 0.712382 0.657991
0.749014 0.702562 0.717754 0.701785 0.713972 0.657578
0.749261 0.702494 0.719616 0.701909 0.713901 0.658548
0.749384 0.703061 0.720886 0.701574 0.715526 0.660740
0.749507 0.703628 0.723230 0.701326 0.715648 0.660699
0.750000 0.702948 0.722077 0.703061 0.712977 0.663135
0.751848 0.703662 0.720247 0.703433 0.714792 0.663582
0.754496 0.703435 0.720886 0.702937 0.716400 0.662608
0.753018 0.703435 0.722834 0.703805 0.717016 0.662284
0.754282 0.703208 0.723611 0.706531 0.717713 0.668255
0.756320 0.702755 0.721906 0.702900 0.720451 0.667155
0.756693 0.700987 0.722907 0.702405 0.718034 0.668296
0.757064 0.701939 0.724567 0.702033 0.719524 0.668868
0.757344 0.703800 0.724469 0.701228 0.720368 0.666871
0.757067 0.703880 0.723995 0.701761 0.718156 0.666463
0.752932 0.704233 0.722453 0.701885 0.719417 0.666748
0.752377 0.705822 0.721860 0.699566 0.720334 0.665811
0.751883 0.707071 0.720963 0.701302 0.724015 0.664100
0.753582 0.707458 0.721319 0.700682 0.722665 0.665281
0.752719 0.708106 0.721319 0.702394 0.721997 0.665199
0.752319 0.707278 0.722031 0.701911 0.720633 0.668420
0.751175 0.705689 0.722743 0.701850 0.719897 0.667156
0.752535 0.702783 0.719388 0.700484 0.720756 0.666422
0.752937 0.702555 0.717574 0.699615 0.719283 0.666585
0.753926 0.701420 0.717185 0.694400 0.718547 0.664627
0.753679 0.701533 0.718576 0.692537 0.717389 0.667442
0.753802 0.702215 0.718317 0.690798 0.716755 0.670338
0.753184 0.702850 0.719336 0.696138 0.720383 0.668993
0.753679 0.701715 0.719317 0.697380 0.719922 0.668420
0.754173 0.704780 0.718624 0.698622 0.718509 0.667116
0.754173 0.704667 0.720707 0.698931 0.719597 0.664424
0.753555 0.701942 0.720944 0.696063 0.719298 0.663812
0.753431 0.701828 0.721780 0.693703 0.717741 0.661851
0.754453 0.703758 0.719032 0.689826 0.720280 0.663237
0.754090 0.701045 0.720527 0.690302 0.717511 0.662581
0.754740 0.699909 0.719117 0.688462 0.713848 0.664300
0.755014 0.698773 0.719829 0.687616 0.717055 0.664339
0.757118 0.699557 0.717133 0.688362 0.717039 0.664912
0.755880 0.700818 0.717489 0.688936 0.717319 0.664993
0.756288 0.700704 0.717608 0.689184 0.718178 0.664870
0.761350 0.701499 0.720256 0.688687 0.718949 0.665280
0.762502 0.700250 0.720342 0.689433 0.719425 0.665890
0.763677 0.700965 0.720052 0.691668 0.719053 0.666830
0.763217 0.703998 0.722005 0.690139 0.722058 0.670510
0.763925 0.704827 0.721576 0.692078 0.722181 0.671109
0.763187 0.706270 0.722348 0.694306 0.724312 0.669367
0.767275 0.704566 0.723594 0.690914 0.722256 0.672215
0.764334 0.705294 0.721311 0.691571 0.725387 0.675015
0.764458 0.704385 0.719886 0.687889 0.726335 0.674476
0.766567 0.701659 0.718201 0.684479 0.722215 0.672217
0.764034 0.701886 0.717151 0.682666 0.723545 0.675722
0.765458 0.698705 0.711420 0.683661 0.720702 0.675742
0.764925 0.693548 0.711404 0.682954 0.719627 0.674504
0.762703 0.694274 0.711045 0.682915 0.721505 0.676868
0.766870 0.693776 0.712504 0.682208 0.721167 0.675998
0.765182 0.696433 0.711840 0.689359 0.725375 0.677296
0.764274 0.697204 0.711296 0.689904 0.724828 0.677010
0.765971 0.693208 0.711591 0.682863 0.721358 0.677170
0.763083 0.694047 0.716240 0.689235 0.724807 0.675181
0.765809 0.693321 0.716272 0.687282 0.725249 0.673462
0.766729 0.696729 0.714031 0.684027 0.721410 0.674896
0.765093 0.695366 0.715151 0.684453 0.720098 0.673044
0.764151 0.687103 0.713913 0.679517 0.721047 0.671704
0.764575 0.687670 0.714235 0.679393 0.720133 0.673211
0.762289 0.688167 0.713913 0.681219 0.719165 0.673136
0.765765 0.688621 0.714472 0.679219 0.722475 0.670961
0.762821 0.694571 0.714150 0.682836 0.722133 0.668596
0.764560 0.693889 0.713862 0.681592 0.719971 0.669086
0.762727 0.691915 0.714795 0.681140 0.722973 0.673342
0.763691 0.692072 0.713743 0.680298 0.723342 0.674490
0.764217 0.691530 0.714608 0.678389 0.724515 0.674462
0.764450 0.691985 0.713437 0.681253 0.722625 0.673747
0.764684 0.692212 0.712116 0.679349 0.726066 0.673902
0.765926 0.687557 0.712369 0.679796 0.722897 0.676322
0.762945 0.689487 0.711844 0.676950 0.723096 0.671837
0.763070 0.689487 0.713522 0.679438 0.724379 0.671137
0.764399 0.690027 0.713589 0.679647 0.723681 0.674614
0.764976 0.689005 0.712623 0.678807 0.722630 0.677045
0.764113 0.688323 0.712217 0.678194 0.721541 0.672835
0.760632 0.688849 0.711895 0.678443 0.720662 0.672052
0.758766 0.688167 0.712776 0.679522 0.720976 0.676758
0.761021 0.690595 0.712247 0.677981 0.720446 0.682697
0.761021 0.690482 0.709739 0.679180 0.720657 0.679960
0.757282 0.692526 0.709992 0.682559 0.721056 0.681046
0.754410 0.691347 0.711538 0.679895 0.722781 0.679476
0.755500 0.690795 0.710336 0.681943 0.722563 0.679946
0.757361 0.689730 0.709949 0.679567 0.719348 0.681167
0.755254 0.690682 0.708091 0.685807 0.721205 0.678669
0.754752 0.690070 0.708239 0.680358 0.719141 0.679278
0.754257 0.690419 0.710898 0.679029 0.717700 0.681222
0.757361 0.692045 0.710348 0.682431 0.718642 0.677663
0.761857 0.689679 0.708847 0.677528 0.723710 0.676859
0.757116 0.692718 0.712130 0.681642 0.726713 0.671095
0.757365 0.688338 0.713573 0.681767 0.724074 0.676372
0.755696 0.687521 0.710476 0.677928 0.723681 0.681315
0.754255 0.694640 0.711283 0.689823 0.720054 0.674916
0.756622 0.691434 0.708877 0.690194 0.724558 0.672485
0.754523 0.689119 0.709418 0.684577 0.722557 0.680271
0.753846 0.687117 0.711174 0.688498 0.723964 0.673603
0.756935 0.699046 0.714116 0.699963 0.726601 0.672158
0.755036 0.686649 0.709005 0.680798 0.726258 0.672378
0.755072 0.684939 0.709410 0.677159 0.721362 0.665480
0.753821 0.688448 0.711822 0.676819 0.716963 0.676235
0.753088 0.687758 0.718885 0.675266 0.721686 0.690048
0.747684 0.677782 0.711334 0.669190 0.712590 0.694678
0.751578 0.679586 0.715167 0.671304 0.721832 0.686133
0.765796 0.688934 0.717588 0.690213 0.714198 0.674366
0.763958 0.679322 0.722096 0.679920 0.715862 0.678190
0.762617 0.680541 0.721002 0.675118 0.714916 0.681999
0.763355 0.684685 0.720855 0.676536 0.715285 0.687133
0.762513 0.687935 0.718626 0.680025 0.715269 0.687075
0.761560 0.682529 0.717715 0.678848 0.720340 0.681156
0.758479 0.679183 0.715158 0.677913 0.715499 0.679269
0.755417 0.682835 0.715158 0.674167 0.713811 0.681812
0.752305 0.676826 0.715740 0.676837 0.714832 0.684964
0.749938 0.683013 0.712953 0.679203 0.721259 0.696553
0.748160 0.687750 0.716475 0.680180 0.713242 0.700668
0.744291 0.688337 0.717126 0.681824 0.710012 0.704686
0.745243 0.690563 0.715125 0.689979 0.710861 0.703403
0.750942 0.693702 0.715436 0.694162 0.716288 0.705290
0.750440 0.694919 0.718844 0.698127 0.722174 0.708227
0.748997 0.694530 0.717647 0.695145 0.720499 0.707899
0.745807 0.691234 0.717454 0.694483 0.720025 0.704183
0.742797 0.692140 0.719401 0.694674 0.715062 0.702340
0.744418 0.691508 0.718167 0.691327 0.718719 0.701859
0.742672 0.690093 0.717792 0.692568 0.718653 0.695817
0.743331 0.687614 0.716800 0.688469 0.718530 0.696652
0.739840 0.688300 0.716459 0.688063 0.719372 0.697804
0.740025 0.690708 0.716493 0.684566 0.724223 0.696449
0.740607 0.693003 0.715811 0.686505 0.724792 0.697810
0.742367 0.692976 0.714114 0.687743 0.725410 0.694599
0.740931 0.688015 0.713737 0.684224 0.723924 0.695222
0.744221 0.681948 0.714251 0.678057 0.717028 0.692463
0.743161 0.681101 0.717589 0.675838 0.716514 0.690160
0.742729 0.681481 0.720997 0.673125 0.714957 0.696465
0.742286 0.680192 0.720125 0.672125 0.717666 0.696323
0.740597 0.681189 0.720743 0.670297 0.717771 0.700089
0.740375 0.681231 0.718825 0.670299 0.718000 0.697521
0.742875 0.681891 0.718757 0.668337 0.719802 0.694174
0.739397 0.682084 0.719098 0.668546 0.716706 0.695806
0.740773 0.680715 0.719990 0.669674 0.717790 0.696487
0.742178 0.680018 0.721329 0.669676 0.718502 0.695603
0.742303 0.678486 0.720125 0.670382 0.716951 0.699204
0.743208 0.681267 0.719458 0.670543 0.717198 0.696521
0.737732 0.681839 0.718825 0.668834 0.716739 0.694751
0.740574 0.681537 0.717592 0.672800 0.714921 0.698553
0.740397 0.681506 0.718968 0.676537 0.716603 0.698411
0.740146 0.681589 0.719947 0.678338 0.716533 0.693705
0.743033 0.681131 0.719496 0.677630 0.715984 0.691842
0.744163 0.680101 0.719683 0.678087 0.715312 0.690872
0.741591 0.680330 0.721036 0.678755 0.714321 0.691871
0.742029 0.681214 0.724403 0.678652 0.712429 0.695965
0.743320 0.681704 0.725210 0.679905 0.714021 0.695778
0.741321 0.682005 0.725114 0.680782 0.713173 0.695176
0.737773 0.683457 0.724526 0.682496 0.715116 0.695976
0.737020 0.685826 0.725530 0.685213 0.717650 0.692977
0.739125 0.686984 0.728470 0.689608 0.719583 0.696014
0.737621 0.689161 0.727012 0.689577 0.718804 0.696916
0.736466 0.689604 0.728186 0.691208 0.716215 0.697698
0.735769 0.690326 0.729197 0.695107 0.717399 0.698014
0.736803 0.692079 0.729542 0.698080 0.720218 0.698203
0.737086 0.693373 0.731550 0.699510 0.722202 0.699912
0.736290 0.694667 0.734097 0.700163 0.722724 0.700390
0.736665 0.696453 0.732371 0.702130 0.724548 0.699321
0.737164 0.696911 0.732586 0.704976 0.725371 0.697385
0.737414 0.697597 0.730957 0.704990 0.726587 0.697525
0.738413 0.698055 0.731283 0.706406 0.726542 0.696700
0.738006 0.697563 0.731958 0.706259 0.726665 0.694298
0.738006 0.698020 0.729897 0.706347 0.728094 0.694986
0.737914 0.697941 0.730439 0.705160 0.727104 0.695619
0.737572 0.696661 0.729462 0.703718 0.725689 0.693988
0.736816 0.696935 0.729060 0.704093 0.727689 0.694385
0.737066 0.697084 0.730132 0.704719 0.728826 0.694026
0.737473 0.696114 0.730384 0.705588 0.726631 0.694702
0.738006 0.695657 0.728205 0.704460 0.726946 0.695707
0.738348 0.697358 0.728108 0.703481 0.727543 0.695592
0.738538 0.696179 0.728650 0.703894 0.728444 0.693370
0.739234 0.695588 0.729578 0.703866 0.728364 0.692867
0.741980 0.695498 0.729288 0.703129 0.728612 0.692366
0.742386 0.695761 0.729042 0.703504 0.729345 0.691575
0.743759 0.695637 0.726277 0.701864 0.729074 0.691064
0.743353 0.694381 0.726461 0.700988 0.729559 0.691392
0.743103 0.694847 0.726851 0.700663 0.729278 0.691103
0.743292 0.694381 0.726484 0.700951 0.729402 0.690640
0.744354 0.694153 0.726721 0.700751 0.729154 0.690476
0.744105 0.694311 0.726386 0.700814 0.728963 0.691391
0.743980 0.694927 0.727695 0.700426 0.729030 0.692510
0.743766 0.694584 0.727316 0.700476 0.729368 0.693129
0.744291 0.695270 0.727219 0.701768 0.729368 0.693429
0.745228 0.696412 0.726862 0.702208 0.728501 0.692993
0.746101 0.696218 0.726678 0.702282 0.728501 0.692868
0.746537 0.697223 0.726169 0.702835 0.728366 0.691989
0.747223 0.697074 0.726083 0.702082 0.728828 0.692115
0.747347 0.696502 0.725996 0.703133 0.728862 0.693042
0.747971 0.696582 0.727543 0.704178 0.728952 0.691042
0.747471 0.696582 0.727835 0.704178 0.728851 0.691389
0.746222 0.696582 0.726743 0.703722 0.729505 0.692511
0.745532 0.695747 0.727662 0.703509 0.729167 0.692085
0.745032 0.696433 0.727067 0.706767 0.729066 0.692356
0.743907 0.696318 0.726797 0.706745 0.730712 0.691815
0.746218 0.696831 0.726548 0.706118 0.731017 0.693100
0.746343 0.698489 0.728226 0.708391 0.731232 0.693362
0.746593 0.698524 0.728702 0.708605 0.731356 0.696319
0.746905 0.698638 0.728626 0.708516 0.730803 0.699510
0.746905 0.697722 0.729926 0.709483 0.730364 0.698101
0.750156 0.698603 0.729636 0.709912 0.730106 0.697560
0.751157 0.699519 0.728432 0.709823 0.730230 0.696554
0.751157 0.699679 0.728541 0.709515 0.729643 0.695226
0.752033 0.699187 0.728280 0.709248 0.729337 0.693670
0.752408 0.699771 0.728583 0.709839 0.728649 0.692540
0.752533 0.700653 0.729025 0.710682 0.728740 0.694549
0.753663 0.700424 0.730577 0.713712 0.730340 0.694755
0.753914 0.700848 0.730879 0.711954 0.729968 0.696554
0.753914 0.700997 0.729707 0.710986 0.730884 0.697175
0.753914 0.700745 0.728614 0.713335 0.732498 0.695264
0.753663 0.700974 0.727987 0.712957 0.732961 0.696220
0.751470 0.701535 0.727013 0.714537 0.733002 0.697514
0.752536 0.700974 0.727457 0.714806 0.731538 0.696871
0.752035 0.701089 0.728963 0.714896 0.731041 0.697118
0.751910 0.702337 0.729968 0.714842 0.731175 0.697335
0.752664 0.701764 0.730485 0.714268 0.729777 0.697949
0.757177 0.701043 0.731783 0.713477 0.729518 0.698451
0.755171 0.701272 0.731512 0.713891 0.729053 0.699044
0.756425 0.701799 0.729459 0.713765 0.730082 0.700944
0.756394 0.701857 0.729756 0.715148 0.728085 0.700781
0.758785 0.701777 0.729072 0.715148 0.726449 0.703769
0.757272 0.700011 0.731104 0.714519 0.729156 0.703237
0.760030 0.699839 0.731081 0.712976 0.728502 0.704199
0.760441 0.699851 0.729823 0.713101 0.728965 0.701587
0.760125 0.702638 0.731343 0.711092 0.728570 0.702795
0.760512 0.704600 0.731739 0.714735 0.727972 0.701763
0.761080 0.704545 0.734601 0.713603 0.728525 0.701498
0.761080 0.703053 0.732991 0.710205 0.730669 0.702366
0.760703 0.699185 0.733365 0.708915 0.730206 0.705386
0.759071 0.702606 0.736163 0.708574 0.730139 0.705779
0.759196 0.703708 0.735829 0.711466 0.733333 0.705312
0.762461 0.705990 0.736156 0.708951 0.733093 0.706230
0.762240 0.706119 0.736754 0.711841 0.732407 0.704305
0.762114 0.703972 0.737113 0.711698 0.732498 0.704726
0.760973 0.703984 0.738001 0.711824 0.730454 0.707535
0.762335 0.704099 0.738329 0.711069 0.729552 0.706075
0.762335 0.703721 0.738563 0.712291 0.728841 0.705408
0.762335 0.703444 0.738651 0.713243 0.729280 0.704362
0.761445 0.703215 0.737901 0.713836 0.728750 0.702686
0.762108 0.704018 0.737636 0.711139 0.728727 0.701892
0.765372 0.703593 0.738270 0.711013 0.728153 0.702877
0.766030 0.705119 0.737309 0.709755 0.730025 0.700935
0.766155 0.705234 0.735453 0.711192 0.729415 0.699458
0.765342 0.707152 0.735580 0.711461 0.729291 0.698082
0.762827 0.707118 0.731602 0.709860 0.730426 0.698513
0.764521 0.707577 0.732975 0.707799 0.732127 0.696916
0.762007 0.707381 0.731509 0.709471 0.731913 0.693518
0.765920 0.708199 0.731340 0.710152 0.732978 0.694550
0.765535 0.707496 0.731433 0.712651 0.736254 0.698457
0.766289 0.706645 0.733974 0.714717 0.735425 0.702087
0.766679 0.708811 0.735598 0.716046 0.734408 0.702187
0.770138 0.709108 0.733246 0.718471 0.736548 0.702437
0.770292 0.712646 0.731908 0.722152 0.735884 0.702767
0.770669 0.712253 0.732394 0.722159 0.732747 0.701999
0.770070 0.713286 0.735270 0.722495 0.733920 0.702754
0.773081 0.715466 0.735547 0.723501 0.733606 0.701496
0.773902 0.716336 0.737491 0.723089 0.734995 0.698955
0.772271 0.715927 0.739094 0.721656 0.734864 0.700404
0.767407 0.714171 0.737591 0.719764 0.734747 0.701021
0.768787 0.714828 0.738215 0.718381 0.735542 0.698841
0.771490 0.716354 0.739281 0.719995 0.734425 0.704273
0.772522 0.715385 0.738495 0.722795 0.735980 0.703115
0.773092 0.715238 0.738332 0.725145 0.739417 0.706670
0.771712 0.715797 0.737530 0.723626 0.739330 0.704620
0.771615 0.716519 0.737100 0.723158 0.738284 0.706705
0.772242 0.716289 0.737668 0.725170 0.736764 0.703176
0.771740 0.715829 0.739719 0.723410 0.739794 0.705266
0.772465 0.715797 0.740314 0.725179 0.741191 0.706685
0.772042 0.715995 0.740581 0.724607 0.740626 0.707548
0.772104 0.716686 0.739736 0.723313 0.739724 0.708312
0.768719 0.717837 0.738198 0.722586 0.739724 0.706157
0.769743 0.717722 0.739271 0.722963 0.741799 0.705845
0.768737 0.717707 0.739657 0.723726 0.741891 0.704568
0.767965 0.718167 0.740372 0.724103 0.742016 0.706387
0.766332 0.717822 0.742710 0.724012 0.742917 0.706594
0.767480 0.717296 0.743159 0.726026 0.742917 0.707677
0.766533 0.716440 0.743101 0.725865 0.742140 0.708396
0.766658 0.716966 0.744300 0.725557 0.740989 0.709242
0.767035 0.716916 0.740852 0.723635 0.741551 0.709633
0.767190 0.716686 0.741181 0.722341 0.741827 0.706668
0.767316 0.717048 0.740701 0.722684 0.741763 0.708481
0.767316 0.716851 0.740701 0.721551 0.740612 0.708428
0.765527 0.716916 0.740736 0.722180 0.740179 0.708754
0.765778 0.717031 0.742264 0.724068 0.741049 0.708249
0.766281 0.716686 0.742048 0.725224 0.740865 0.707692
0.766533 0.716473 0.742357 0.725727 0.741081 0.707634
0.766407 0.716473 0.743968 0.725475 0.741141 0.706877
0.766784 0.717164 0.744446 0.725293 0.740953 0.709201
0.766533 0.716933 0.743787 0.723027 0.742012 0.710194
0.766880 0.717296 0.743190 0.724984 0.742164 0.711487
0.767383 0.717198 0.745105 0.722558 0.741266 0.712081
0.767761 0.717231 0.744446 0.721677 0.742541 0.712190
0.770275 0.717148 0.745077 0.722845 0.743159 0.712043
0.770401 0.717774 0.745077 0.723061 0.742473 0.713111
0.771310 0.717544 0.744150 0.725236 0.742978 0.711288
0.772161 0.717742 0.746817 0.724698 0.745057 0.716167
0.773293 0.718959 0.747446 0.725705 0.746206 0.715732
0.772682 0.719157 0.745919 0.725362 0.745215 0.713907
0.772556 0.719931 0.746878 0.728566 0.745773 0.716221
0.772944 0.721198 0.747086 0.728406 0.745708 0.714412
0.773938 0.722331 0.745588 0.729573 0.747887 0.714159
0.777554 0.721442 0.747651 0.728726 0.750404 0.710253
0.777931 0.721672 0.749668 0.728600 0.749969 0.711536
0.777708 0.721096 0.746667 0.728726 0.749192 0.714286
0.777219 0.721723 0.744990 0.730958 0.747327 0.716762
0.778476 0.721493 0.746184 0.730580 0.747730 0.716745
0.777834 0.722184 0.746905 0.731370 0.747512 0.715821
0.778308 0.722855 0.748256 0.731403 0.747139 0.713528
0.778308 0.722907 0.749368 0.732914 0.747169 0.715820
0.778336 0.722792 0.747866 0.733635 0.747045 0.717155
0.779817 0.723137 0.748918 0.734517 0.746952 0.717281
0.780068 0.722497 0.749308 0.732788 0.747512 0.716795
0.780571 0.722152 0.749759 0.733291 0.746703 0.716163
0.780445 0.721691 0.749850 0.733417 0.747264 0.714466
0.780571 0.720802 0.750000 0.736067 0.746798 0.714972
0.780445 0.720571 0.750813 0.736319 0.746081 0.715116
0.780445 0.720175 0.751747 0.737325 0.746391 0.714412
0.780696 0.720700 0.751264 0.736537 0.744281 0.717336
0.781953 0.720290 0.751265 0.737637 0.744927 0.717012
0.781827 0.721525 0.750542 0.736160 0.744180 0.716795
0.781450 0.723336 0.748287 0.737889 0.743191 0.718742
0.780445 0.722529 0.750904 0.737001 0.743430 0.719782
0.780347 0.723681 0.751446 0.737247 0.745581 0.721463
0.780598 0.723304 0.751084 0.737028 0.746423 0.723954
0.781980 0.723073 0.752291 0.736431 0.743960 0.721941
0.781729 0.723451 0.751899 0.735398 0.744209 0.722363
0.780221 0.723796 0.750481 0.732410 0.744588 0.725917
0.780096 0.723534 0.749309 0.735113 0.746419 0.727100
0.780221 0.723534 0.750723 0.733854 0.747418 0.727135
0.781603 0.723105 0.752534 0.732788 0.746237 0.722110
0.782986 0.722760 0.753077 0.732410 0.745054 0.720223
0.781101 0.721838 0.752351 0.732947 0.746233 0.725108
0.779789 0.722958 0.749069 0.732536 0.747946 0.726536
0.780445 0.723669 0.751205 0.732721 0.748287 0.723793
0.783576 0.725398 0.752894 0.731655 0.745267 0.722525
0.783352 0.726152 0.752592 0.732503 0.745609 0.721729
0.784358 0.726613 0.753857 0.732536 0.746044 0.721181
0.784610 0.726267 0.753373 0.734509 0.747321 0.724300
0.786370 0.726728 0.752318 0.733753 0.745581 0.725259
0.787502 0.726728 0.752019 0.732595 0.744519 0.722574
0.786999 0.725513 0.752862 0.733728 0.744612 0.720314
0.787250 0.724770 0.752924 0.733980 0.741719 0.722243
0.782724 0.724571 0.751958 0.733669 0.741594 0.723854
0.782724 0.724110 0.751806 0.734172 0.740755 0.723383
0.782079 0.724916 0.752018 0.734483 0.740095 0.723911
0.784718 0.725628 0.752715 0.735557 0.739716 0.723963
0.785238 0.726529 0.752292 0.736749 0.739445 0.724990
0.782319 0.724456 0.751536 0.736564 0.740967 0.725349
0.781942 0.723848 0.752591 0.735331 0.740464 0.723941
0.782040 0.724098 0.751054 0.736053 0.739943 0.724946
0.784834 0.724591 0.750603 0.736146 0.740095 0.724588
0.784205 0.724957 0.751025 0.736398 0.739873 0.722483
0.784079 0.726110 0.751718 0.735298 0.739347 0.725232
0.782182 0.723689 0.750662 0.735894 0.740519 0.728865
0.781679 0.721992 0.750723 0.734198 0.739586 0.730076
0.781816 0.724118 0.751870 0.734727 0.738692 0.725647
0.785086 0.725847 0.753621 0.736113 0.738968 0.724090
0.784960 0.726193 0.751869 0.734979 0.740155 0.723849
0.785912 0.725156 0.752229 0.733753 0.740095 0.726743
0.785463 0.724265 0.751325 0.733980 0.740464 0.727422
0.785031 0.723311 0.751325 0.733720 0.741573 0.726673
0.786038 0.723311 0.752623 0.732779 0.740195 0.723976
0.783073 0.722850 0.752623 0.733694 0.739553 0.724370
0.783954 0.723080 0.751748 0.733846 0.739516 0.724265
0.784321 0.722389 0.750904 0.732746 0.739483 0.725279
0.784573 0.723196 0.750904 0.733249 0.739358 0.725843
0.784573 0.723164 0.751749 0.733938 0.739533 0.723963
0.783566 0.723542 0.752143 0.734601 0.737623 0.723005
0.785202 0.723887 0.751628 0.734853 0.738196 0.722878
0.786712 0.723394 0.751447 0.736080 0.737316 0.724746
0.784834 0.723887 0.751054 0.735264 0.737881 0.724553
0.786595 0.723971 0.753501 0.734635 0.736934 0.723040
0.787799 0.723971 0.753623 0.733879 0.738750 0.724217
0.787925 0.723490 0.752955 0.734920 0.738848 0.723954
0.786415 0.723080 0.753408 0.732620 0.739185 0.725082
0.787547 0.723772 0.752774 0.732183 0.738848 0.727422
0.789301 0.722619 0.752955 0.732183 0.738045 0.726478
0.788798 0.724086 0.753683 0.735516 0.736026 0.725266
0.787341 0.724496 0.753016 0.734383 0.736855 0.725279
0.786334 0.724035 0.752926 0.734290 0.736000 0.725567
0.786910 0.724118 0.752927 0.732905 0.735842 0.724566
0.786407 0.724349 0.753077 0.733879 0.735309 0.724186
0.787665 0.724694 0.752654 0.733627 0.735224 0.724003
0.786155 0.724694 0.753349 0.734156 0.735092 0.723968
0.785777 0.724579 0.752170 0.734694 0.734000 0.725120
0.785903 0.724579 0.752231 0.734568 0.733692 0.724636
0.785849 0.725009 0.752894 0.733871 0.733333 0.725888
0.786658 0.724579 0.752652 0.733560 0.734375 0.725085
0.785651 0.724086 0.753950 0.733627 0.734025 0.725958
0.784896 0.723394 0.752110 0.732494 0.734893 0.725923
0.784770 0.722389 0.750753 0.732024 0.733808 0.725647
0.784662 0.724317 0.752478 0.734627 0.732549 0.727169
0.783396 0.724643 0.753800 0.733728 0.732975 0.725764
0.786667 0.724790 0.754043 0.734550 0.734084 0.725485
0.787288 0.724841 0.754377 0.736027 0.733392 0.726465
0.786541 0.724245 0.753468 0.734835 0.733358 0.728425
0.788169 0.723919 0.755526 0.736345 0.733992 0.726696
0.787044 0.724444 0.754134 0.734994 0.732583 0.725450
0.787349 0.723721 0.752595 0.732788 0.733933 0.725612
0.788791 0.723625 0.753474 0.735231 0.732766 0.729246
0.787413 0.724118 0.751749 0.732595 0.732475 0.730545
0.787585 0.724086 0.752325 0.736246 0.733150 0.725866
0.787226 0.723625 0.752384 0.735742 0.731927 0.724322
0.786883 0.723657 0.751810 0.734106 0.730928 0.726236
0.788016 0.723887 0.750814 0.735702 0.729044 0.727595
0.787776 0.724663 0.751357 0.734946 0.729990 0.727642
0.788200 0.724694 0.752174 0.735324 0.730899 0.727204
0.788219 0.724202 0.753021 0.736895 0.731207 0.727573
0.786029 0.724118 0.751266 0.733686 0.730726 0.727526
0.785975 0.723625 0.750965 0.735164 0.729466 0.725209
0.784716 0.723394 0.751146 0.734391 0.728873 0.725751
0.785750 0.722901 0.750000 0.734483 0.727681 0.726246
0.785750 0.723856 0.750573 0.731428 0.728045 0.727977
0.783457 0.722619 0.750573 0.732284 0.727727 0.727953
0.784230 0.724547 0.750694 0.732905 0.727807 0.722560
0.783167 0.724118 0.751357 0.733291 0.727681 0.721145
0.782943 0.725637 0.753076 0.734131 0.730216 0.721075
0.783763 0.723331 0.753524 0.732066 0.730606 0.725580
0.784329 0.723677 0.754399 0.731244 0.730173 0.724715
0.786643 0.723151 0.753831 0.730329 0.728614 0.724344
0.782061 0.720928 0.754132 0.727525 0.727875 0.726858
0.781974 0.720992 0.753950 0.725796 0.727080 0.727250
0.783331 0.721453 0.753707 0.725957 0.726887 0.724553
0.782756 0.722511 0.753194 0.726586 0.729102 0.725453
0.782187 0.721889 0.754071 0.729298 0.728566 0.724195
0.781875 0.721716 0.754640 0.729172 0.727761 0.724348
0.780423 0.721953 0.754856 0.727433 0.728364 0.729521
0.778925 0.721196 0.754399 0.726941 0.726080 0.732691
0.780919 0.721132 0.754856 0.724455 0.726135 0.729156
0.782055 0.723139 0.757905 0.725488 0.729777 0.728706
0.780199 0.722132 0.757236 0.724733 0.728797 0.725841
0.778142 0.720716 0.757079 0.725636 0.727398 0.727273
0.779889 0.720595 0.757985 0.723760 0.727716 0.724085
0.781628 0.722261 0.757411 0.722180 0.728888 0.723261
0.779710 0.722889 0.758471 0.723530 0.732049 0.727041
0.778408 0.725753 0.757765 0.723348 0.731692 0.728530
0.782148 0.723529 0.757174 0.723565 0.729516 0.723976
0.779022 0.724925 0.758065 0.722578 0.733948 0.728968
0.780851 0.723485 0.760749 0.723825 0.734455 0.719343
0.781046 0.724626 0.751937 0.725402 0.730655 0.732737
0.785922 0.721357 0.749697 0.720851 0.714052 0.708280
0.788549 0.724098 0.749425 0.724846 0.729584 0.717795
0.789327 0.723721 0.751330 0.727570 0.731109 0.725237
0.789334 0.722408 0.743089 0.729750 0.726342 0.710326
0.781088 0.695944 0.728379 0.718960 0.701657 0.674385
0.774737 0.700000 0.734991 0.721027 0.713802 0.706333
0.768997 0.706365 0.745435 0.713438 0.714571 0.718653
0.762007 0.699826 0.743341 0.707795 0.707837 0.711097
0.759463 0.686045 0.735565 0.699657 0.689472 0.685115
0.760141 0.696505 0.730927 0.686388 0.691516 0.698755
0.762946 0.694105 0.731457 0.682556 0.689258 0.697200
0.761202 0.691288 0.721178 0.691501 0.696776 0.672940
0.753293 0.689305 0.703776 0.683482 0.699634 0.643705
0.755665 0.692450 0.718481 0.689174 0.709799 0.680915
0.751986 0.687247 0.719616 0.683715 0.713871 0.682391
0.749683 0.679051 0.712655 0.672489 0.700013 0.654692
0.754111 0.692769 0.716983 0.689756 0.706423 0.661501
0.750726 0.695552 0.715202 0.693712 0.706141 0.658857
0.749081 0.692903 0.708987 0.691790 0.713439 0.648964
0.745220 0.687942 0.712945 0.684552 0.714646 0.663634
0.748324 0.690989 0.728114 0.690053 0.720141 0.681842
0.750633 0.692219 0.728663 0.698439 0.724142 0.685955
0.755482 0.691890 0.726643 0.697400 0.712899 0.678964
0.757076 0.697980 0.721331 0.697135 0.715130 0.663779
0.757633 0.697728 0.720800 0.694413 0.716186 0.663182
0.754328 0.691580 0.726037 0.691566 0.719678 0.670884
0.749116 0.683597 0.729736 0.686976 0.709515 0.682201
0.745635 0.683428 0.725742 0.686984 0.711444 0.692139
0.745699 0.690446 0.725395 0.689362 0.714070 0.687107
0.751196 0.690844 0.722020 0.690386 0.711858 0.670269
0.751072 0.694063 0.723569 0.694406 0.716476 0.668125
0.751008 0.698283 0.726788 0.699341 0.715846 0.674634
0.749685 0.696340 0.731278 0.696777 0.719718 0.678167
0.749369 0.693409 0.731521 0.695641 0.713511 0.681472
0.752046 0.696991 0.731627 0.698998 0.716641 0.680663
0.754953 0.699078 0.726634 0.701445 0.711371 0.679604
0.754162 0.700553 0.724130 0.702919 0.709722 0.672152
0.756341 0.695677 0.732015 0.698542 0.713242 0.676890
0.756347 0.694313 0.732314 0.698566 0.718876 0.681187
0.754581 0.697274 0.734701 0.697840 0.718849 0.674994
0.756600 0.699134 0.736580 0.700698 0.720116 0.676361
0.759949 0.699873 0.732418 0.703286 0.716910 0.676319
0.761279 0.703246 0.738645 0.702703 0.715618 0.677050
0.764297 0.704713 0.741955 0.704352 0.719778 0.680566
0.763061 0.705270 0.741411 0.705875 0.722243 0.683655
0.765093 0.704577 0.742218 0.707010 0.722889 0.685994
0.767233 0.705060 0.740345 0.705711 0.724277 0.681572
0.766472 0.707030 0.739225 0.705554 0.726287 0.682292
0.768500 0.706337 0.740624 0.705606 0.727009 0.680706
0.771071 0.706140 0.743353 0.704554 0.729614 0.682870
0.769679 0.706982 0.746812 0.706472 0.730391 0.683372
0.769679 0.708064 0.748146 0.706174 0.730487 0.685891
0.772210 0.707953 0.749362 0.708011 0.731283 0.689518
0.771353 0.708896 0.748998 0.710967 0.729590 0.689509
0.772998 0.710545 0.748240 0.709772 0.733190 0.687781
0.771324 0.710642 0.749090 0.712544 0.734174 0.688880
0.772301 0.709897 0.749636 0.712907 0.734049 0.688609
0.773728 0.711829 0.749848 0.714648 0.735487 0.691093
0.774835 0.711745 0.749605 0.715138 0.734472 0.693226
0.774614 0.712224 0.749970 0.715302 0.735785 0.695039
0.775753 0.712818 0.749271 0.714757 0.735521 0.698050
0.773993 0.712668 0.748542 0.712997 0.732878 0.692762
0.774614 0.714236 0.750364 0.716350 0.734784 0.697889
0.771410 0.711314 0.751336 0.712397 0.729412 0.689925
0.770564 0.714467 0.751973 0.715552 0.733945 0.697028
0.770672 0.712058 0.751945 0.715864 0.734334 0.691922
0.768529 0.710192 0.750395 0.714340 0.733720 0.696250
0.767000 0.711285 0.753458 0.715860 0.733929 0.706409
0.769669 0.709446 0.750121 0.712397 0.728664 0.696724
0.769689 0.712488 0.751153 0.715064 0.731330 0.700051
0.767975 0.710803 0.747449 0.715011 0.735042 0.695100
0.765570 0.709726 0.747660 0.711052 0.732845 0.692021
0.766249 0.711581 0.750121 0.716114 0.735472 0.701445
0.766823 0.708632 0.747539 0.710617 0.730842 0.690240
0.767342 0.709879 0.748421 0.712077 0.728143 0.694281
0.771266 0.710405 0.748178 0.709178 0.729951 0.693639
0.769241 0.708975 0.744588 0.705905 0.727055 0.691991
0.769279 0.713130 0.749089 0.711409 0.730842 0.700998
0.769796 0.710058 0.747995 0.712002 0.727548 0.694352
0.766629 0.709976 0.747023 0.710950 0.728066 0.693828
0.767262 0.710128 0.747115 0.711553 0.727467 0.694206
0.767262 0.710849 0.746080 0.712671 0.731304 0.690394
0.768276 0.712601 0.748390 0.716225 0.734243 0.693755
0.769923 0.712189 0.748482 0.715826 0.731710 0.693864
0.768656 0.710103 0.745868 0.710406 0.727640 0.686529
0.771063 0.710669 0.746691 0.711950 0.726747 0.691312
0.768529 0.709905 0.744590 0.707577 0.727376 0.685256
0.768129 0.712418 0.747446 0.706256 0.728912 0.687228
0.765427 0.714748 0.749119 0.709252 0.728739 0.693969
0.770363 0.713293 0.747082 0.706301 0.723437 0.682238
0.769611 0.717806 0.748754 0.709600 0.726199 0.689532
0.771614 0.716948 0.746109 0.708592 0.729280 0.684251
0.769153 0.713360 0.746902 0.708772 0.727353 0.689730
0.767762 0.713674 0.748756 0.708803 0.728338 0.692957
0.771436 0.709390 0.748054 0.705905 0.721415 0.688895
0.771685 0.713658 0.748146 0.707605 0.726450 0.694722
0.769923 0.710450 0.747902 0.707630 0.729085 0.691410
0.768793 0.710995 0.748328 0.708825 0.729156 0.690044
0.768929 0.716565 0.750091 0.709453 0.728119 0.693919
0.772583 0.714220 0.746748 0.707429 0.723168 0.687676
0.773539 0.715956 0.747842 0.707540 0.725796 0.693993
0.768540 0.714765 0.746503 0.707435 0.726952 0.694718
0.768393 0.713260 0.747325 0.709206 0.725322 0.687180
0.770680 0.715822 0.748483 0.712169 0.727410 0.696401
0.771885 0.716651 0.746597 0.708772 0.720995 0.683651
0.770564 0.716452 0.747752 0.710967 0.725545 0.692150
0.769289 0.714501 0.746629 0.710333 0.729119 0.694206
0.768666 0.714551 0.748694 0.710312 0.725631 0.687716
0.767577 0.717620 0.747849 0.712259 0.725468 0.693956
0.775057 0.714765 0.748146 0.709804 0.719737 0.680604
0.772900 0.717625 0.750758 0.712655 0.726141 0.696196
0.774737 0.713657 0.749605 0.709964 0.730696 0.690960
0.774104 0.715427 0.752158 0.713179 0.731270 0.691443
0.773969 0.716383 0.752399 0.711153 0.725614 0.693896
0.775818 0.715311 0.752036 0.711475 0.722321 0.691295
0.773716 0.715442 0.751335 0.713742 0.729791 0.693054
0.776512 0.716371 0.751549 0.711944 0.731590 0.693515
0.776625 0.716649 0.751578 0.712944 0.730779 0.694735
0.777271 0.717872 0.751185 0.712998 0.729154 0.689823
0.777384 0.718830 0.750729 0.713162 0.728799 0.695069
0.777047 0.717839 0.749575 0.711184 0.731483 0.695658
0.776947 0.715162 0.747871 0.708841 0.729730 0.695785
0.775668 0.717459 0.747357 0.708772 0.728557 0.698188
0.776059 0.716817 0.744254 0.706704 0.721871 0.694661
0.776316 0.717012 0.751062 0.707790 0.727788 0.697743
0.777085 0.713043 0.747748 0.697825 0.720162 0.681148
0.778003 0.719089 0.747427 0.709482 0.725338 0.701957
0.775182 0.712448 0.746766 0.707415 0.728455 0.702801
0.753339 0.696942 0.715519 0.693362 0.679188 0.620373
0.774760 0.706492 0.736075 0.700552 0.721423 0.729238
0.774275 0.702600 0.742687 0.701590 0.715975 0.732129
0.777862 0.704984 0.737727 0.711451 0.707717 0.745108
0.715088 0.554936 0.640273 0.626004 0.483255 0.554638
0.743586 0.704708 0.704427 0.699533 0.698322 0.697659
0.734665 0.698076 0.695500 0.688209 0.688908 0.688243
0.734320 0.693140 0.672072 0.686013 0.681655 0.636305
0.730535 0.677739 0.549515 0.680589 0.655400 0.455182
0.642494 0.616765 0.404271 0.635994 0.590456 0.268357
0.693140 0.653146 0.516117 0.644120 0.630976 0.375349
0.710082 0.672801 0.623860 0.654777 0.640349 0.532910
0.723681 0.686553 0.647415 0.638850 0.611985 0.566217
0.720005 0.673573 0.627585 0.613060 0.580743 0.537556
0.696589 0.636111 0.552069 0.577693 0.534646 0.466967
0.697265 0.616096 0.531954 0.557194 0.506747 0.436210
0.722887 0.639714 0.578531 0.587475 0.533954 0.489050
0.742721 0.675012 0.625620 0.619770 0.588052 0.546519
0.743248 0.670094 0.620298 0.620359 0.589558 0.531814
0.730682 0.660386 0.585372 0.616997 0.574724 0.504158
0.724931 0.639181 0.569369 0.605509 0.557921 0.484204
0.721027 0.628803 0.558486 0.600480 0.554598 0.474484
0.716295 0.627791 0.567022 0.607080 0.560335 0.493192
0.720400 0.629445 0.581488 0.617662 0.562633 0.510706
0.719142 0.634889 0.588840 0.614566 0.560878 0.527638
0.722384 0.630274 0.602496 0.612041 0.565621 0.541931
0.722919 0.633773 0.620748 0.617901 0.576369 0.556716
0.727768 0.637733 0.626618 0.622259 0.584429 0.563095
0.719067 0.634635 0.625847 0.618311 0.582916 0.561830
0.711060 0.632104 0.619174 0.612719 0.577111 0.554644
0.703638 0.627392 0.613931 0.607311 0.581902 0.551145
0.702449 0.630694 0.621821 0.601774 0.595902 0.554865
0.703007 0.636321 0.624894 0.604525 0.595979 0.556965
0.709043 0.640580 0.629880 0.613898 0.596577 0.540737
0.710996 0.640505 0.626356 0.617115 0.597849 0.538451
0.711284 0.641848 0.629581 0.613869 0.591438 0.538107
0.713118 0.647460 0.630532 0.617265 0.592750 0.535469
0.712473 0.644990 0.621322 0.613147 0.595283 0.529792
0.713406 0.645725 0.627309 0.614028 0.594449 0.525858
0.712671 0.646766 0.631319 0.617629 0.592000 0.529024
0.713317 0.647930 0.641134 0.624419 0.599051 0.547336
0.712745 0.652295 0.654171 0.629425 0.598481 0.565045
0.713515 0.657110 0.669802 0.631341 0.604309 0.581962
0.714411 0.658491 0.676641 0.631142 0.603623 0.592656
0.716815 0.657219 0.682635 0.632527 0.603500 0.598237
0.721643 0.656178 0.684325 0.632674 0.604680 0.607364
0.724658 0.662078 0.686211 0.634085 0.609309 0.610943
0.725549 0.665009 0.682344 0.635975 0.616382 0.610022
0.725082 0.664006 0.677995 0.638226 0.614389 0.601866
0.725562 0.661732 0.676980 0.638031 0.612895 0.596005
0.725185 0.662236 0.675376 0.637896 0.612176 0.587833
0.725380 0.662278 0.676701 0.637473 0.615653 0.592670
0.724505 0.663086 0.679981 0.636809 0.614101 0.598425
0.725404 0.663012 0.679270 0.635656 0.617786 0.606918
0.725154 0.662548 0.683673 0.632697 0.616992 0.609146
0.723900 0.659390 0.684065 0.627498 0.611056 0.608622
0.723114 0.659083 0.678949 0.622739 0.609887 0.604877
0.720035 0.657813 0.674796 0.624372 0.609562 0.595831
0.719408 0.659931 0.676280 0.625628 0.614160 0.593496
0.718405 0.658235 0.676043 0.622627 0.612980 0.587857
0.717650 0.656344 0.674525 0.619431 0.606809 0.584492
0.717525 0.655882 0.674405 0.618910 0.605637 0.584361
0.717399 0.655380 0.674044 0.618232 0.604590 0.584230
0.717489 0.655380 0.673680 0.617932 0.604341 0.585673
0.718080 0.655419 0.673479 0.617680 0.605490 0.586329
0.717955 0.655495 0.674080 0.617932 0.605940 0.588559
0.717508 0.655264 0.677206 0.617806 0.606189 0.589871
0.717438 0.655344 0.677730 0.617680 0.606189 0.591893
0.717974 0.655113 0.678129 0.618736 0.606189 0.592811
0.717974 0.655037 0.678730 0.619114 0.606265 0.593754
0.717974 0.655152 0.678932 0.618958 0.606639 0.594857
0.718100 0.654921 0.678730 0.619036 0.606291 0.594123
0.717794 0.654037 0.680293 0.618754 0.606265 0.595094
0.717794 0.654268 0.680293 0.618125 0.605815 0.595697
0.717978 0.655654 0.680654 0.618472 0.605490 0.596091
0.717888 0.656041 0.681135 0.618472 0.605989 0.595750
0.717978 0.656658 0.680654 0.617969 0.606114 0.597324
0.717476 0.656889 0.681616 0.618395 0.606038 0.596668
0.717225 0.656196 0.682490 0.618520 0.606537 0.595488
0.718071 0.656658 0.682370 0.618772 0.606956 0.595488
0.718197 0.656813 0.682250 0.618694 0.608479 0.595697
0.718573 0.655774 0.682130 0.619323 0.607308 0.594779
0.718573 0.655081 0.681889 0.619024 0.608354 0.594123
0.718573 0.655081 0.681889 0.618898 0.608354 0.594123
0.718573 0.655658 0.681529 0.618898 0.608728 0.594385
0.718287 0.655658 0.681414 0.619024 0.609059 0.594648
0.718036 0.656463 0.680659 0.619024 0.609260 0.594648
0.718161 0.656889 0.680058 0.621020 0.608213 0.594910
0.717659 0.657235 0.679817 0.621020 0.607985 0.594648
0.717659 0.656156 0.680298 0.621020 0.607985 0.594463
0.717659 0.655925 0.680101 0.620894 0.607687 0.594517
0.717156 0.654766 0.679860 0.620390 0.606920 0.595041
0.717533 0.654997 0.679981 0.620390 0.606947 0.595828
0.717533 0.655575 0.680101 0.620390 0.607071 0.596484
0.717282 0.655921 0.680342 0.620264 0.607870 0.596878
0.717440 0.655690 0.680582 0.619887 0.610189 0.597534
0.717691 0.655575 0.680905 0.620138 0.610639 0.598583
0.717189 0.654766 0.680905 0.620894 0.609716 0.599370
0.717189 0.655615 0.681025 0.620798 0.609467 0.600079
0.717189 0.655882 0.680221 0.620750 0.608967 0.600210
0.717189 0.655419 0.680101 0.620342 0.608766 0.600420
0.717691 0.655344 0.680101 0.620342 0.609006 0.601757
0.717817 0.655344 0.681506 0.620468 0.609006 0.602019
0.717817 0.654766 0.681386 0.620516 0.608505 0.601783
0.717440 0.654882 0.681386 0.621271 0.608755 0.601075
0.717852 0.654766 0.679620 0.621523 0.610562 0.601363
0.717225 0.654842 0.679740 0.622026 0.610437 0.600708
0.717225 0.654957 0.679860 0.622530 0.611570 0.600970
0.717852 0.654611 0.680221 0.622152 0.610819 0.601101
0.717852 0.654148 0.680221 0.622231 0.612265 0.601756
0.717978 0.653726 0.681184 0.621979 0.611640 0.601494
0.718068 0.653455 0.681184 0.621853 0.611341 0.601415
0.717942 0.652762 0.681545 0.621349 0.611466 0.602332
0.717942 0.653686 0.681064 0.621428 0.612717 0.603512
0.717997 0.653762 0.681184 0.620373 0.613642 0.603512
0.717962 0.653415 0.683071 0.620151 0.612919 0.603512
0.717962 0.653531 0.684679 0.620577 0.612467 0.602804
0.718464 0.653415 0.684147 0.620325 0.611042 0.602673
0.718338 0.652490 0.684198 0.620403 0.611167 0.602804
0.718338 0.652259 0.684230 0.621237 0.610944 0.602752
0.719091 0.652144 0.684717 0.619851 0.610819 0.603014
0.719468 0.652375 0.684838 0.619851 0.612196 0.602935
0.719684 0.652571 0.684717 0.619977 0.612120 0.604088
0.720562 0.652109 0.684717 0.619552 0.611869 0.606577
0.722013 0.651762 0.683995 0.620685 0.610742 0.607704
0.721009 0.652340 0.684831 0.620907 0.610214 0.608884
0.721135 0.651646 0.684350 0.621537 0.609622 0.609408
0.721009 0.652571 0.684755 0.622040 0.611076 0.610063
0.722766 0.652571 0.684875 0.622040 0.610208 0.610587
0.722892 0.652686 0.684755 0.621662 0.610208 0.611242
0.723143 0.652340 0.685762 0.621141 0.610208 0.611635
0.722892 0.652224 0.684078 0.621015 0.609735 0.611897
0.723108 0.652109 0.684039 0.620764 0.609359 0.612028
0.723268 0.652224 0.684008 0.621015 0.609359 0.612502
0.724021 0.652571 0.683849 0.620134 0.608984 0.612502
0.724398 0.653726 0.684293 0.619612 0.608984 0.612371
0.724649 0.652571 0.684293 0.620494 0.608358 0.612240
0.724398 0.653148 0.685738 0.620494 0.608358 0.612806
0.724021 0.653148 0.684413 0.618477 0.607983 0.614115
0.724272 0.653148 0.684496 0.620494 0.607983 0.613461
0.724398 0.653148 0.685112 0.620746 0.608108 0.613199
0.724523 0.653957 0.685353 0.620746 0.607406 0.613592
0.725458 0.655575 0.685556 0.621124 0.608157 0.613330
0.725025 0.656037 0.685918 0.620998 0.608255 0.613330
0.725025 0.655806 0.686038 0.620920 0.607456 0.613199
0.724900 0.655806 0.686882 0.623110 0.607330 0.613199
0.724900 0.655806 0.687884 0.623236 0.607581 0.614377
0.725207 0.655806 0.687884 0.623362 0.607581 0.613199
0.725207 0.655921 0.687809 0.623362 0.607831 0.612282
0.725458 0.655690 0.688050 0.623409 0.608331 0.612151
0.725458 0.654997 0.688050 0.622527 0.608375 0.611366
0.725402 0.654997 0.688050 0.623409 0.608500 0.611104
0.725151 0.655113 0.688171 0.623457 0.609115 0.611235
0.725151 0.656153 0.687447 0.623787 0.609240 0.611497
0.725151 0.656615 0.687447 0.623205 0.609365 0.612020
0.725584 0.655690 0.687447 0.622701 0.609365 0.611104
0.725047 0.655690 0.686483 0.622701 0.609616 0.611104
0.725173 0.655459 0.686965 0.622953 0.609741 0.610711
0.725264 0.657308 0.687206 0.622827 0.609811 0.610842
0.725264 0.657463 0.688532 0.623188 0.610061 0.610187
0.725264 0.657694 0.688894 0.623141 0.609936 0.612151
0.725640 0.657232 0.688977 0.623141 0.610061 0.611628
0.725640 0.657232 0.687771 0.623141 0.610061 0.612020
0.725515 0.657001 0.687771 0.622889 0.610562 0.612020
0.725515 0.655344 0.687892 0.623393 0.610889 0.611497
0.726268 0.655344 0.687892 0.623393 0.611139 0.611628
0.726268 0.654882 0.688374 0.624149 0.611139 0.612071
0.726268 0.654882 0.688374 0.623945 0.611188 0.612857
0.726303 0.655228 0.688495 0.624071 0.611813 0.612464
0.726337 0.655575 0.689219 0.624323 0.611813 0.612464
0.726337 0.655690 0.689339 0.624323 0.612064 0.612384
0.726029 0.655842 0.689460 0.624953 0.612814 0.611962
0.726029 0.655957 0.689460 0.624953 0.614143 0.612878
0.726029 0.655647 0.688991 0.625079 0.613238 0.613089
0.726497 0.655647 0.689352 0.625457 0.614037 0.613089
0.726622 0.655878 0.689352 0.625835 0.614037 0.612435
0.726999 0.655994 0.689352 0.625961 0.614162 0.612173
0.728756 0.656109 0.689713 0.626134 0.613412 0.613351
0.728756 0.656109 0.690075 0.626638 0.613460 0.613613
0.728573 0.656109 0.690195 0.626559 0.615789 0.612958
0.728699 0.656109 0.690316 0.626811 0.615837 0.613009
0.728824 0.656109 0.690195 0.626480 0.615837 0.613532
0.728824 0.656225 0.690241 0.625929 0.615837 0.613532
0.728950 0.656763 0.690723 0.625425 0.615914 0.613583
0.728824 0.655723 0.691529 0.626055 0.616915 0.614761
0.728573 0.656301 0.691288 0.626055 0.617040 0.615022
0.728824 0.656069 0.691891 0.626055 0.617165 0.615415
0.729703 0.655954 0.692252 0.626055 0.617540 0.615727
0.729828 0.655954 0.691076 0.626433 0.616164 0.615727
0.729075 0.655954 0.691076 0.626685 0.616164 0.615969
0.729828 0.655954 0.689630 0.626685 0.615914 0.616542
0.729954 0.655260 0.691641 0.626700 0.615664 0.616673
0.730673 0.655260 0.690918 0.626700 0.615664 0.616673
0.730673 0.655029 0.692215 0.626700 0.615664 0.616623
0.730480 0.655260 0.691371 0.626700 0.615664 0.616512
0.730480 0.655260 0.688720 0.626574 0.615664 0.616512
0.730480 0.655723 0.688600 0.626826 0.615789 0.616170
0.730228 0.655723 0.689323 0.626952 0.616039 0.616039
0.730228 0.655954 0.689564 0.626952 0.616414 0.616170
0.730228 0.655491 0.689202 0.626952 0.616289 0.615988
0.730228 0.655491 0.688841 0.626448 0.616289 0.615988
0.730228 0.655723 0.689007 0.626574 0.618416 0.616119
0.730605 0.655838 0.687794 0.626952 0.618416 0.616119
0.730605 0.655954 0.687914 0.627456 0.617117 0.616381
0.731233 0.655260 0.688042 0.627046 0.617242 0.616381
0.730731 0.655260 0.689090 0.626967 0.617165 0.616381
0.730856 0.655376 0.689331 0.627471 0.617242 0.616381
0.730856 0.655723 0.688637 0.627471 0.616617 0.616401
0.730856 0.655491 0.689232 0.626762 0.616771 0.616139
0.730856 0.656416 0.689111 0.626683 0.615847 0.616924
0.730982 0.656185 0.689248 0.626935 0.615972 0.617085
0.730982 0.656185 0.689248 0.626935 0.616097 0.617739
0.731484 0.655838 0.689111 0.627518 0.615847 0.617739
0.730605 0.655954 0.689248 0.627658 0.615722 0.617951
0.731484 0.655838 0.689489 0.627957 0.615722 0.617478
0.730513 0.656069 0.689701 0.627705 0.615722 0.617609
0.731392 0.655802 0.690508 0.628083 0.615847 0.617609
0.731392 0.655571 0.690508 0.630049 0.618100 0.617609
0.730513 0.655802 0.690628 0.630049 0.618225 0.617216
0.730513 0.656496 0.689060 0.629672 0.617099 0.617347
0.730388 0.656611 0.690870 0.630049 0.617051 0.618786
0.730388 0.656575 0.689422 0.629923 0.615924 0.618686
0.730480 0.656459 0.689543 0.629797 0.616483 0.618294
0.729886 0.656344 0.689905 0.630049 0.616483 0.616723
0.729760 0.656499 0.688337 0.630049 0.616232 0.616854
0.730513 0.656694 0.688337 0.630301 0.615106 0.616985
0.730513 0.656694 0.688337 0.630254 0.614981 0.616985
0.730890 0.656463 0.688457 0.630175 0.615356 0.616200
0.730639 0.656503 0.688216 0.630175 0.615481 0.616462
0.730011 0.656965 0.688457 0.629718 0.615337 0.616854
0.730605 0.656965 0.688699 0.629844 0.615586 0.616854
0.730137 0.656849 0.688216 0.629844 0.615634 0.617458
0.730137 0.656849 0.687492 0.628586 0.615634 0.616804
0.730388 0.656965 0.687131 0.628586 0.614991 0.615495
0.730262 0.657080 0.686889 0.629341 0.616259 0.615888
0.730513 0.656889 0.687131 0.629215 0.616009 0.615888
0.730513 0.656889 0.687214 0.629294 0.615884 0.615364
0.730764 0.656889 0.686248 0.629168 0.616298 0.615103
0.730137 0.657351 0.686331 0.628917 0.618500 0.617066
0.730706 0.657351 0.686414 0.628162 0.618125 0.617147
0.731459 0.657503 0.686414 0.628162 0.618125 0.616754
0.731334 0.657579 0.685811 0.627658 0.618125 0.617882
0.731459 0.657463 0.685766 0.627658 0.618125 0.617832
0.732338 0.657925 0.686972 0.627816 0.618630 0.616634
0.732087 0.658503 0.685525 0.627816 0.618380 0.616584
0.732087 0.658579 0.686972 0.627942 0.618833 0.616584
0.731961 0.658579 0.687425 0.628021 0.618910 0.617239
0.730456 0.659734 0.686218 0.627895 0.618059 0.617944
0.730456 0.659506 0.686338 0.627769 0.618059 0.618337
0.730456 0.658235 0.685456 0.628449 0.618309 0.618599
0.729201 0.658697 0.685652 0.628449 0.617809 0.618599
0.729418 0.658275 0.686618 0.628449 0.619107 0.618206
0.729418 0.658390 0.686859 0.629882 0.618482 0.617944
0.729418 0.658390 0.686859 0.630511 0.618482 0.617944
0.730296 0.658390 0.686218 0.630637 0.618107 0.617944
0.730171 0.657351 0.686021 0.630260 0.618011 0.616765
0.730045 0.657120 0.686263 0.630134 0.618214 0.616896
0.730547 0.657080 0.686383 0.630260 0.617460 0.616896
0.730547 0.657427 0.687311 0.630260 0.618084 0.617289
0.730673 0.657427 0.687432 0.630134 0.617834 0.617289
0.730798 0.657427 0.686346 0.631771 0.617210 0.616765
0.731175 0.656885 0.686263 0.631771 0.616838 0.616110
0.731551 0.656885 0.686383 0.632149 0.617791 0.618075
0.731484 0.656423 0.683124 0.632149 0.617916 0.618468
0.731484 0.656423 0.683607 0.632355 0.617916 0.618861
0.731860 0.655730 0.683607 0.634119 0.618291 0.619253
0.731860 0.655730 0.683366 0.634119 0.618350 0.621611
0.731860 0.655846 0.682158 0.636387 0.618398 0.621873
0.731860 0.655921 0.683486 0.635253 0.618177 0.621873
0.733350 0.655921 0.683569 0.634199 0.619930 0.621873
0.733099 0.655344 0.683251 0.634371 0.619680 0.620039
0.732973 0.656037 0.683372 0.633363 0.620396 0.619416
0.733224 0.656499 0.683969 0.633350 0.620240 0.619728
0.733040 0.658117 0.683486 0.633648 0.620163 0.619859
0.732948 0.658041 0.683728 0.633224 0.620210 0.619859
0.732697 0.657463 0.683848 0.633673 0.619334 0.621806
0.732011 0.657810 0.683639 0.633799 0.619209 0.622068
0.731634 0.658272 0.684001 0.634177 0.619960 0.622429
0.731257 0.658311 0.684446 0.633342 0.620586 0.622429
0.731508 0.658311 0.684369 0.633468 0.621337 0.621905
0.733015 0.658351 0.685735 0.633845 0.621415 0.621512
0.732890 0.658466 0.682718 0.633673 0.620914 0.621905
0.732890 0.658928 0.682718 0.633799 0.621039 0.621381
0.733015 0.658928 0.683804 0.633891 0.621057 0.621692
0.733015 0.658582 0.683201 0.634017 0.620931 0.623969
0.733015 0.658813 0.683359 0.634269 0.620931 0.624231
0.733015 0.659159 0.685856 0.634647 0.621057 0.624361
0.732831 0.659621 0.686097 0.634521 0.620931 0.623707
0.732831 0.660314 0.686263 0.635025 0.620931 0.623183
0.732890 0.660162 0.688073 0.634189 0.620931 0.621643
0.732890 0.660277 0.687794 0.635001 0.620681 0.621200
0.732513 0.660046 0.688149 0.634749 0.619852 0.620052
0.731759 0.660277 0.689206 0.634875 0.619727 0.620414
0.732136 0.660162 0.689085 0.635253 0.620103 0.620414
0.732228 0.660162 0.689281 0.635596 0.622356 0.620676
0.732228 0.662702 0.690005 0.635974 0.622058 0.621331
0.732228 0.662702 0.690367 0.636169 0.622559 0.621331
0.732228 0.663164 0.692178 0.637187 0.623435 0.620988
0.732856 0.662587 0.691333 0.637061 0.622731 0.621250
0.732856 0.662356 0.691249 0.636981 0.622731 0.619809
0.732856 0.662818 0.691732 0.637484 0.622356 0.619285
0.732856 0.662009 0.691732 0.638501 0.622856 0.619578
0.733861 0.661085 0.691008 0.639064 0.622606 0.619185
0.733861 0.661085 0.691129 0.638686 0.622606 0.619185
0.733861 0.661085 0.691816 0.638686 0.622308 0.618299
0.733769 0.661085 0.690617 0.638686 0.621385 0.618036
0.733643 0.660508 0.689093 0.638938 0.621385 0.616988
0.733769 0.660508 0.689334 0.638812 0.621760 0.617693
0.733677 0.660508 0.688731 0.639295 0.621165 0.617169
0.733174 0.660739 0.688368 0.639169 0.621039 0.616645
0.733551 0.660970 0.688006 0.638836 0.621117 0.615727
0.733551 0.660508 0.688406 0.638962 0.620586 0.615465
0.733082 0.660393 0.688164 0.638903 0.620634 0.615203
0.732990 0.661316 0.688406 0.638868 0.622011 0.615596
0.732053 0.661201 0.687228 0.639623 0.621635 0.615990
0.732053 0.661048 0.687553 0.640126 0.621760 0.616514
0.731677 0.660933 0.687553 0.639623 0.621510 0.616514
0.730316 0.661164 0.688156 0.639874 0.621886 0.616383
0.730316 0.661625 0.688277 0.640252 0.621886 0.615596
0.729401 0.661972 0.688036 0.640126 0.621635 0.615889
0.729401 0.662087 0.688156 0.640171 0.623294 0.616282
0.729401 0.661279 0.688156 0.640126 0.623168 0.616151
0.729401 0.661279 0.688277 0.640126 0.623419 0.616020
0.729401 0.660395 0.688277 0.639623 0.622918 0.615364
0.729401 0.659818 0.689484 0.639119 0.622918 0.614709
0.730784 0.660048 0.689364 0.638994 0.622417 0.614185
0.731160 0.660279 0.687674 0.638742 0.622668 0.614447
0.731986 0.660279 0.687432 0.638822 0.623544 0.614578
0.731735 0.660857 0.687598 0.638868 0.623419 0.615758
0.732546 0.660088 0.687470 0.638742 0.621618 0.616020
0.732798 0.659511 0.687470 0.638742 0.621368 0.616282
0.732890 0.657895 0.687236 0.638742 0.622244 0.615889
0.732890 0.658010 0.686994 0.638491 0.622119 0.615627
0.732387 0.658126 0.686957 0.638491 0.621994 0.615627
0.732387 0.658934 0.687077 0.638616 0.621994 0.615657
0.732387 0.659741 0.687319 0.638788 0.621743 0.616050
0.733300 0.658818 0.688164 0.638788 0.623513 0.616313
0.733300 0.659395 0.688285 0.638994 0.623014 0.616706
0.733300 0.659511 0.688572 0.639245 0.623014 0.615526
0.733300 0.659626 0.688693 0.639074 0.623014 0.615526
0.733425 0.659511 0.688814 0.638868 0.621436 0.615395
0.733425 0.659435 0.689176 0.638868 0.621436 0.615445
0.733425 0.659319 0.690988 0.640548 0.623281 0.615183
0.733367 0.660819 0.688935 0.640423 0.623281 0.615314
0.733425 0.660819 0.691109 0.640342 0.622156 0.615183
0.733241 0.661166 0.690738 0.640171 0.622233 0.614790
0.733300 0.661166 0.690134 0.638833 0.621983 0.614134
0.733333 0.660819 0.690505 0.638078 0.621483 0.613610
0.733015 0.660819 0.690263 0.638536 0.621358 0.613610
0.732203 0.660935 0.690263 0.638536 0.621358 0.613610
0.732831 0.660704 0.690626 0.638536 0.620350 0.613610
0.731450 0.660935 0.689901 0.638204 0.620350 0.614265
0.731450 0.661050 0.690180 0.638330 0.618976 0.614790
0.732513 0.660935 0.690309 0.637278 0.620350 0.614658
0.732513 0.661512 0.690068 0.637061 0.619850 0.614658
0.732513 0.661743 0.690309 0.636009 0.619850 0.614265
0.732513 0.661858 0.690309 0.635883 0.620483 0.614396
0.730769 0.662089 0.691880 0.635929 0.620483 0.614921
0.729767 0.661281 0.692122 0.636181 0.620358 0.615183
0.729550 0.661320 0.692401 0.636272 0.620233 0.615939
0.729801 0.661551 0.692763 0.638159 0.620108 0.615939
0.730427 0.661320 0.692763 0.638410 0.620358 0.615727
0.730461 0.661551 0.692763 0.636912 0.620358 0.616121
0.730461 0.661551 0.692401 0.636501 0.619982 0.616121
0.730461 0.661782 0.692159 0.636923 0.619982 0.615990
0.730336 0.661782 0.692521 0.637095 0.618202 0.615990
0.730837 0.661089 0.692401 0.637346 0.616952 0.615990
0.730461 0.661320 0.692401 0.637346 0.615980 0.616383
0.729926 0.660974 0.692038 0.637220 0.616105 0.616756
0.730533 0.660974 0.692159 0.637220 0.616479 0.616756
0.730408 0.661089 0.692521 0.637095 0.617728 0.616887
0.730784 0.661089 0.692642 0.637849 0.618827 0.616918
0.730784 0.659705 0.692763 0.637723 0.618577 0.616918
0.731285 0.659705 0.693246 0.637849 0.618077 0.616656
0.731194 0.659474 0.692884 0.637517 0.618280 0.617049
0.731194 0.659358 0.693079 0.637769 0.617276 0.616393
0.731194 0.659358 0.694418 0.637392 0.617353 0.616000
0.731194 0.659358 0.694418 0.637392 0.616806 0.615869
0.731068 0.659474 0.693813 0.637392 0.616806 0.615869
0.731068 0.659474 0.694055 0.637392 0.616806 0.615869
0.730943 0.659474 0.694176 0.637015 0.616806 0.615869
0.730943 0.659474 0.693572 0.637060 0.617779 0.615869
0.730851 0.659820 0.694176 0.637060 0.618655 0.616787
0.730851 0.660397 0.694297 0.636558 0.618780 0.617705
0.730851 0.660589 0.694297 0.636809 0.618780 0.618098
0.730851 0.662204 0.694166 0.636935 0.619030 0.618098
0.730851 0.662435 0.693924 0.637814 0.618155 0.620066
0.730258 0.662168 0.692958 0.637940 0.618780 0.619934
0.730384 0.662399 0.692596 0.637688 0.619280 0.620852
0.730919 0.661668 0.692596 0.637563 0.619655 0.620066
0.730417 0.660669 0.692717 0.637312 0.620953 0.619410
0.730041 0.659592 0.692596 0.638191 0.620828 0.619098
0.730041 0.659592 0.692596 0.638317 0.621078 0.619229
0.730417 0.659592 0.692958 0.638317 0.621078 0.619360
0.730509 0.659361 0.692475 0.638317 0.621203 0.619622
0.732013 0.659130 0.692475 0.638191 0.620405 0.619622
0.731888 0.659437 0.692354 0.638271 0.619273 0.619753
0.731888 0.659437 0.690663 0.638100 0.620405 0.619753
0.731888 0.659091 0.690663 0.638100 0.619226 0.619360
0.731888 0.659091 0.690663 0.638100 0.619553 0.619491
0.731888 0.660129 0.690663 0.637038 0.619678 0.619360
0.731888 0.659707 0.690422 0.637038 0.621405 0.620803
0.731888 0.659552 0.690663 0.637164 0.620780 0.620459
0.731854 0.659552 0.690542 0.637084 0.620052 0.620590
0.732105 0.660014 0.690784 0.637164 0.620052 0.620984
0.731888 0.660129 0.691146 0.638044 0.621030 0.620753
0.731671 0.660399 0.691267 0.637781 0.621030 0.621015
0.729415 0.658978 0.691388 0.638662 0.623078 0.620884
0.729415 0.659481 0.691992 0.638788 0.623828 0.620884
0.728788 0.659597 0.692168 0.638913 0.623953 0.620753
0.728412 0.660403 0.691509 0.639210 0.623578 0.620391
0.728161 0.660634 0.692113 0.638491 0.622703 0.619997
0.728161 0.662363 0.692689 0.638616 0.621318 0.621047
0.728161 0.662478 0.692447 0.638742 0.620944 0.621047
0.729039 0.661671 0.693172 0.639119 0.621443 0.620916
0.729039 0.661441 0.692931 0.638365 0.621443 0.620653
0.731420 0.661056 0.693295 0.637061 0.620569 0.619735
0.730634 0.660249 0.692689 0.636592 0.621828 0.619735
0.730634 0.658674 0.692689 0.637393 0.621828 0.620522
0.730634 0.658674 0.692559 0.637393 0.621828 0.620653
0.729882 0.658674 0.692559 0.637645 0.621828 0.619735
0.729506 0.657406 0.692689 0.636924 0.621328 0.618948
0.729164 0.657252 0.692689 0.637347 0.621328 0.618554
0.729916 0.657828 0.692689 0.637267 0.621328 0.619866
0.729289 0.657752 0.693295 0.637393 0.621703 0.619997
0.730167 0.658098 0.691358 0.637313 0.621828 0.620522
0.730167 0.658329 0.692568 0.637439 0.623078 0.621228
0.730234 0.658444 0.692568 0.638068 0.622953 0.621572
0.730234 0.658444 0.692568 0.638159 0.622906 0.621572
0.730109 0.658674 0.691833 0.637907 0.622078 0.621948
0.729608 0.658790 0.691554 0.637907 0.621146 0.621423
0.729608 0.658444 0.693127 0.637907 0.621146 0.621160
0.729608 0.658329 0.693127 0.637656 0.619898 0.620242
0.729825 0.658213 0.693211 0.637656 0.622175 0.620110
0.729323 0.658444 0.693537 0.637907 0.619928 0.619716
0.729950 0.658098 0.692857 0.637907 0.619928 0.619848
0.729073 0.658098 0.692736 0.636821 0.619928 0.618273
0.730451 0.657867 0.692857 0.636947 0.620255 0.618666
0.728822 0.658365 0.691554 0.636947 0.620255 0.619404
0.727945 0.658711 0.690194 0.637198 0.621155 0.620060
0.726190 0.658480 0.690344 0.637118 0.621155 0.620454
0.726225 0.658902 0.691758 0.637244 0.621280 0.620060
0.726225 0.658902 0.691675 0.636787 0.621280 0.620192
0.727603 0.659363 0.691675 0.636466 0.620427 0.620454
0.727387 0.659133 0.691675 0.636466 0.620595 0.620767
0.727671 0.659248 0.691675 0.637894 0.620970 0.620110
0.729334 0.659363 0.693006 0.637974 0.621017 0.621160
0.729151 0.659594 0.693537 0.639105 0.621142 0.620767
0.729151 0.659749 0.693863 0.639231 0.621142 0.621636
0.729334 0.658517 0.692736 0.639231 0.621297 0.621292
0.729334 0.657977 0.692857 0.638980 0.621297 0.621423
0.728047 0.658207 0.692736 0.638854 0.621172 0.620635
0.727888 0.658168 0.692857 0.638351 0.621172 0.620848
0.728765 0.658053 0.693099 0.638477 0.621297 0.620586
0.728514 0.658283 0.693099 0.638351 0.621297 0.620848
0.728514 0.658745 0.692857 0.638477 0.622153 0.621505
0.730644 0.658669 0.692736 0.639105 0.622153 0.621948
0.732147 0.659015 0.692736 0.639105 0.622122 0.622079
0.732147 0.659592 0.692615 0.639196 0.622372 0.623129
0.731521 0.659707 0.692615 0.639538 0.622497 0.622604
0.731646 0.659707 0.692736 0.639457 0.623123 0.622473
0.731646 0.660514 0.690678 0.639503 0.623343 0.622424
0.731555 0.662014 0.691889 0.639196 0.623593 0.622817
0.731680 0.663629 0.693220 0.639241 0.623593 0.622949
0.732181 0.663552 0.693705 0.639674 0.623217 0.622817
0.731930 0.663552 0.693705 0.639493 0.625313 0.622324
0.732056 0.663552 0.693705 0.638739 0.624187 0.623900
0.732682 0.661938 0.694068 0.640246 0.624546 0.623375
0.732181 0.662053 0.694189 0.640166 0.624421 0.624901
