1.337994
1.277774
1.202873
1.154403
1.139017
1.132410
1.117780
1.107159
1.107541
1.104850
1.101528
1.090892
1.077154
1.062080
1.051965
1.042241
1.038901
1.032591
1.024126
1.020700
1.027675
1.031910
1.039719
1.050228
1.045721
1.054261
1.060826
1.062437
1.057128
1.051506
1.049279
1.047205
1.046959
1.032645
1.028965
1.026963
1.025316
1.031756
1.026238
1.025491
1.027094
1.027904
1.023304
1.024928
1.029141
1.031484
1.034015
1.041669
1.038947
1.038486
1.035703
1.034739
1.033493
1.037793
1.035100
1.028641
1.026424
1.028688
1.026147
1.027001
1.032572
1.033469
1.034362
1.047314
1.049486
1.048171
1.054215
1.056406
1.057392
1.063348
1.056385
1.052792
1.057776
1.051635
1.047163
1.064090
1.051566
1.056085
1.065614
1.057809
1.061608
1.064136
1.074597
1.070980
1.071498
1.077495
1.071835
1.073141
1.073186
1.073826
1.072495
1.072455
1.075305
1.076162
1.071563
1.072504
1.072855
1.074076
1.075324
1.076035
1.072573
1.072131
1.072979
1.074256
1.074525
1.073812
1.075533
1.079020
1.080180
1.082591
1.079445
1.076733
1.074889
1.080166
1.081764
1.082413
1.076394
1.072293
1.070723
1.073772
1.075777
1.076604
1.068304
1.066919
1.075840
1.078055
1.076680
1.070789
1.082381
1.086694
1.069818
1.091471
1.078973
1.088001
1.075032
1.068918
1.071228
1.067720
1.074262
1.067782
1.070047
1.066958
1.077229
1.068351
1.070540
1.065271
1.069260
1.063658
1.063319
1.064809
1.068211
1.065211
1.063465
1.059147
1.058923
1.059628
1.060352
1.062308
1.062243
1.061371
1.057471
1.054062
1.057031
1.055807
1.054475
1.053780
1.054575
1.054432
1.053474
1.052530
1.049227
1.050127
1.050044
1.050039
1.052236
1.051601
1.045704
1.045330
1.042927
1.046498
1.047804
1.044672
1.046805
1.043795
1.043134
1.040177
1.042154
1.044585
1.044091
1.044436
1.045661
1.048285
1.047816
1.048625
1.049499
1.051255
1.049229
1.052352
1.065173
1.113685
1.064233
1.081946
1.160917
1.284888
1.190937
1.204367
1.154029
1.172780
1.207310
1.187228
1.169588
1.127282
1.154295
1.147424
1.136163
1.122637
1.109621
1.118918
1.101119
1.106336
1.115392
1.112495
1.105406
1.094139
1.087977
1.086304
1.087430
1.074182
1.075581
1.077212
1.076097
1.073687
1.072473
1.073427
1.069862
1.068527
1.065608
1.064863
1.066635
1.069199
1.068649
1.069682
1.069068
1.067078
1.066959
1.066627
1.065216
1.064244
1.064818
1.066989
1.068036
1.068589
1.066768
1.074386
1.076005
1.076326
1.077608
1.071766
1.064807
1.067742
1.073748
1.069736
1.067659
1.064579
1.067174
1.064708
1.066442
1.064360
1.061232
1.061510
1.063878
1.067126
1.071019
1.070508
1.074252
1.077592
1.078772
1.081313
1.078554
1.078303
1.078187
1.082990
1.083672
1.087696
1.089986
1.089829
1.095224
1.092921
1.096657
1.099628
1.101814
1.102131
1.100722
1.098495
1.098383
1.093107
1.090396
1.087818
1.083894
1.079056
1.079749
1.079008
1.075169
1.075030
1.074939
1.071102
1.073089
1.075182
1.070222
1.068369
1.067924
1.068340
1.067882
1.065477
1.064913
1.064613
1.064104
1.066903
1.065227
1.065995
1.066121
1.061599
1.062270
1.060424
1.059819
1.057060
1.054971
1.051761
1.054439
1.054568
1.052363
1.052467
1.050382
1.047750
1.049196
1.050111
1.048069
1.053405
1.053032
1.052920
1.051671
1.057174
1.054753
1.052065
1.049257
1.046126
1.050052
1.044605
1.039882
1.039354
1.039305
1.041600
1.041274
1.040892
1.041113
1.039101
1.044187
1.041903
1.036113
1.038203
1.034901
1.035305
1.034224
1.031591
1.033578
1.033957
1.030347
1.029913
1.030686
1.029140
1.027148
1.027301
1.025026
1.027452
1.027209
1.027600
1.024098
1.021958
1.024407
1.024838
1.022967
1.023224
1.024137
1.022641
1.021487
1.019113
1.018673
1.016912
1.017045
1.017405
1.021314
1.023870
1.028597
1.028636
1.028514
1.022287
1.022483
1.021030
1.020214
1.022669
1.024601
1.025780
1.027499
1.030208
1.029146
1.029430
1.026154
1.024856
1.022555
1.023664
1.021913
1.022232
1.026018
1.022043
1.025210
1.019598
1.020113
1.029741
1.027031
1.029779
1.035880
1.039773
1.043496
1.028262
1.030516
1.044137
1.034508
1.026898
1.035348
1.035928
1.037370
1.037238
1.038231
1.038576
1.030947
1.032347
1.031903
1.031470
1.031096
1.030349
1.030638
1.035495
1.033924
1.031629
1.029881
1.030938
1.031149
1.032415
1.030506
1.028317
1.027968
1.028780
1.028029
1.028672
1.034539
1.032249
1.028191
1.027540
1.038150
1.063025
1.034631
1.043144
1.088862
1.050615
1.049219
1.096571
1.047224
1.095807
1.147315
1.136918
1.074299
1.129541
1.190009
1.067880
1.111071
1.065487
1.099278
1.101429
1.087577
1.055673
1.080234
1.090752
1.076017
1.067928
1.051414
1.051123
1.041548
1.044019
1.035355
1.031192
1.032659
1.034382
1.036977
1.043090
1.038548
1.036208
1.036215
1.031469
1.032250
1.036787
1.042543
1.044924
1.044425
1.043604
1.043058
1.041407
1.042235
1.044248
1.042616
1.041112
1.040906
1.038644
1.037916
1.034042
1.031428
1.030381
1.029614
1.029286
1.027256
1.029117
1.027203
1.026485
1.023567
1.019896
1.014933
1.013408
1.013491
1.009824
1.008092
1.003800
1.003334
1.002645
1.000302
0.999121
1.001362
1.001307
1.000773
1.000737
1.003226
1.001802
1.000305
0.999792
1.001221
1.000356
0.999789
0.998337
0.998079
0.999635
1.000608
1.001003
1.001379
1.000954
1.001010
1.001437
1.003528
1.003279
1.002454
1.001181
1.001147
1.000482
1.000301
0.999779
1.000268
1.000097
1.001905
1.001615
0.999790
0.998857
0.998141
0.994688
0.993515
0.993585
0.993322
0.994928
0.995258
0.995738
0.995785
0.995809
0.994801
0.992422
0.993106
0.993704
0.993502
0.993787
0.993343
0.993739
0.993030
0.990784
0.990567
0.991975
0.991446
0.993042
0.993922
0.994418
0.992095
0.991560
0.991416
0.989545
0.984445
0.982805
0.984278
0.985770
0.982980
0.980023
0.980139
0.978530
0.979140
0.979033
0.979398
0.978264
0.978783
0.979101
0.983581
0.984253
0.987812
0.984435
0.983108
0.982240
0.981279
0.984979
0.984005
0.982191
0.980758
0.978695
0.974977
0.971250
0.972960
0.973370
0.970966
0.970405
0.970645
0.972994
0.973545
0.970031
0.968434
0.967487
0.967132
0.966606
0.965682
0.965039
0.963658
0.963415
0.963720
0.964514
0.962747
0.962296
0.961753
0.960011
0.958164
0.960980
0.958141
0.960855
0.961606
0.962453
0.963001
0.962407
0.960803
0.960978
0.959571
0.959370
0.958266
0.958653
0.958617
0.959149
0.960198
0.957701
0.957537
0.959665
0.954916
0.953190
0.954761
0.951270
0.950539
0.949160
0.949198
0.948638
0.949121
0.948847
0.948259
0.947985
0.947772
0.946051
0.947978
0.944991
0.945849
0.946345
0.946378
0.945071
0.947151
0.944071
0.945701
0.947098
0.947781
0.946838
0.945893
0.944959
0.946235
0.945312
0.945707
0.947260
0.945007
0.944200
0.943901
0.944773
0.943968
0.944445
0.943993
0.943200
0.944332
0.943199
0.941623
0.942355
0.944632
0.945110
0.946276
0.946696
0.946989
0.947528
0.947211
0.945875
0.946080
0.946822
0.946576
0.946106
0.946156
0.944644
0.946143
0.947492
0.946368
0.944676
0.944504
0.944995
0.945597
0.945778
0.947003
0.946829
0.946864
0.947345
0.946378
0.946303
0.946060
0.945709
0.945762
0.946853
0.947072
0.946361
0.945469
0.946784
0.945457
0.946295
0.944814
0.945615
0.946110
0.947214
0.946523
0.947065
0.946627
0.946933
0.947493
0.947668
0.947330
0.946819
0.948011
0.949863
0.948520
0.947972
0.946289
0.946431
0.947245
0.945873
0.946701
0.948748
0.948140
0.952038
0.947515
0.948858
0.949309
0.951407
0.948494
0.948052
0.947418
0.951135
0.951170
0.957116
0.957914
0.958079
0.957392
0.955235
0.955156
0.951298
0.953395
0.952466
0.953312
0.955475
0.956397
0.955967
0.955341
0.954227
0.954791
0.954402
0.957446
0.955629
0.953618
0.953669
0.955154
0.955011
0.953991
0.952781
0.951252
0.953763
0.952163
0.958693
0.999154
1.052640
1.009931
1.030575
1.003219
1.021200
1.011040
1.032535
1.024022
1.031595
1.034178
1.049211
1.030240
1.030038
1.031128
1.022531
1.015064
1.014929
1.024179
1.012410
1.013891
1.015882
1.015112
1.008451
1.006616
1.009928
1.007282
1.009745
1.016434
1.013212
1.004841
1.003447
0.999243
0.998435
0.998652
0.998102
0.998490
0.996579
0.996987
0.995681
0.991704
0.990280
0.988932
0.983465
0.980576
0.980154
0.977788
0.978082
0.975953
0.974532
0.973305
0.969827
0.967024
0.966157
0.963571
0.962691
0.961138
0.959539
0.958855
0.959031
0.958402
0.958812
0.959317
0.960939
0.958767
0.959407
0.956690
0.959196
0.961493
0.959328
0.956442
0.956318
0.959105
0.960049
0.957305
0.958553
0.964516
0.968649
0.964277
0.964775
0.962709
0.964543
0.961836
0.960189
0.961877
0.965606
0.966063
0.967030
0.963489
0.962320
0.963969
0.962372
0.960109
0.962114
0.963741
0.966083
0.964363
0.963330
0.963034
0.961058
0.963922
0.960242
0.962126
0.963469
0.964112
0.962648
0.960053
0.960572
0.959307
0.963908
0.963901
0.960644
0.956647
0.952874
0.958348
0.959035
0.954327
0.952399
0.952781
0.953049
0.952718
0.954369
0.956461
0.959540
0.964802
0.963749
0.968193
0.973910
1.053017
1.144917
1.094586
1.217315
1.075088
1.297337
1.219187
1.431652
1.430238
1.288197
1.337743
1.220967
1.294168
1.337621
1.280130
1.218883
1.227972
1.203393
1.197081
1.170357
1.167571
1.172683
1.181955
1.181606
1.170906
1.158273
1.153169
1.149857
1.155640
1.160228
1.161318
1.167253
1.170149
1.175911
1.175916
1.179463
1.181027
1.176535
1.179127
1.177303
1.176885
1.175946
1.171147
1.162764
1.155475
1.150502
1.148198
1.143142
1.142118
1.143038
1.143226
1.146336
1.147875
1.146915
1.148071
1.147905
1.151182
1.155080
1.157658
1.154338
1.154234
1.157939
1.158030
1.158672
1.158562
1.158082
1.157781
1.156828
1.153776
1.153506
1.153731
1.153311
1.153589
1.153860
1.153858
1.153792
1.153366
1.153211
1.152852
1.152464
1.152900
1.152398
1.153197
1.153234
1.151329
1.150406
1.150529
1.149462
1.147408
1.147748
1.148374
1.148342
1.148996
1.148237
1.147880
1.147697
1.147887
1.147018
1.147112
1.146565
1.147401
1.147455
1.147565
1.147041
1.147182
1.146557
1.145158
1.144855
1.143178
1.143402
1.143310
1.142964
1.143135
1.142891
1.141871
1.141139
1.140360
1.139792
1.140430
1.140669
1.140095
1.139943
1.139595
1.139186
1.139451
1.139529
1.139971
1.140669
1.139499
1.139286
1.139324
1.139041
1.139949
1.139969
1.139731
1.139648
1.139152
1.138997
1.138391
1.139262
1.138227
1.137735
1.137566
1.135849
1.135883
1.136185
1.134791
1.134212
1.133991
1.133997
1.133697
1.134387
1.134207
1.134360
1.133961
1.132326
1.132491
1.132767
1.132225
1.132039
1.131032
1.130848
1.131170
1.132040
1.131820
1.132208
1.132133
1.131919
1.131660
1.131442
1.130683
1.130569
1.130058
1.128921
1.129400
1.127927
1.127584
1.127473
1.127783
1.128068
1.126474
1.127069
1.126932
1.127096
1.126098
1.125373
1.125233
1.125352
1.125241
1.125970
1.125617
1.126211
1.125957
1.126220
1.125674
1.125868
1.126891
1.126488
1.125945
1.125965
1.126052
1.126277
1.125145
1.125625
1.126231
1.126441
1.126087
1.125670
1.126097
1.126068
1.126512
1.126575
1.126512
1.126194
1.126572
1.126761
1.126555
1.126076
1.124239
1.124158
1.125336
1.124333
1.125451
1.125422
1.125116
1.126031
1.126115
1.126024
1.125886
1.126019
1.126412
1.126234
1.126846
1.127478
1.127474
1.126761
1.126881
1.126804
1.127252
1.126174
1.126523
1.126384
1.126468
1.126402
1.125067
1.125897
1.124948
1.124467
1.125116
1.124866
1.125675
1.125951
1.125377
1.124682
1.124420
1.124666
1.125126
1.125007
1.124410
1.124364
1.124311
1.124039
1.123696
1.123596
1.124583
1.124321
1.124343
1.123558
1.123513
1.123598
1.122907
1.123149
1.122744
1.121912
1.121738
1.122106
1.122859
1.123167
1.122743
1.122526
1.122304
1.121426
1.122194
1.122245
1.121704
1.122110
1.122069
1.121552
1.121592
1.120602
1.120925
1.120991
1.120193
1.120328
1.120215
1.118817
1.118135
1.117355
1.116105
1.117267
1.117249
1.116977
1.120788
1.121190
1.121208
1.120839
1.122203
1.123368
1.123123
1.123281
1.123137
1.123078
1.122331
1.122328
1.121396
1.121790
1.121750
1.121497
1.121248
1.120800
1.120772
1.119886
1.120272
1.119896
1.120913
1.120492
1.120214
1.120527
1.120173
1.120112
1.121670
1.121594
1.120765
1.120869
1.120737
1.120244
1.120203
1.119165
1.120532
1.120357
1.120075
1.120883
1.120576
1.118226
1.118896
1.118175
1.119071
1.119547
1.119175
1.118702
1.118699
1.118878
1.119473
1.120555
1.119448
1.119425
1.119488
1.119665
1.119009
1.119536
1.119356
1.118655
1.118630
1.119021
1.119493
1.119467
1.119921
1.120878
1.121192
1.121443
1.121357
1.120712
1.120280
1.120904
1.120885
1.120860
1.121388
1.120806
1.121117
1.120856
1.120758
1.120891
1.120591
1.120104
1.120304
1.119922
1.119423
1.119674
1.120014
1.120304
1.120164
1.120698
1.120936
1.120805
1.120597
1.120265
1.120689
1.121511
1.121865
1.122605
1.122360
1.121784
1.120978
1.121323
1.121628
1.121315
1.120702
1.120806
1.120902
1.120721
1.121158
1.120703
1.120839
1.120586
1.120806
1.120744
1.121466
1.122232
1.122593
1.123379
1.124358
1.124337
1.123930
1.124010
1.123882
1.123625
1.124385
1.123263
1.123138
1.122837
1.124624
1.124636
1.123858
1.124395
1.123334
1.123213
1.124533
1.124773
1.124606
1.125094
1.125219
1.125095
1.123710
1.123774
1.123779
1.124044
1.123683
1.122456
1.121720
1.121560
1.121546
1.121568
1.121502
1.121417
1.121495
1.121384
1.120885
1.120438
1.120450
1.120320
1.120710
1.120613
1.121293
1.119775
1.118605
1.117678
1.116747
1.117552
1.117688
