0.000000 0.000000 0.000000 0.000000 0.000000 0.000000
0.522010 0.484113 0.497076 0.599389 0.490599 0.526086
0.341863 0.265271 0.298259 0.382695 0.345393 0.371714
0.614126 0.516356 0.539071 0.651704 0.541988 0.595953
0.000000 0.000000 0.000000 0.000000 0.000000 0.000000
0.000000 0.000000 0.000000 0.000000 0.000000 0.000000
0.000000 0.000000 0.000000 0.000000 0.000000 0.000000
0.000000 0.000000 0.000000 0.000000 0.000000 0.000000
0.496495 0.535743 0.502437 0.537225 0.470160 0.495309
0.607331 0.565188 0.566398 0.647013 0.539509 0.576028
0.612007 0.555027 0.557556 0.653397 0.539478 0.580464
0.624359 0.571975 0.569976 0.660560 0.547947 0.590660
0.647614 0.619858 0.609908 0.669596 0.570248 0.615744
0.006814 0.004748 0.013884 0.007753 0.009582 0.004280
0.464398 0.519303 0.469800 0.451758 0.444303 0.416724
0.759127 0.686087 0.674886 0.728355 0.641498 0.694408
0.794444 0.692752 0.690363 0.746164 0.657612 0.720525
0.646403 0.621194 0.570520 0.591530 0.548143 0.560009
0.783227 0.675366 0.673495 0.736261 0.643723 0.706505
0.776524 0.662249 0.659688 0.731031 0.635053 0.696715
0.793938 0.696710 0.690213 0.742984 0.655494 0.721826
0.798366 0.669370 0.674602 0.735409 0.645277 0.715366
0.797486 0.648853 0.656398 0.733101 0.637357 0.705415
0.800575 0.692192 0.689585 0.743865 0.656408 0.725521
0.791176 0.663113 0.665644 0.735455 0.639965 0.706520
0.797393 0.676630 0.678998 0.738493 0.646043 0.712783
0.808744 0.706816 0.700840 0.746365 0.662555 0.729733
0.804966 0.660675 0.666271 0.735226 0.641638 0.710647
0.810554 0.682363 0.682847 0.739971 0.650754 0.717847
0.806394 0.716723 0.706979 0.746611 0.664596 0.730534
0.811343 0.699865 0.695514 0.744706 0.656411 0.723287
0.816208 0.687302 0.687219 0.743268 0.653865 0.719826
0.819672 0.696792 0.696379 0.744792 0.657066 0.724330
0.815253 0.718660 0.708741 0.746707 0.666214 0.734137
0.817807 0.715312 0.707139 0.746104 0.665748 0.733793
0.828008 0.695218 0.696711 0.745424 0.661486 0.729107
0.826797 0.693570 0.694391 0.744742 0.659344 0.727061
0.818446 0.702577 0.700756 0.745295 0.661908 0.727557
0.813367 0.721629 0.708461 0.743777 0.665497 0.732243
0.826322 0.722673 0.710884 0.745115 0.669045 0.737341
0.826350 0.708063 0.704757 0.744004 0.664843 0.734688
0.827638 0.704669 0.702844 0.744615 0.663928 0.733827
0.823143 0.718435 0.707993 0.744423 0.667412 0.737217
0.811820 0.734046 0.713978 0.742218 0.668147 0.737150
0.804445 0.734573 0.714409 0.740726 0.666687 0.732669
0.837861 0.720925 0.708707 0.743288 0.668968 0.740332
0.835683 0.724077 0.712166 0.743313 0.670294 0.740320
0.809282 0.737061 0.716760 0.735912 0.664977 0.730836
0.805784 0.737199 0.714894 0.732529 0.663658 0.727620
0.823416 0.733528 0.718410 0.739253 0.669626 0.735562
0.817618 0.733569 0.717460 0.739912 0.669815 0.737201
0.820865 0.733521 0.717999 0.740041 0.669910 0.737780
0.825538 0.736017 0.718318 0.735916 0.668449 0.737349
0.815829 0.735755 0.715393 0.727139 0.666664 0.731448
0.794933 0.737803 0.711859 0.731946 0.661648 0.723693
0.805999 0.736855 0.717406 0.739995 0.667450 0.734256
0.818773 0.733948 0.718128 0.742009 0.670095 0.738017
0.816535 0.735829 0.717823 0.736821 0.667224 0.732118
0.817357 0.735463 0.713444 0.725660 0.666546 0.732814
0.817742 0.734355 0.713764 0.726176 0.666124 0.731383
0.802115 0.737763 0.714152 0.733474 0.662900 0.727139
0.816910 0.736265 0.718157 0.738388 0.668542 0.736029
0.822540 0.736679 0.717936 0.737666 0.669143 0.737618
0.817528 0.736450 0.716876 0.736470 0.667750 0.733594
0.821234 0.735012 0.716118 0.733199 0.667229 0.732859
0.810989 0.737458 0.716328 0.733269 0.665784 0.731361
0.818825 0.737988 0.720263 0.738049 0.669640 0.735775
0.823976 0.737787 0.720296 0.738079 0.669954 0.738802
0.819452 0.737820 0.721664 0.739248 0.670021 0.735086
0.826463 0.736815 0.721063 0.739134 0.669240 0.736638
0.813607 0.736937 0.717219 0.734173 0.667060 0.729621
0.832163 0.736149 0.717655 0.736995 0.669022 0.739733
0.809727 0.738328 0.717354 0.737398 0.666439 0.730929
0.836237 0.733845 0.718140 0.747247 0.672437 0.743630
0.813237 0.739206 0.718882 0.737941 0.668182 0.733958
0.813961 0.737269 0.717609 0.737422 0.666643 0.729845
0.832519 0.737008 0.719224 0.740610 0.670933 0.741837
0.826814 0.738070 0.721341 0.742256 0.671800 0.739729
0.820827 0.738014 0.721506 0.740528 0.670996 0.737060
0.830979 0.736886 0.719892 0.741920 0.671112 0.741152
0.821294 0.737985 0.720601 0.739520 0.670460 0.736884
0.824100 0.737969 0.721292 0.741110 0.671359 0.738374
0.831831 0.736588 0.719712 0.745819 0.671899 0.741892
0.822970 0.738074 0.720689 0.739191 0.670809 0.737528
0.819754 0.737969 0.720211 0.739184 0.669922 0.735866
0.830881 0.737432 0.720601 0.742643 0.671150 0.741048
0.823837 0.738021 0.721409 0.740651 0.670756 0.737476
0.825116 0.738061 0.720892 0.740371 0.670786 0.737415
0.830822 0.737034 0.720253 0.742041 0.670823 0.740684
0.818915 0.737918 0.720488 0.740330 0.669611 0.733819
0.835197 0.734428 0.718883 0.748341 0.671990 0.743306
0.819057 0.738111 0.719957 0.740373 0.669543 0.733712
0.828731 0.737659 0.719144 0.741408 0.670656 0.739205
0.827749 0.738226 0.719554 0.742848 0.670945 0.738282
0.823681 0.737920 0.719730 0.742036 0.670053 0.735160
0.831749 0.737377 0.720402 0.746336 0.671943 0.741096
0.818794 0.737698 0.719378 0.740024 0.669529 0.732608
0.831108 0.737046 0.720038 0.747292 0.671845 0.741237
0.819470 0.738033 0.719356 0.740978 0.669367 0.731514
0.832934 0.736906 0.719227 0.747855 0.671751 0.741370
0.819114 0.737424 0.718664 0.739403 0.668083 0.731579
0.829789 0.737798 0.720220 0.747409 0.670811 0.738532
0.820581 0.738172 0.719373 0.741906 0.668937 0.732477
0.829124 0.738278 0.720587 0.744841 0.671204 0.738895
0.826066 0.737929 0.718871 0.740022 0.669332 0.735481
0.825212 0.738133 0.719950 0.742048 0.670216 0.735224
0.827460 0.737997 0.721294 0.745965 0.671002 0.737511
0.823418 0.738158 0.719906 0.742642 0.669643 0.733380
0.832012 0.737549 0.719109 0.747184 0.670902 0.740063
0.816413 0.737028 0.717276 0.739665 0.666891 0.727323
0.837273 0.731959 0.715773 0.750111 0.672147 0.743885
0.798370 0.733910 0.710534 0.736362 0.659961 0.718309
0.839254 0.732576 0.715807 0.748337 0.671192 0.744572
0.825543 0.737931 0.719578 0.743717 0.669315 0.734554
0.804351 0.736863 0.713711 0.737559 0.662679 0.723739
0.830425 0.736754 0.718945 0.745890 0.671901 0.739818
0.832122 0.735509 0.718158 0.747311 0.672136 0.740724
0.815096 0.736803 0.717074 0.741036 0.665875 0.726455
0.820510 0.737799 0.718729 0.744153 0.669086 0.733518
0.834280 0.735004 0.717716 0.749775 0.671859 0.742399
0.826324 0.737228 0.719085 0.744511 0.669640 0.735776
0.816385 0.736865 0.717104 0.740649 0.665968 0.726673
0.828094 0.737449 0.719866 0.747088 0.671832 0.738386
0.832816 0.736048 0.718813 0.747888 0.671754 0.741146
0.821456 0.737220 0.717419 0.740407 0.666964 0.729781
0.821845 0.737322 0.716949 0.740312 0.666850 0.729956
0.833910 0.736301 0.718273 0.747704 0.671469 0.741019
0.828158 0.738005 0.719738 0.745893 0.670931 0.737759
0.818780 0.736219 0.717850 0.742130 0.666367 0.727396
0.832270 0.736777 0.717994 0.749886 0.669488 0.738327
0.827460 0.737699 0.717890 0.745661 0.667488 0.732932
0.821122 0.737297 0.717290 0.741995 0.666504 0.728990
0.831668 0.736925 0.718669 0.746982 0.668915 0.737708
0.826105 0.738312 0.719110 0.744256 0.667810 0.731898
0.816858 0.737769 0.716784 0.741602 0.665943 0.726946
0.832988 0.737278 0.718911 0.748580 0.670509 0.739569
0.824591 0.737335 0.717643 0.742996 0.667541 0.731671
0.821649 0.736996 0.717713 0.742868 0.666916 0.729456
0.831416 0.737440 0.719346 0.750179 0.671107 0.738847
0.820807 0.737542 0.718453 0.744762 0.667822 0.729465
0.828258 0.738525 0.719243 0.746003 0.669831 0.736273
0.830161 0.737472 0.718584 0.746507 0.669003 0.736872
0.821872 0.737187 0.717102 0.742660 0.666287 0.728179
0.828337 0.738006 0.719656 0.749668 0.669873 0.736583
0.826731 0.738333 0.719494 0.746969 0.669392 0.734403
0.823317 0.737042 0.717808 0.743342 0.667017 0.730029
0.829832 0.737819 0.719503 0.748112 0.668873 0.736053
0.825179 0.737657 0.718488 0.745502 0.667206 0.730139
0.825866 0.737866 0.718803 0.747271 0.668697 0.732209
0.829112 0.738242 0.719908 0.749425 0.669590 0.736374
0.824063 0.737212 0.718316 0.744288 0.667395 0.729767
0.831907 0.738009 0.719299 0.749676 0.670147 0.737998
0.825172 0.737508 0.718660 0.745140 0.668226 0.731115
0.829066 0.738139 0.719114 0.749664 0.669763 0.735918
0.827047 0.737885 0.719117 0.747822 0.668885 0.732872
0.827872 0.737958 0.719453 0.748227 0.668761 0.733755
0.828224 0.737654 0.719021 0.748969 0.668838 0.733828
0.826538 0.737476 0.718628 0.748674 0.668233 0.731560
0.829916 0.737770 0.718611 0.751049 0.668934 0.734915
0.823865 0.736847 0.717309 0.745440 0.666396 0.727696
0.834163 0.737801 0.717673 0.751616 0.670165 0.738208
0.811870 0.736646 0.714339 0.741827 0.663286 0.722169
0.838534 0.734092 0.716003 0.753255 0.670477 0.742914
0.803533 0.733848 0.710548 0.737863 0.660075 0.716476
0.836172 0.735516 0.717503 0.751010 0.670794 0.740857
0.830706 0.737826 0.719233 0.750053 0.670470 0.737269
0.804304 0.735784 0.711933 0.739727 0.660881 0.718077
0.833364 0.736786 0.719431 0.750389 0.671247 0.739420
0.833386 0.737207 0.718675 0.749762 0.671229 0.739102
0.815583 0.734465 0.715305 0.741653 0.664286 0.722432
0.829317 0.737417 0.719361 0.750450 0.670724 0.736888
0.832369 0.736773 0.719758 0.753538 0.671514 0.739151
0.817367 0.737192 0.716391 0.744476 0.665157 0.726196
0.828166 0.737305 0.718494 0.745877 0.667701 0.734606
0.835734 0.736509 0.717690 0.749733 0.669770 0.739240
0.822453 0.736846 0.717310 0.743651 0.666377 0.728746
0.823906 0.737375 0.718882 0.745702 0.666855 0.729616
0.834079 0.737704 0.718822 0.751150 0.671361 0.739280
0.825631 0.736699 0.717886 0.745052 0.667042 0.730444
0.827697 0.737423 0.718403 0.746031 0.667526 0.731965
0.833585 0.737650 0.718018 0.750986 0.669528 0.737917
0.823752 0.737079 0.717772 0.745024 0.666495 0.728592
0.827287 0.737258 0.718858 0.747009 0.667419 0.731656
0.833353 0.737701 0.719130 0.750429 0.669498 0.736892
0.824415 0.736976 0.717527 0.744721 0.666907 0.728921
0.828593 0.737999 0.719212 0.749406 0.668958 0.734501
0.830171 0.737938 0.720101 0.749641 0.668869 0.735241
0.822559 0.736384 0.717722 0.744811 0.666577 0.727197
0.832803 0.737801 0.718788 0.750292 0.668904 0.735862
0.825596 0.737405 0.717936 0.747064 0.666594 0.729274
0.826655 0.737412 0.717899 0.749429 0.666669 0.730064
0.831363 0.737942 0.718532 0.751346 0.668699 0.734981
0.823866 0.736773 0.717812 0.745506 0.666577 0.728023
0.831816 0.737744 0.719194 0.749417 0.668119 0.734933
0.826825 0.737654 0.718405 0.748084 0.667184 0.730058
0.827096 0.737645 0.719081 0.749004 0.667131 0.730197
0.829982 0.737974 0.719578 0.750051 0.668263 0.733883
0.824766 0.736968 0.718254 0.746777 0.666483 0.728166
0.831970 0.737892 0.719363 0.750591 0.668828 0.734920
0.826015 0.737481 0.718635 0.748378 0.666606 0.729122
0.828760 0.737632 0.719048 0.749875 0.667209 0.731589
0.828756 0.737868 0.719130 0.749285 0.667226 0.731635
0.827452 0.737465 0.718801 0.748889 0.667108 0.730140
0.831217 0.738053 0.719402 0.749890 0.667781 0.733366
0.824654 0.736555 0.717769 0.746644 0.666244 0.727797
0.832515 0.737809 0.719061 0.751061 0.668778 0.735277
0.823760 0.736315 0.717319 0.744949 0.666186 0.726970
0.833065 0.738063 0.718762 0.751273 0.669025 0.735550
0.823955 0.736748 0.717716 0.745873 0.666290 0.727285
0.831439 0.738080 0.719086 0.750974 0.668403 0.734761
0.825786 0.737299 0.718086 0.747141 0.666397 0.729044
0.830042 0.738145 0.719239 0.750260 0.667823 0.733464
0.827060 0.737635 0.718887 0.749480 0.666977 0.730535
0.828822 0.737959 0.719496 0.750643 0.667910 0.732540
0.827744 0.737826 0.719423 0.749724 0.667340 0.731824
0.828832 0.738102 0.719488 0.750119 0.667798 0.732935
0.828312 0.738056 0.719789 0.750083 0.667959 0.732579
0.828219 0.738130 0.719770 0.750095 0.667692 0.732447
0.828744 0.737903 0.719412 0.749801 0.667586 0.732330
0.828166 0.737794 0.718669 0.749321 0.666937 0.730661
0.829410 0.738075 0.719481 0.750201 0.667685 0.732676
0.827086 0.737616 0.718978 0.749329 0.667108 0.730464
0.831781 0.738274 0.719200 0.750528 0.668617 0.734555
0.822809 0.735709 0.717150 0.745265 0.665638 0.726076
0.838295 0.736178 0.716628 0.752651 0.670304 0.741808
0.794465 0.731979 0.706588 0.736266 0.655423 0.709076
0.842417 0.721211 0.702990 0.748532 0.667596 0.747611
0.800209 0.732902 0.710123 0.738255 0.657695 0.715771
0.805396 0.737433 0.713153 0.741348 0.660558 0.720876
0.839591 0.732736 0.714116 0.754179 0.670441 0.743579
0.828082 0.736754 0.718823 0.745449 0.666835 0.732579
0.810341 0.734030 0.712680 0.741166 0.661536 0.719047
0.831608 0.736411 0.718001 0.748226 0.670433 0.739801
0.837226 0.735395 0.717104 0.747715 0.671740 0.742551
0.822236 0.736634 0.716720 0.743461 0.665932 0.728739
0.806646 0.736606 0.713585 0.740740 0.661595 0.722867
0.831084 0.736320 0.718571 0.748783 0.670048 0.738970
0.836978 0.734905 0.715914 0.747675 0.670041 0.741863
0.827228 0.734898 0.713828 0.739229 0.665030 0.732724
0.824378 0.734091 0.713117 0.738200 0.664698 0.730241
0.833302 0.737716 0.719119 0.748766 0.671066 0.740518
0.831931 0.736892 0.720222 0.749687 0.671172 0.740155
0.826465 0.736769 0.719215 0.743295 0.667853 0.733017
0.828521 0.736060 0.717377 0.742939 0.667130 0.733549
0.835224 0.736522 0.716264 0.745684 0.667411 0.736333
0.830308 0.737425 0.718922 0.745125 0.668235 0.735317
0.824064 0.736582 0.718755 0.745003 0.668543 0.732572
0.828600 0.737488 0.719640 0.747872 0.670427 0.736852
0.830985 0.736766 0.717590 0.749399 0.667317 0.734139
0.826180 0.735579 0.716154 0.743080 0.666540 0.730618
0.827786 0.736497 0.718008 0.745776 0.667243 0.732667
0.830855 0.737914 0.719230 0.751493 0.670898 0.737640
0.825495 0.736868 0.718790 0.748290 0.667346 0.730453
0.825839 0.736862 0.718326 0.746060 0.667095 0.730594
0.831598 0.736982 0.718287 0.747707 0.668313 0.735870
0.828561 0.736972 0.718566 0.746798 0.668513 0.734346
0.825940 0.736406 0.718795 0.747445 0.666998 0.729898
0.829138 0.737323 0.718210 0.750079 0.667814 0.731511
0.828038 0.736700 0.717990 0.748051 0.667501 0.732003
0.827366 0.736452 0.716996 0.746073 0.667306 0.731686
0.830014 0.737403 0.717809 0.748778 0.667820 0.733078
0.827657 0.737142 0.718143 0.748851 0.667415 0.730945
0.826379 0.736978 0.718349 0.747485 0.666978 0.730368
0.830848 0.737799 0.718720 0.748839 0.668981 0.735288
0.828583 0.737321 0.718346 0.747040 0.667446 0.732479
0.827123 0.737412 0.718414 0.748353 0.667335 0.730668
0.830363 0.737489 0.719050 0.750002 0.668063 0.733272
0.828595 0.737529 0.719394 0.748132 0.668073 0.733156
0.830057 0.737689 0.719074 0.748068 0.667931 0.733226
0.829606 0.737819 0.718741 0.748378 0.667826 0.732559
0.827725 0.737622 0.719213 0.748099 0.667375 0.731334
0.830952 0.737574 0.719378 0.750619 0.669195 0.735410
0.829480 0.737493 0.718898 0.749119 0.667928 0.733486
0.827869 0.737408 0.718234 0.747997 0.667397 0.731402
0.830820 0.737804 0.718974 0.749888 0.668510 0.734064
0.829111 0.737811 0.719590 0.749269 0.668662 0.733651
0.829767 0.737728 0.719554 0.749208 0.668435 0.733898
0.829625 0.737539 0.718568 0.748808 0.667458 0.732103
0.828631 0.737477 0.718997 0.748479 0.667570 0.732112
0.831249 0.737709 0.719039 0.750766 0.669221 0.735101
0.828885 0.737803 0.719332 0.749471 0.668083 0.732635
0.829504 0.737737 0.719101 0.749224 0.667854 0.732601
0.830402 0.737905 0.719023 0.749410 0.668526 0.734064
0.829136 0.737701 0.719413 0.748943 0.668035 0.733240
0.830403 0.737750 0.718943 0.750348 0.668093 0.733377
0.827754 0.737224 0.718565 0.748384 0.666625 0.730383
0.831133 0.737799 0.718641 0.750506 0.668312 0.734347
0.828106 0.737239 0.718556 0.748258 0.666711 0.730672
0.830117 0.737642 0.718598 0.750083 0.667175 0.731592
0.828515 0.737404 0.718974 0.748651 0.666690 0.730865
0.830174 0.737587 0.719394 0.749718 0.667708 0.733107
0.828523 0.737433 0.718812 0.748630 0.666855 0.730987
0.829281 0.737562 0.718917 0.749384 0.666953 0.731156
0.829752 0.737617 0.719480 0.749828 0.667539 0.732618
0.829425 0.737478 0.718915 0.749499 0.666888 0.731157
0.829518 0.737349 0.718527 0.749677 0.666981 0.731104
0.829277 0.737293 0.718746 0.749335 0.666839 0.730992
0.830454 0.737640 0.718960 0.750558 0.667650 0.732533
0.828422 0.737193 0.718718 0.749019 0.666580 0.730235
0.831067 0.737550 0.718566 0.750434 0.667265 0.732681
0.826793 0.737063 0.718255 0.747131 0.666201 0.729361
0.833347 0.738252 0.718619 0.751671 0.668698 0.735251
0.822673 0.735618 0.717248 0.743894 0.665332 0.725231
0.837730 0.737848 0.717326 0.752509 0.669748 0.739469
0.812723 0.735279 0.714059 0.740780 0.662438 0.720043
0.839346 0.736694 0.716143 0.753361 0.670665 0.742059
0.818026 0.735318 0.715682 0.741578 0.664235 0.723374
0.826387 0.737344 0.718991 0.746209 0.667209 0.730972
0.834579 0.738089 0.719330 0.752715 0.670348 0.737675
0.818539 0.735815 0.716791 0.741993 0.665146 0.724389
0.829002 0.738020 0.719566 0.748822 0.668939 0.733939
0.831544 0.738062 0.719546 0.752190 0.669908 0.736560
0.819295 0.736152 0.717426 0.743777 0.665452 0.725670
0.832093 0.738354 0.719415 0.751732 0.669495 0.736364
0.830270 0.738275 0.719434 0.749955 0.668575 0.734528
0.822651 0.736501 0.717246 0.743491 0.665183 0.727373
0.834900 0.738403 0.718185 0.752825 0.669155 0.737241
0.829405 0.737400 0.718706 0.749807 0.666225 0.731580
0.825970 0.736756 0.717486 0.745008 0.665554 0.728990
0.835923 0.738291 0.717679 0.752391 0.668779 0.737001
0.825353 0.736459 0.717589 0.745344 0.665404 0.728043
0.830252 0.737336 0.718428 0.749724 0.666283 0.731699
0.831764 0.737755 0.718789 0.750548 0.667288 0.734316
0.825423 0.736228 0.717684 0.744425 0.665543 0.728106
0.834227 0.738217 0.718356 0.751649 0.668627 0.735851
0.827713 0.736867 0.718398 0.746806 0.666172 0.730013
0.829072 0.737271 0.718937 0.748748 0.666566 0.730873
0.832932 0.738027 0.718737 0.751655 0.668300 0.734749
0.825934 0.736451 0.718137 0.745140 0.665808 0.728456
0.833030 0.738144 0.718588 0.751119 0.668118 0.734961
0.827181 0.737091 0.718640 0.747303 0.666029 0.729459
0.830399 0.737723 0.719151 0.750638 0.667265 0.732719
0.830036 0.737653 0.719020 0.750293 0.666785 0.731725
0.827693 0.737029 0.718560 0.747488 0.666306 0.729373
0.833934 0.738208 0.718582 0.752175 0.668667 0.735315
0.825968 0.736503 0.717967 0.745574 0.665671 0.728066
0.833594 0.737994 0.718241 0.751586 0.667715 0.734849
0.826929 0.736554 0.718335 0.746903 0.665425 0.728323
0.832565 0.737865 0.718754 0.751015 0.667370 0.733503
0.828362 0.737030 0.718548 0.748274 0.665991 0.729666
0.830186 0.737609 0.718999 0.750371 0.666613 0.731432
0.831071 0.737807 0.719444 0.750762 0.667607 0.733312
0.828255 0.737283 0.718422 0.748230 0.666412 0.729685
0.832733 0.738156 0.718631 0.751604 0.667818 0.734421
0.826668 0.736791 0.718495 0.746038 0.665712 0.728057
0.834748 0.738134 0.718138 0.752103 0.668509 0.735892
0.824652 0.736248 0.717611 0.744362 0.665282 0.726657
0.835382 0.738567 0.718086 0.753065 0.669199 0.737377
0.825135 0.736500 0.718199 0.745147 0.665333 0.726666
0.834879 0.738292 0.718456 0.751685 0.668915 0.736199
0.825893 0.736459 0.717943 0.744816 0.665428 0.727610
0.832842 0.738376 0.719105 0.752350 0.668315 0.734940
0.827967 0.737140 0.718513 0.748792 0.665663 0.729256
0.830253 0.737585 0.718826 0.749511 0.666224 0.731447
0.830377 0.737390 0.718732 0.749902 0.666210 0.731341
0.829231 0.737112 0.718518 0.750412 0.666010 0.729922
0.831468 0.737834 0.718728 0.751455 0.666944 0.733318
0.828213 0.737063 0.718437 0.747861 0.665861 0.729273
0.834731 0.738162 0.718306 0.752113 0.668370 0.735509
0.823864 0.736018 0.717784 0.744777 0.664813 0.725352
0.837250 0.737787 0.717583 0.753879 0.669453 0.738791
0.820653 0.735141 0.716554 0.742666 0.664309 0.723404
0.838129 0.737513 0.717147 0.754183 0.669652 0.739648
0.819914 0.735720 0.716525 0.742641 0.664100 0.723655
0.833651 0.738134 0.719007 0.753276 0.668489 0.736163
0.829451 0.737993 0.719721 0.750036 0.667197 0.732832
0.824272 0.736930 0.717917 0.744274 0.665290 0.727318
0.835945 0.737903 0.717807 0.754086 0.669516 0.738437
0.821853 0.736197 0.717799 0.744274 0.664508 0.725100
0.834767 0.738233 0.718263 0.752448 0.667940 0.735519
0.827999 0.737254 0.718402 0.748088 0.665962 0.730222
0.827691 0.736982 0.718087 0.747074 0.665687 0.729383
0.835632 0.738030 0.717770 0.754319 0.668872 0.737454
0.824283 0.736228 0.717259 0.744082 0.664790 0.726868
0.835766 0.738470 0.718102 0.752186 0.668447 0.736622
0.828541 0.737037 0.718529 0.747778 0.666072 0.729580
0.830609 0.737596 0.718140 0.750630 0.666299 0.731362
0.831397 0.737586 0.718031 0.750649 0.666627 0.732098
0.827885 0.736868 0.718498 0.745932 0.666211 0.729566
0.834912 0.738268 0.718152 0.753371 0.668711 0.736271
0.824088 0.736228 0.717601 0.744048 0.665114 0.726589
0.835444 0.738127 0.718395 0.753686 0.668782 0.737209
0.827261 0.736965 0.718772 0.745506 0.665921 0.728835
0.832259 0.737941 0.718575 0.751286 0.667294 0.733176
0.829537 0.737169 0.718640 0.749646 0.666231 0.730754
0.830283 0.737528 0.719058 0.750822 0.666817 0.732126
0.833000 0.737531 0.718280 0.751793 0.666708 0.732384
0.826934 0.736672 0.718371 0.746900 0.665176 0.728115
0.835809 0.738019 0.717801 0.753784 0.668074 0.736738
0.825245 0.736071 0.717973 0.744954 0.664750 0.726210
0.836583 0.738142 0.718292 0.752539 0.668379 0.737485
0.822907 0.735659 0.717368 0.743510 0.664788 0.724507
0.837745 0.737511 0.717578 0.754248 0.669753 0.739869
0.821740 0.735815 0.717082 0.743114 0.664376 0.723864
0.831791 0.738539 0.719896 0.751593 0.668278 0.734604
0.832430 0.738417 0.719629 0.751185 0.668016 0.734520
0.823835 0.736393 0.717685 0.743975 0.664974 0.726298
0.836030 0.737967 0.717896 0.754548 0.668460 0.737661
0.823265 0.736056 0.717725 0.744971 0.664485 0.725012
0.836220 0.738122 0.718044 0.752191 0.668043 0.736734
0.827019 0.736857 0.718028 0.746694 0.665765 0.729336
0.827936 0.737337 0.719252 0.748028 0.666501 0.730656
0.836565 0.737647 0.718260 0.754598 0.669217 0.738355
0.823644 0.735684 0.716293 0.743223 0.664252 0.725588
0.836702 0.737953 0.717786 0.753706 0.668301 0.737549
0.827199 0.736444 0.718334 0.746542 0.665434 0.727967
0.832022 0.737788 0.718311 0.750518 0.666908 0.732201
0.831559 0.737718 0.718211 0.749527 0.666757 0.732311
0.826515 0.736309 0.718457 0.745689 0.665555 0.728351
0.836282 0.737781 0.718120 0.755063 0.669646 0.738441
0.824452 0.735869 0.717223 0.744290 0.664747 0.725859
0.834851 0.738396 0.718704 0.751344 0.668273 0.736154
0.829696 0.737535 0.719207 0.749063 0.666795 0.731962
0.829344 0.737733 0.719276 0.749847 0.666221 0.730554
0.833136 0.737871 0.718013 0.751170 0.666738 0.732861
0.827484 0.736674 0.718399 0.745264 0.665727 0.729019
0.836105 0.737851 0.718332 0.754962 0.668391 0.737149
0.824019 0.736160 0.718013 0.745041 0.664373 0.725283
0.835318 0.738263 0.718389 0.752214 0.668113 0.736112
0.828443 0.737174 0.718734 0.745874 0.665963 0.729882
0.832064 0.737747 0.718385 0.751589 0.666653 0.732050
0.830642 0.737465 0.718454 0.750314 0.666281 0.731478
0.829102 0.736780 0.718519 0.746418 0.666079 0.729811
0.835157 0.738186 0.718542 0.753039 0.668327 0.735921
0.824621 0.736295 0.717985 0.746635 0.664593 0.725729
0.836495 0.737697 0.718218 0.753763 0.668218 0.737206
0.825835 0.736152 0.718260 0.744988 0.665089 0.727178
0.835027 0.737900 0.718560 0.752804 0.667931 0.736112
0.826580 0.736640 0.718265 0.745182 0.665257 0.728067
0.832775 0.737980 0.719182 0.751940 0.667840 0.734684
0.832208 0.737544 0.718541 0.751632 0.666669 0.731652
0.826931 0.737107 0.718579 0.748892 0.665361 0.728060
0.835822 0.737873 0.718020 0.753633 0.668060 0.736409
0.824422 0.735857 0.717698 0.745297 0.664587 0.725064
0.836889 0.737507 0.717991 0.754835 0.668092 0.737524
0.822407 0.735626 0.717087 0.744244 0.664466 0.724286
0.837022 0.737746 0.718364 0.753908 0.669256 0.738096
0.827383 0.737095 0.719001 0.747166 0.665706 0.728688
0.829280 0.737612 0.719132 0.749644 0.666291 0.730310
0.834471 0.738127 0.718584 0.752098 0.668148 0.735334
0.825227 0.736273 0.718058 0.745405 0.664915 0.726369
0.835668 0.737739 0.717925 0.755032 0.667816 0.736313
0.824580 0.735927 0.717688 0.745757 0.664975 0.726240
0.835622 0.737897 0.718281 0.753884 0.667897 0.736221
0.829096 0.737294 0.718893 0.748566 0.666189 0.730157
0.829843 0.737712 0.719044 0.750111 0.666394 0.730543
0.834971 0.738212 0.718543 0.752260 0.668172 0.735487
0.826435 0.736371 0.717839 0.745387 0.664959 0.727372
0.836287 0.737996 0.717609 0.754733 0.668049 0.736826
0.824617 0.736355 0.717948 0.746147 0.664760 0.725916
0.837093 0.737807 0.717940 0.753904 0.668568 0.737506
0.826434 0.736473 0.718538 0.745434 0.665398 0.728204
0.833333 0.738251 0.719003 0.752843 0.667617 0.734180
0.830881 0.737691 0.719190 0.750081 0.666508 0.731364
0.828897 0.737026 0.718197 0.747473 0.666052 0.729566
0.834527 0.738309 0.718582 0.752977 0.667672 0.735001
0.825241 0.736554 0.718067 0.747987 0.664746 0.725987
0.836902 0.737937 0.718007 0.754099 0.668193 0.737170
0.824706 0.735998 0.717758 0.745193 0.664748 0.726090
0.836597 0.737704 0.718280 0.755001 0.668163 0.737630
0.824654 0.736354 0.717953 0.745465 0.664737 0.726376
0.835073 0.738522 0.718822 0.752162 0.668276 0.736152
0.829588 0.737587 0.719106 0.749682 0.666197 0.730272
0.828984 0.737569 0.719075 0.750185 0.665739 0.729499
0.834859 0.737953 0.718199 0.753492 0.667792 0.735130
0.826271 0.736422 0.717861 0.745964 0.665076 0.727127
0.836405 0.737778 0.718064 0.754754 0.667834 0.736666
0.823690 0.735909 0.717667 0.745687 0.664524 0.725339
0.837253 0.737875 0.718211 0.754029 0.668747 0.737986
0.825984 0.736510 0.718350 0.745457 0.665239 0.727492
0.834235 0.738443 0.718901 0.752513 0.668238 0.735079
0.830710 0.737686 0.719118 0.749804 0.666562 0.731242
0.829411 0.737219 0.718650 0.748085 0.666276 0.730086
0.834938 0.738208 0.718413 0.753466 0.667688 0.734965
0.825479 0.736505 0.717825 0.746810 0.665004 0.726239
0.837138 0.737935 0.717883 0.754236 0.668143 0.737289
0.824543 0.736068 0.717955 0.745171 0.664606 0.725834
0.836725 0.737922 0.718497 0.754501 0.668582 0.737648
0.825763 0.736584 0.718302 0.745675 0.665086 0.727286
0.834039 0.738575 0.718721 0.752314 0.668098 0.734926
0.830809 0.737831 0.718844 0.750489 0.666506 0.731120
0.828600 0.737661 0.718853 0.749316 0.665594 0.728967
0.835460 0.738069 0.718040 0.754700 0.667890 0.735816
0.825804 0.736379 0.717931 0.745969 0.665108 0.726716
0.837022 0.738007 0.717998 0.753989 0.668085 0.737156
0.823183 0.735836 0.717609 0.745174 0.664306 0.724731
0.837665 0.737572 0.717886 0.754398 0.668880 0.738441
0.824979 0.736374 0.718033 0.745022 0.664729 0.726464
0.834157 0.738476 0.718903 0.753606 0.668161 0.735332
0.830680 0.737855 0.719190 0.750234 0.666494 0.731072
0.828441 0.737389 0.718590 0.748128 0.665653 0.729122
0.835305 0.738388 0.717669 0.754432 0.667806 0.735520
0.824734 0.735835 0.717694 0.746121 0.664418 0.725604
0.837283 0.737865 0.718020 0.754495 0.668073 0.737317
0.825260 0.736082 0.717820 0.745099 0.664933 0.726747
0.836503 0.738034 0.718302 0.754745 0.668456 0.737410
0.827144 0.737027 0.718503 0.746406 0.665484 0.728221
0.832216 0.738331 0.719185 0.750501 0.666871 0.732776
0.833430 0.738285 0.718352 0.751377 0.666799 0.733054
0.826602 0.736917 0.718151 0.746664 0.665185 0.727358
0.836700 0.738049 0.718205 0.754854 0.668320 0.737689
0.824991 0.736211 0.717812 0.745506 0.664800 0.726164
0.836939 0.738008 0.718084 0.754313 0.668355 0.737265
0.825776 0.736528 0.718332 0.745862 0.665166 0.727204
0.835131 0.738744 0.718734 0.753174 0.668197 0.736182
0.829279 0.737652 0.718767 0.749648 0.666051 0.729750
0.831054 0.738077 0.719363 0.750676 0.667132 0.731736
0.834283 0.738360 0.718538 0.753180 0.667637 0.734245
0.826692 0.736934 0.718002 0.746801 0.665233 0.727494
0.836886 0.738021 0.718055 0.754673 0.668197 0.737291
0.824375 0.736374 0.717874 0.745844 0.664481 0.725909
0.837234 0.737758 0.717949 0.754545 0.668378 0.737655
0.825678 0.736369 0.717964 0.745205 0.665159 0.727208
0.835956 0.738094 0.718491 0.755012 0.668655 0.737060
0.826851 0.736916 0.718370 0.746568 0.665276 0.727534
0.832841 0.738332 0.718996 0.750991 0.667315 0.733138
0.832695 0.738375 0.718881 0.751343 0.666964 0.732648
0.827416 0.737131 0.718603 0.748226 0.665593 0.727827
0.836280 0.738313 0.718007 0.754501 0.667903 0.736771
0.825752 0.736471 0.717917 0.745758 0.665095 0.726812
0.837345 0.737738 0.717917 0.754814 0.668540 0.737828
0.824182 0.736148 0.718007 0.745081 0.664418 0.725226
0.837199 0.737969 0.718167 0.753942 0.668936 0.738060
0.824873 0.736394 0.718001 0.745128 0.664634 0.726199
0.834957 0.738405 0.718272 0.754524 0.668092 0.735675
0.829735 0.737958 0.718878 0.749597 0.666278 0.730067
0.829782 0.737868 0.718878 0.749652 0.666213 0.730043
0.835692 0.738357 0.718005 0.754654 0.667612 0.735748
0.825035 0.736298 0.717891 0.746109 0.664560 0.725943
0.837507 0.738024 0.718135 0.753544 0.668463 0.737741
0.824543 0.736111 0.717762 0.745017 0.664563 0.725872
0.836898 0.737922 0.718427 0.754993 0.668806 0.737951
0.827089 0.736986 0.718233 0.745767 0.665358 0.728144
0.833845 0.738709 0.718547 0.752220 0.667997 0.734335
0.831611 0.738016 0.718645 0.752107 0.667035 0.732085
0.828420 0.737309 0.718554 0.748629 0.665657 0.728403
0.835972 0.738549 0.717878 0.754203 0.667793 0.736050
0.825633 0.736438 0.717860 0.745897 0.664855 0.726358
0.837556 0.737620 0.717880 0.754983 0.668639 0.738141
0.823352 0.735956 0.717704 0.744658 0.664057 0.724571
0.837214 0.738018 0.718358 0.753741 0.668929 0.738048
0.826146 0.737023 0.718192 0.745646 0.665241 0.727668
0.833091 0.738499 0.719009 0.753240 0.667778 0.734236
0.832581 0.738478 0.719410 0.751157 0.667704 0.733512
0.827582 0.737265 0.718262 0.747865 0.665449 0.728017
0.836502 0.738214 0.717733 0.754889 0.668320 0.736967
0.825072 0.736346 0.717989 0.745799 0.664585 0.725935
0.836897 0.738166 0.718017 0.754250 0.668189 0.737201
0.825944 0.736713 0.717986 0.745207 0.665084 0.727463
0.835708 0.738090 0.718360 0.754616 0.668393 0.736320
0.827650 0.737668 0.718463 0.747421 0.665559 0.728494
0.831874 0.738268 0.719087 0.750561 0.666916 0.732357
0.834141 0.738698 0.718198 0.753503 0.667782 0.734249
0.825616 0.736387 0.717911 0.746197 0.664725 0.726331
0.837646 0.737830 0.717812 0.754489 0.668763 0.737972
0.824131 0.736244 0.717793 0.745394 0.664347 0.725511
0.837235 0.737752 0.718062 0.755002 0.668596 0.737889
0.827250 0.736928 0.718257 0.745602 0.665492 0.728342
0.834245 0.739031 0.719007 0.752171 0.668241 0.734964
0.828428 0.737839 0.718789 0.749991 0.665732 0.728881
0.830189 0.737904 0.719038 0.747655 0.666552 0.730569
0.836213 0.738481 0.717520 0.754585 0.667881 0.736632
0.819243 0.735944 0.716147 0.744498 0.662798 0.722694
0.837371 0.737711 0.718793 0.754749 0.669602 0.738828
0.829542 0.737801 0.719214 0.748199 0.666899 0.730366
0.830697 0.738028 0.718117 0.750902 0.666398 0.730825
0.831398 0.738303 0.719402 0.751332 0.667887 0.732957
0.829694 0.738420 0.719943 0.747944 0.667576 0.731301
0.836456 0.737961 0.717524 0.752283 0.668159 0.736509
0.822273 0.735527 0.715749 0.744070 0.662859 0.723674
0.836235 0.737227 0.718600 0.753682 0.669482 0.738917
0.827010 0.737453 0.719510 0.745186 0.666542 0.728422
0.833204 0.738016 0.718356 0.750372 0.667609 0.733177
0.833263 0.738070 0.718583 0.750670 0.666815 0.733025
0.823331 0.735841 0.717377 0.745960 0.664068 0.725583
0.834064 0.738940 0.719116 0.752368 0.668436 0.735174
0.826118 0.737165 0.718144 0.748937 0.665429 0.726415
0.834946 0.738429 0.718540 0.752453 0.667750 0.735589
0.828948 0.736416 0.717545 0.748274 0.664970 0.729038
0.829891 0.737673 0.718459 0.751508 0.665794 0.730162
0.833083 0.738160 0.718101 0.751065 0.667157 0.732443
0.829432 0.737576 0.719042 0.748323 0.666840 0.729755
0.835753 0.738611 0.717654 0.753962 0.668715 0.736378
0.824644 0.736142 0.717364 0.747259 0.663980 0.725428
0.836263 0.738422 0.717933 0.752994 0.668688 0.736437
0.827865 0.737261 0.719398 0.746064 0.666655 0.729172
0.833750 0.738409 0.719023 0.752301 0.668448 0.734212
0.829227 0.737531 0.718324 0.750495 0.666007 0.729434
0.831712 0.737136 0.717846 0.750183 0.666915 0.732169
0.831906 0.738332 0.719486 0.751114 0.667619 0.732436
0.828538 0.737657 0.719084 0.750674 0.665962 0.728437
0.834503 0.739058 0.719072 0.751171 0.668186 0.735183
0.827057 0.736509 0.717942 0.745774 0.664681 0.727507
0.835869 0.738458 0.717554 0.755022 0.667524 0.735843
0.826748 0.737478 0.718733 0.748626 0.665442 0.727565
0.835680 0.738902 0.718548 0.752295 0.668741 0.736556
0.826674 0.736593 0.718083 0.746575 0.664847 0.727326
0.834493 0.738814 0.718441 0.752766 0.667862 0.734472
0.829777 0.737701 0.718802 0.748076 0.666526 0.729993
0.833053 0.738578 0.719158 0.751071 0.667748 0.733363
0.830573 0.737946 0.719216 0.751189 0.666277 0.730360
0.831189 0.738181 0.718914 0.750855 0.666343 0.730865
0.834089 0.738801 0.718833 0.751434 0.667684 0.733726
0.828649 0.737565 0.718896 0.750786 0.665531 0.728843
0.834770 0.739035 0.719072 0.752075 0.668185 0.735188
0.826350 0.736729 0.718129 0.746254 0.664616 0.726877
0.837823 0.737956 0.717714 0.754263 0.668665 0.737946
0.816781 0.735844 0.715555 0.744124 0.662059 0.720852
0.840449 0.736682 0.717253 0.754748 0.670002 0.741642
0.811687 0.734701 0.714825 0.742582 0.661163 0.718419
0.837039 0.737582 0.718813 0.756395 0.669275 0.739125
0.828008 0.737741 0.718790 0.747249 0.665854 0.729187
0.821574 0.736779 0.717719 0.745328 0.664269 0.724810
0.837177 0.737850 0.718754 0.756151 0.669250 0.739255
0.820867 0.736039 0.716477 0.745249 0.663508 0.723197
0.830086 0.738728 0.719734 0.748904 0.667001 0.731291
0.836444 0.738243 0.718233 0.753263 0.668385 0.737504
0.823604 0.735937 0.717055 0.744528 0.664210 0.725448
0.835032 0.738399 0.718242 0.755351 0.668429 0.736312
0.831999 0.738781 0.719590 0.751947 0.667920 0.733248
0.826559 0.736639 0.717836 0.745542 0.665211 0.728124
0.837765 0.738269 0.717702 0.754024 0.668945 0.737957
0.824578 0.736615 0.717790 0.745491 0.664463 0.725892
0.831864 0.738375 0.718797 0.753666 0.667501 0.733223
0.834906 0.739132 0.718596 0.752123 0.668471 0.735195
0.825657 0.736595 0.717325 0.745640 0.665283 0.727302
0.836143 0.738219 0.718017 0.755800 0.668968 0.737511
0.827595 0.737423 0.718381 0.747509 0.665617 0.728629
0.831165 0.738292 0.718770 0.748963 0.666407 0.731228
0.835608 0.739140 0.718766 0.751873 0.668207 0.736081
0.825525 0.736774 0.718349 0.746457 0.664534 0.726506
0.835905 0.738210 0.718250 0.755483 0.668228 0.736504
0.829848 0.738155 0.718717 0.749098 0.666013 0.730099
0.830959 0.738680 0.719113 0.749987 0.666580 0.731154
0.834029 0.738600 0.718897 0.754435 0.668021 0.735224
0.826698 0.737154 0.718453 0.746557 0.664866 0.727430
0.835218 0.739025 0.718807 0.752063 0.668228 0.735810
0.828812 0.737583 0.718770 0.748128 0.665934 0.729388
0.832050 0.738774 0.720134 0.752030 0.668051 0.733312
0.833323 0.738888 0.719229 0.752278 0.667985 0.733828
0.829019 0.737474 0.718451 0.750250 0.665631 0.729195
0.835943 0.738582 0.718190 0.753122 0.668568 0.736414
0.826515 0.736619 0.718581 0.747141 0.665063 0.726755
0.836307 0.738519 0.718268 0.753771 0.668657 0.736961
0.827435 0.736715 0.718231 0.746731 0.664933 0.727540
0.835686 0.738309 0.718243 0.754606 0.668170 0.736040
0.828263 0.737766 0.719321 0.748959 0.665825 0.729048
0.832378 0.738576 0.719562 0.751311 0.667303 0.732881
0.832949 0.738804 0.719687 0.751265 0.667324 0.733514
0.828452 0.737388 0.718908 0.748243 0.665403 0.728463
0.835459 0.738759 0.718352 0.753577 0.668444 0.735845
0.827396 0.737102 0.718363 0.747366 0.665181 0.727576
0.836257 0.738459 0.718116 0.753655 0.668261 0.736887
0.826461 0.736912 0.718108 0.747161 0.664880 0.726624
0.835961 0.738820 0.718558 0.752897 0.668643 0.736822
0.827817 0.737011 0.718412 0.747427 0.665088 0.727871
0.835131 0.738625 0.718517 0.753481 0.668014 0.735354
0.829372 0.737874 0.719014 0.749788 0.665779 0.729662
0.832476 0.738614 0.719507 0.751418 0.667166 0.732585
0.832908 0.738639 0.719453 0.751414 0.667315 0.733160
0.829353 0.737992 0.718994 0.751074 0.665652 0.729670
0.834919 0.739004 0.719180 0.752239 0.667991 0.735119
0.828335 0.737283 0.718555 0.747678 0.665303 0.728332
0.836290 0.738520 0.718086 0.753968 0.668352 0.736739
0.825223 0.736467 0.717721 0.746433 0.664385 0.725013
0.838154 0.737958 0.717851 0.754949 0.669106 0.738237
0.821467 0.735878 0.716444 0.744423 0.663324 0.722586
0.838647 0.737720 0.718444 0.755215 0.669387 0.739631
0.822280 0.736214 0.717055 0.744571 0.663831 0.723356
0.835862 0.738739 0.718613 0.753971 0.668594 0.736655
0.829963 0.738135 0.718901 0.748575 0.665991 0.729769
0.828717 0.737800 0.718522 0.748262 0.665363 0.728594
0.835572 0.738684 0.718451 0.753792 0.668233 0.736098
0.824895 0.736491 0.717941 0.746361 0.664255 0.725409
0.837333 0.738097 0.718251 0.755140 0.668872 0.737773
0.825765 0.736927 0.717904 0.745969 0.664444 0.726492
0.835123 0.739116 0.719053 0.752203 0.668225 0.735350
0.831506 0.738827 0.719182 0.751315 0.666979 0.731717
0.829519 0.737875 0.718530 0.748232 0.665859 0.729119
0.836680 0.738563 0.717342 0.754703 0.668554 0.737011
0.824132 0.736388 0.717122 0.745954 0.664001 0.724267
0.837660 0.738015 0.718272 0.755262 0.669308 0.738178
0.824930 0.736769 0.717733 0.745741 0.664530 0.725929
0.835778 0.738821 0.718154 0.753312 0.668119 0.736150
0.829754 0.737997 0.718879 0.748740 0.666010 0.729318
0.831340 0.738710 0.719342 0.750363 0.666949 0.731512
0.833688 0.739076 0.718823 0.751913 0.667330 0.733685
0.827057 0.737065 0.718165 0.747459 0.664793 0.727050
0.836208 0.738553 0.718379 0.755285 0.668719 0.737022
0.826878 0.737276 0.718370 0.747013 0.665034 0.727507
0.836052 0.738850 0.718124 0.753406 0.668446 0.736689
0.828815 0.737746 0.718798 0.748024 0.665734 0.728912
0.833547 0.738978 0.719646 0.751649 0.667870 0.733768
0.831599 0.738848 0.718826 0.751334 0.666205 0.731063
0.830677 0.738191 0.719128 0.750788 0.666059 0.730376
0.834459 0.738690 0.718528 0.753509 0.667963 0.734803
0.828024 0.737549 0.718346 0.749194 0.665169 0.728217
0.835784 0.738932 0.718460 0.753414 0.668375 0.736386
0.826598 0.736978 0.718405 0.746984 0.664960 0.726707
0.837329 0.738570 0.717647 0.754105 0.668525 0.737481
0.823844 0.736556 0.717325 0.745604 0.663994 0.724563
0.838295 0.738204 0.718243 0.755202 0.669164 0.738613
0.823528 0.736231 0.716919 0.745250 0.663805 0.724152
0.836528 0.738436 0.718056 0.754455 0.668427 0.736832
0.828758 0.737926 0.718539 0.748137 0.665396 0.728687
0.830954 0.738919 0.719125 0.751580 0.666450 0.731099
0.834317 0.738893 0.719263 0.752148 0.667745 0.734599
0.826863 0.737156 0.718304 0.747568 0.664937 0.726999
0.837129 0.738528 0.718243 0.755437 0.668661 0.737636
0.824384 0.736622 0.717006 0.745499 0.663978 0.724951
0.837525 0.738111 0.717990 0.755283 0.668941 0.737711
0.827272 0.737027 0.718346 0.747328 0.665237 0.727433
0.833604 0.738919 0.718695 0.752363 0.667713 0.734109
0.832095 0.738817 0.719210 0.751484 0.667060 0.732089
0.829398 0.738013 0.718679 0.748397 0.665739 0.728998
0.836074 0.738598 0.717286 0.755279 0.667658 0.735734
0.826537 0.736704 0.717856 0.746833 0.664426 0.726370
0.836763 0.738582 0.718282 0.753757 0.669179 0.737292
0.825116 0.736782 0.718023 0.746990 0.664598 0.725729
0.836467 0.738681 0.717812 0.753705 0.668712 0.736627
0.828738 0.737997 0.718694 0.747924 0.665658 0.728708
0.832769 0.738969 0.719360 0.751883 0.667359 0.732892
0.832684 0.739056 0.718717 0.751941 0.666853 0.732765
0.828915 0.737912 0.718738 0.748078 0.665632 0.728793
0.835987 0.738887 0.718315 0.753667 0.668640 0.736427
0.826542 0.736937 0.717395 0.747177 0.664439 0.726635
0.837305 0.738593 0.718161 0.754901 0.669421 0.737735
0.825980 0.736701 0.718515 0.747423 0.664985 0.726248
0.836096 0.738703 0.717443 0.754386 0.668104 0.735870
0.828117 0.737468 0.718649 0.747520 0.665756 0.728043
0.833404 0.738792 0.719295 0.752676 0.668107 0.734399
0.831448 0.738816 0.718633 0.751655 0.666070 0.731301
0.830369 0.738715 0.719247 0.751099 0.666555 0.730689
0.833950 0.739106 0.719463 0.751934 0.668027 0.734454
0.828555 0.737956 0.717944 0.749116 0.664701 0.728274
0.836605 0.738692 0.718035 0.754566 0.668654 0.736788
0.825025 0.736670 0.718117 0.746281 0.664621 0.725716
0.838462 0.738308 0.717247 0.754681 0.668750 0.738179
0.810833 0.737861 0.713464 0.742907 0.660882 0.719461
0.841082 0.735867 0.716442 0.754100 0.669609 0.741942
0.812472 0.734146 0.714113 0.742395 0.660913 0.716926
0.835439 0.737419 0.719311 0.757235 0.669922 0.737647
0.832294 0.738880 0.719779 0.749687 0.668063 0.733250
0.823298 0.736360 0.715987 0.744696 0.663483 0.725578
0.838591 0.737608 0.718141 0.755692 0.669658 0.740047
0.820684 0.736973 0.718166 0.746490 0.664781 0.724537
0.826430 0.738116 0.719015 0.747887 0.665932 0.728304
0.839687 0.737419 0.716495 0.749438 0.669091 0.739792
0.827114 0.737718 0.716883 0.747473 0.664526 0.728496
0.831012 0.738682 0.718352 0.756271 0.668493 0.733741
0.827596 0.738648 0.720075 0.748164 0.669098 0.731498
0.832830 0.738761 0.718092 0.746027 0.667541 0.733178
0.837332 0.738032 0.715902 0.750055 0.666505 0.735789
0.825834 0.736699 0.716186 0.747433 0.663553 0.726148
0.831587 0.738588 0.719480 0.751620 0.668974 0.734540
0.833931 0.739133 0.719488 0.750127 0.668557 0.734189
0.829241 0.738218 0.718254 0.749130 0.666596 0.729867
0.835443 0.738599 0.718419 0.755625 0.668391 0.736356
0.827111 0.736954 0.717589 0.749891 0.666286 0.728645
0.829945 0.738327 0.718641 0.749532 0.666149 0.729852
0.834793 0.738569 0.716892 0.750900 0.667022 0.733357
0.827214 0.737334 0.717696 0.747050 0.664959 0.727558
0.835244 0.738169 0.718128 0.755485 0.668134 0.735561
0.831195 0.738138 0.718123 0.754135 0.666768 0.731211
0.829444 0.738173 0.718429 0.749441 0.666857 0.730084
0.836440 0.738928 0.719057 0.752001 0.669662 0.737364
0.826209 0.737553 0.718339 0.748239 0.665164 0.726594
0.832823 0.738951 0.718413 0.752110 0.667192 0.733064
0.833332 0.738830 0.718819 0.750419 0.667685 0.733807
0.829315 0.738444 0.718883 0.748090 0.666707 0.729802
0.835125 0.738629 0.718708 0.754947 0.668610 0.735893
0.827268 0.737102 0.717347 0.750916 0.663908 0.726920
0.835042 0.738997 0.718828 0.752038 0.668838 0.735217
0.830423 0.738628 0.718896 0.749308 0.667603 0.730656
0.830338 0.739030 0.719519 0.750243 0.667975 0.731715
0.833361 0.739036 0.719714 0.752096 0.668511 0.734513
0.829433 0.737502 0.718232 0.748070 0.666164 0.729401
0.833873 0.738934 0.718343 0.752897 0.668230 0.733828
0.829664 0.737965 0.718371 0.752600 0.666433 0.729641
0.832368 0.738554 0.718013 0.753642 0.667289 0.732012
0.833223 0.738746 0.718361 0.752251 0.667099 0.732600
0.830719 0.738470 0.718480 0.751463 0.666431 0.730479
0.834271 0.738793 0.718511 0.754278 0.668588 0.734917
0.829655 0.738457 0.718772 0.748448 0.667000 0.730682
0.834831 0.739208 0.718257 0.751667 0.667570 0.734977
0.830037 0.738839 0.718580 0.751450 0.666080 0.730554
0.832683 0.739103 0.719168 0.752697 0.668333 0.733700
0.832241 0.739169 0.719382 0.751841 0.667970 0.733118
0.831071 0.738850 0.718983 0.750896 0.666795 0.731826
0.833491 0.739224 0.719058 0.752219 0.667504 0.734006
0.829632 0.738670 0.719468 0.749159 0.666947 0.731076
0.834180 0.739100 0.719165 0.752363 0.668348 0.734576
0.829334 0.738295 0.718358 0.750195 0.666165 0.729688
0.835828 0.738724 0.717954 0.754725 0.668235 0.735468
0.829880 0.738638 0.719215 0.749826 0.666894 0.730542
0.833933 0.739091 0.719246 0.752295 0.668088 0.734247
0.830558 0.738850 0.719175 0.749824 0.666720 0.731391
0.833645 0.739153 0.719435 0.752342 0.667714 0.734145
0.830657 0.738829 0.719301 0.751629 0.666690 0.731426
0.833437 0.739002 0.719207 0.752322 0.667687 0.733464
0.830429 0.738566 0.719135 0.749829 0.666384 0.730792
0.834789 0.738819 0.718324 0.753270 0.667793 0.734017
0.829301 0.738428 0.718860 0.749502 0.665778 0.728969
0.836337 0.738970 0.718766 0.753026 0.668684 0.736712
0.826223 0.736812 0.717759 0.747472 0.664648 0.725603
0.838217 0.738182 0.718302 0.755280 0.669087 0.738651
0.819396 0.735550 0.716113 0.744528 0.663106 0.721502
0.839511 0.737206 0.717945 0.755906 0.669319 0.740705
0.816469 0.735797 0.716348 0.744610 0.662835 0.720481
0.836863 0.738547 0.719472 0.754226 0.669237 0.737530
0.831774 0.739010 0.718922 0.749981 0.667082 0.731954
0.825708 0.737145 0.717442 0.747424 0.664735 0.725777
0.837508 0.737853 0.719102 0.755991 0.669343 0.738787
0.820703 0.736270 0.716608 0.745137 0.663587 0.722727
0.837499 0.738239 0.718838 0.754730 0.668815 0.738294
0.832225 0.739065 0.719320 0.750164 0.667517 0.733294
0.827190 0.738147 0.718000 0.747944 0.665191 0.727482
0.836902 0.738552 0.717909 0.754934 0.668610 0.736944
0.820086 0.735778 0.715938 0.743477 0.663296 0.722608
0.837638 0.738116 0.718297 0.754920 0.669129 0.738193
0.831153 0.739300 0.719718 0.750169 0.667733 0.732078
0.827494 0.738283 0.718092 0.748701 0.665605 0.728655
0.839639 0.737379 0.716049 0.754698 0.668396 0.739620
0.817757 0.735440 0.715869 0.745070 0.661835 0.720429
0.834349 0.738253 0.720193 0.754533 0.669883 0.735881
0.833689 0.738666 0.719776 0.748784 0.669591 0.734363
0.824500 0.736949 0.716799 0.745347 0.665163 0.726847
0.836390 0.738588 0.718232 0.755746 0.669341 0.737477
0.826113 0.737554 0.718248 0.747393 0.666248 0.727391
0.833750 0.738944 0.718986 0.751243 0.667798 0.734242
0.835611 0.739131 0.718100 0.751847 0.667365 0.735137
0.823860 0.736185 0.716916 0.745758 0.663205 0.723772
0.836360 0.738480 0.718052 0.755768 0.668185 0.736379
0.829009 0.738220 0.718407 0.750467 0.665860 0.728936
0.830817 0.738545 0.718464 0.748764 0.666864 0.730471
0.837318 0.738466 0.718322 0.755278 0.669153 0.738031
0.824571 0.737190 0.717837 0.747845 0.665685 0.727413
0.833536 0.738803 0.718909 0.752206 0.669156 0.734047
0.836667 0.738771 0.717894 0.750515 0.669352 0.735715
0.825274 0.736799 0.717279 0.746714 0.665117 0.726299
0.835807 0.738427 0.718695 0.756649 0.668755 0.736316
0.830774 0.738379 0.718624 0.748190 0.666962 0.731210
0.833515 0.738748 0.717948 0.750754 0.666876 0.732023
0.834075 0.739021 0.718408 0.753486 0.667851 0.733877
0.826584 0.737371 0.718054 0.747323 0.665135 0.726368
0.835378 0.738894 0.719350 0.751738 0.668133 0.735875
0.830306 0.738189 0.718341 0.750685 0.665904 0.729869
0.832178 0.739157 0.719188 0.752534 0.667879 0.732389
0.835374 0.738769 0.718061 0.755313 0.668476 0.736039
0.828623 0.738384 0.717905 0.749429 0.664728 0.728420
0.834633 0.739096 0.719163 0.751126 0.668858 0.734776
0.831408 0.739241 0.719356 0.748526 0.668129 0.731907
0.831079 0.739187 0.719619 0.750702 0.667373 0.731375
0.833434 0.738792 0.718776 0.751270 0.666574 0.731604
0.831642 0.738520 0.718661 0.748517 0.666521 0.730452
0.834573 0.738681 0.717871 0.755256 0.667916 0.734171
0.830268 0.738673 0.719070 0.750811 0.666417 0.730315
0.834324 0.738708 0.718438 0.750823 0.667644 0.734083
0.831852 0.738666 0.718988 0.751316 0.667380 0.731960
0.831210 0.738716 0.719316 0.752656 0.667819 0.731884
0.833244 0.738936 0.718744 0.752084 0.667778 0.733172
0.831577 0.738807 0.718442 0.751115 0.666354 0.730861
0.834393 0.738923 0.718519 0.753735 0.668392 0.733813
0.830383 0.738953 0.719321 0.749858 0.667155 0.730888
0.834866 0.739086 0.718224 0.751945 0.667718 0.734081
0.829789 0.738646 0.718988 0.749716 0.665954 0.729500
0.835815 0.739178 0.719254 0.753074 0.668725 0.735889
0.828986 0.738614 0.718884 0.749337 0.666148 0.728931
0.836041 0.738937 0.718393 0.752529 0.668135 0.735642
0.829483 0.738509 0.718979 0.748503 0.666092 0.729266
0.835757 0.738794 0.718634 0.754562 0.668209 0.735383
0.829151 0.738540 0.718875 0.748425 0.666013 0.728674
0.836562 0.739097 0.718796 0.752656 0.668601 0.736694
0.827851 0.738584 0.718458 0.749880 0.666000 0.727783
0.836091 0.739009 0.718978 0.752815 0.668702 0.736066
0.829192 0.737997 0.718354 0.748969 0.665442 0.728286
0.836130 0.738813 0.717802 0.754116 0.668134 0.735281
0.829039 0.738549 0.719019 0.748441 0.666366 0.728905
0.835984 0.739177 0.718579 0.752848 0.668312 0.735407
0.828321 0.737998 0.718247 0.748666 0.665179 0.727347
0.836075 0.739070 0.719323 0.753225 0.668838 0.736300
0.828152 0.738051 0.718491 0.748622 0.665485 0.727474
0.836770 0.739195 0.719134 0.752458 0.668541 0.736437
0.829331 0.738753 0.719048 0.748732 0.666413 0.729445
0.835232 0.739213 0.718936 0.752982 0.668525 0.734977
0.830952 0.738880 0.718589 0.749083 0.666041 0.730041
0.834476 0.739251 0.719113 0.752497 0.668163 0.734397
0.831497 0.739033 0.719356 0.750402 0.667087 0.731750
0.834228 0.739231 0.718495 0.751775 0.667445 0.733581
0.831848 0.739007 0.719054 0.751156 0.666501 0.731407
0.833727 0.739166 0.719306 0.751764 0.667824 0.733529
0.832172 0.739036 0.719198 0.751283 0.666203 0.731168
0.834024 0.739237 0.719182 0.751672 0.667217 0.733197
0.831321 0.738851 0.719305 0.749728 0.666419 0.730601
0.835070 0.739176 0.718449 0.752489 0.668037 0.734140
0.828543 0.737849 0.718452 0.748095 0.665330 0.727589
0.838766 0.738444 0.718044 0.755136 0.668790 0.738319
0.815808 0.735137 0.715114 0.745323 0.661662 0.718592
0.839790 0.736234 0.718184 0.756174 0.670761 0.741929
0.814016 0.734808 0.715477 0.743006 0.663228 0.719842
0.835352 0.738293 0.718782 0.755974 0.669055 0.735934
0.834541 0.739116 0.719102 0.748078 0.669016 0.735778
0.821349 0.737123 0.716819 0.745840 0.665138 0.725226
0.835523 0.737863 0.718779 0.757419 0.669455 0.737974
0.822804 0.737488 0.717638 0.746934 0.664411 0.726355
0.834593 0.739151 0.717865 0.751223 0.667596 0.734678
0.834304 0.739405 0.718264 0.752743 0.668541 0.734745
0.817115 0.736034 0.715921 0.744687 0.663308 0.721685
0.836725 0.738079 0.717807 0.756493 0.668516 0.737505
0.823953 0.736595 0.715070 0.745801 0.662498 0.725035
0.833228 0.739149 0.719346 0.747931 0.669682 0.735256
0.837764 0.737258 0.719910 0.751796 0.671053 0.739441
0.823210 0.736591 0.718327 0.747573 0.666754 0.724927
0.836271 0.736178 0.714725 0.749206 0.667269 0.736334
0.831778 0.735468 0.714380 0.746042 0.665065 0.729536
0.823179 0.737553 0.717026 0.748010 0.665044 0.725182
0.826528 0.739866 0.717659 0.753697 0.668042 0.733245
0.825996 0.739361 0.716603 0.751737 0.667106 0.731093
0.831901 0.738618 0.718029 0.749546 0.668814 0.734603
0.832906 0.738810 0.717820 0.753774 0.668465 0.735162
0.827919 0.738292 0.718412 0.749283 0.666742 0.729686
0.832937 0.738901 0.718749 0.749865 0.667714 0.733850
0.831149 0.738688 0.718449 0.749011 0.665828 0.730399
0.830054 0.738404 0.718272 0.750208 0.665362 0.729967
0.832279 0.738567 0.718733 0.751173 0.666093 0.730993
0.830923 0.738890 0.719158 0.749751 0.666819 0.730630
0.830024 0.738854 0.718910 0.749661 0.667235 0.731444
0.830743 0.738880 0.718110 0.750860 0.667203 0.732426
0.830080 0.739148 0.718309 0.750075 0.667378 0.732223
0.832400 0.739191 0.719020 0.753620 0.668555 0.733896
0.830848 0.738861 0.718968 0.752997 0.667842 0.732326
0.831703 0.739138 0.719053 0.751562 0.667382 0.731699
0.833768 0.738930 0.717561 0.751324 0.666695 0.731829
0.830870 0.738924 0.718463 0.750408 0.666236 0.729343
0.835118 0.739014 0.719103 0.752355 0.668673 0.734828
0.831144 0.738881 0.719054 0.749244 0.667090 0.731305
0.835189 0.739072 0.718292 0.752953 0.668436 0.734507
0.829051 0.738896 0.718547 0.751238 0.666718 0.729482
0.833587 0.739004 0.719306 0.752661 0.668420 0.733857
0.830986 0.738727 0.718634 0.749551 0.666196 0.729880
0.834868 0.739064 0.718519 0.752400 0.667457 0.733779
0.832002 0.739119 0.718902 0.750484 0.666606 0.731336
0.833893 0.739075 0.719112 0.751941 0.667524 0.733384
0.831568 0.738718 0.718563 0.749929 0.666264 0.730245
0.833765 0.739028 0.718852 0.752290 0.667215 0.732707
0.830987 0.738498 0.719000 0.750047 0.665789 0.729651
0.835063 0.739240 0.718605 0.752518 0.667497 0.733325
0.829222 0.737953 0.718548 0.748679 0.665171 0.727804
0.836843 0.738907 0.718242 0.753143 0.668273 0.736000
0.821712 0.736466 0.716798 0.746836 0.663262 0.722802
0.838910 0.737844 0.718018 0.755814 0.669560 0.739476
0.819439 0.736479 0.717112 0.745906 0.664432 0.723476
0.835428 0.738515 0.718414 0.756849 0.668723 0.736195
0.832045 0.739099 0.718982 0.749001 0.667457 0.732418
0.829616 0.738120 0.717638 0.747878 0.665364 0.729254
0.836749 0.738205 0.718488 0.756577 0.668603 0.737163
0.823309 0.737225 0.717946 0.746508 0.664855 0.725500
0.836309 0.739036 0.719218 0.753262 0.669479 0.737510
0.832768 0.739078 0.718510 0.751288 0.666601 0.731931
0.826458 0.736837 0.717168 0.747313 0.663730 0.725959
0.836023 0.737881 0.718832 0.757333 0.668896 0.737370
0.824801 0.737396 0.717531 0.746841 0.664960 0.726298
0.835738 0.739338 0.719693 0.751869 0.669050 0.736501
0.833636 0.738921 0.718993 0.754526 0.668269 0.734647
0.825810 0.736802 0.716946 0.747557 0.664081 0.725203
0.835460 0.739115 0.719060 0.752768 0.669395 0.735328
0.826332 0.737226 0.717644 0.746930 0.666054 0.727273
0.837331 0.738527 0.718216 0.755097 0.669158 0.738067
0.832046 0.739394 0.719660 0.749865 0.668358 0.733579
0.830487 0.738433 0.718530 0.748319 0.666587 0.730375
0.835634 0.739282 0.718543 0.753149 0.667981 0.735052
0.819621 0.735630 0.715808 0.746602 0.661520 0.721414
0.838477 0.737894 0.718472 0.756236 0.669760 0.739171
0.830322 0.738827 0.719273 0.748534 0.667868 0.731207
0.829338 0.738583 0.718353 0.749837 0.667049 0.729719
0.835686 0.738258 0.717428 0.755769 0.668683 0.735905
0.819750 0.736477 0.716588 0.745700 0.664639 0.723295
0.837344 0.738492 0.719390 0.753897 0.669754 0.738017
0.833842 0.738979 0.718980 0.750215 0.667488 0.733319
0.826825 0.737743 0.717471 0.747289 0.664701 0.726893
0.835984 0.738443 0.718158 0.756907 0.667809 0.735937
0.821254 0.736157 0.716130 0.745797 0.663160 0.723519
0.837539 0.738641 0.718304 0.754486 0.668677 0.737912
0.829716 0.739031 0.719691 0.751577 0.667436 0.731931
0.829223 0.738891 0.718733 0.749167 0.666064 0.729340
0.837936 0.738834 0.716810 0.753046 0.668544 0.736843
0.816293 0.736646 0.714708 0.745546 0.662139 0.721953
0.836978 0.737998 0.719214 0.756512 0.670037 0.738735
0.837985 0.738664 0.718482 0.751338 0.670053 0.739198
0.823956 0.737073 0.715350 0.744904 0.664968 0.726371
0.834557 0.738473 0.718600 0.756514 0.669252 0.735912
0.827541 0.738210 0.719721 0.749129 0.668059 0.731048
0.831896 0.738851 0.718196 0.750467 0.666604 0.731207
0.835303 0.738939 0.717199 0.752236 0.666558 0.733391
0.824788 0.737841 0.718953 0.747965 0.665400 0.727429
0.833100 0.738352 0.718833 0.754924 0.667206 0.733861
0.831724 0.737939 0.717751 0.750759 0.664745 0.729548
0.830091 0.737832 0.716692 0.746330 0.665505 0.729393
0.835399 0.738308 0.719932 0.752652 0.669461 0.736317
0.827464 0.738971 0.720309 0.751771 0.667296 0.730617
0.831470 0.738582 0.717743 0.751591 0.666657 0.730225
0.832293 0.738552 0.717699 0.751434 0.666627 0.730749
0.833041 0.739052 0.718128 0.751369 0.667387 0.732335
0.833731 0.739148 0.718513 0.750941 0.667975 0.733203
0.833746 0.739058 0.718639 0.750143 0.668439 0.733834
0.833508 0.739062 0.719125 0.750361 0.668376 0.733667
0.832744 0.738965 0.719168 0.750653 0.668094 0.733234
0.832056 0.738919 0.718737 0.750910 0.668054 0.732729
0.831576 0.739021 0.718715 0.751134 0.667731 0.732258
0.831395 0.739004 0.719063 0.750973 0.667452 0.732036
0.831714 0.739081 0.719004 0.750923 0.667394 0.731925
0.832253 0.739154 0.718961 0.750883 0.667180 0.732048
0.833059 0.739280 0.718700 0.751481 0.667237 0.732055
0.833972 0.739228 0.718301 0.751919 0.667209 0.732281
0.834398 0.739188 0.718296 0.751848 0.667376 0.732538
0.834348 0.739173 0.718517 0.751548 0.667413 0.732621
0.833777 0.739014 0.718728 0.751353 0.667267 0.732621
0.833085 0.739058 0.719010 0.750834 0.667186 0.732361
0.832643 0.739262 0.719110 0.750447 0.667320 0.732152
0.832371 0.739014 0.719348 0.750478 0.667252 0.732181
0.832272 0.738935 0.719234 0.750707 0.667420 0.732445
0.832379 0.739062 0.719296 0.750843 0.667480 0.732576
0.832615 0.739072 0.719176 0.751295 0.667458 0.732751
0.832835 0.739014 0.718998 0.751608 0.667200 0.732829
0.833022 0.739157 0.718819 0.751618 0.667249 0.732483
0.832992 0.739326 0.718628 0.751358 0.667121 0.732159
0.832864 0.739270 0.718594 0.751182 0.666898 0.731781
0.832608 0.739200 0.718597 0.750653 0.666835 0.731652
0.832435 0.739230 0.718744 0.750210 0.666877 0.731497
0.832378 0.739153 0.718872 0.750229 0.666854 0.731535
0.832466 0.739192 0.718902 0.750229 0.667073 0.731764
0.832657 0.739114 0.719070 0.750441 0.667233 0.732169
0.832845 0.739037 0.719206 0.750890 0.667382 0.732577
0.832919 0.738978 0.719109 0.751257 0.667363 0.732888
0.833019 0.739014 0.719135 0.751506 0.667381 0.732991
0.832979 0.739025 0.719080 0.751538 0.667374 0.732838
0.832803 0.739057 0.719002 0.751276 0.667179 0.732659
0.832651 0.739140 0.718999 0.751106 0.667035 0.732268
0.832593 0.739214 0.718900 0.750892 0.666996 0.731942
0.832519 0.739276 0.718805 0.750734 0.666954 0.731658
0.832597 0.739225 0.718785 0.750753 0.666902 0.731690
0.832671 0.739242 0.718816 0.750817 0.666923 0.731775
0.832811 0.739273 0.718824 0.750950 0.666993 0.731967
0.832829 0.739269 0.718846 0.751039 0.667075 0.732129
0.832814 0.739188 0.718848 0.751121 0.667063 0.732278
0.832745 0.739160 0.718939 0.751161 0.667123 0.732311
0.832714 0.739155 0.718935 0.751121 0.667133 0.732439
0.832662 0.739235 0.719043 0.751063 0.667112 0.732403
0.832630 0.739235 0.719073 0.750986 0.667096 0.732321
0.832690 0.739276 0.719114 0.750961 0.667077 0.732300
0.832775 0.739290 0.719049 0.751005 0.667023 0.732313
0.832824 0.739269 0.719025 0.751088 0.667079 0.732311
0.832883 0.739202 0.718981 0.751229 0.667030 0.732322
0.832883 0.739194 0.718978 0.751304 0.667030 0.732297
0.832914 0.739228 0.719012 0.751447 0.667014 0.732300
0.832820 0.739226 0.719042 0.751443 0.666974 0.732286
0.832737 0.739186 0.719013 0.751409 0.667021 0.732237
0.832700 0.739164 0.719064 0.751375 0.667044 0.732284
0.832680 0.739235 0.719093 0.751381 0.667072 0.732286
0.832677 0.739220 0.719119 0.751379 0.667075 0.732276
0.832714 0.739224 0.719180 0.751456 0.667079 0.732278
0.832845 0.739251 0.719137 0.751439 0.667077 0.732328
0.832857 0.739194 0.719075 0.751483 0.667058 0.732350
0.832851 0.739178 0.719079 0.751550 0.667072 0.732337
0.832871 0.739183 0.719071 0.751582 0.667028 0.732391
0.832843 0.739218 0.719067 0.751562 0.667009 0.732346
0.832835 0.739209 0.719093 0.751571 0.667065 0.732321
0.832828 0.739239 0.719106 0.751622 0.667070 0.732352
0.832857 0.739232 0.719123 0.751624 0.667051 0.732372
0.832875 0.739228 0.719164 0.751612 0.667016 0.732417
0.832898 0.739200 0.719160 0.751605 0.667065 0.732412
0.832883 0.739213 0.719155 0.751654 0.667042 0.732464
0.832843 0.739212 0.719163 0.751706 0.667049 0.732473
0.832809 0.739287 0.719177 0.751686 0.667049 0.732423
0.832776 0.739304 0.719189 0.751671 0.667042 0.732425
0.832781 0.739304 0.719168 0.751605 0.667060 0.732434
0.832865 0.739279 0.719166 0.751618 0.667091 0.732460
0.832902 0.739267 0.719178 0.751632 0.667091 0.732470
0.832908 0.739250 0.719144 0.751634 0.667105 0.732485
0.832896 0.739275 0.719116 0.751617 0.667100 0.732489
0.832881 0.739257 0.719127 0.751617 0.667086 0.732511
0.832872 0.739287 0.719115 0.751605 0.667051 0.732488
0.832886 0.739254 0.719094 0.751637 0.667039 0.732494
0.832873 0.739242 0.719126 0.751673 0.667039 0.732532
0.832863 0.739252 0.719135 0.751703 0.667035 0.732508
0.832851 0.739247 0.719147 0.751694 0.667039 0.732548
0.832860 0.739245 0.719127 0.751660 0.667058 0.732563
0.832895 0.739280 0.719123 0.751664 0.667081 0.732574
0.832891 0.739293 0.719114 0.751686 0.667093 0.732582
0.832894 0.739298 0.719128 0.751679 0.667102 0.732584
0.832932 0.739301 0.719099 0.751662 0.667111 0.732586
0.832910 0.739283 0.719101 0.751694 0.667095 0.732590
0.832913 0.739261 0.719111 0.751722 0.667114 0.732613
0.832915 0.739256 0.719104 0.751726 0.667123 0.732634
0.832902 0.739279 0.719104 0.751724 0.667137 0.732639
0.832887 0.739281 0.719116 0.751743 0.667153 0.732634
0.832885 0.739264 0.719123 0.751760 0.667142 0.732611
0.832870 0.739264 0.719113 0.751777 0.667128 0.732603
0.832875 0.739264 0.719129 0.751773 0.667137 0.732613
0.832885 0.739256 0.719102 0.751771 0.667086 0.732636
0.832887 0.739277 0.719092 0.751796 0.667107 0.732632
0.832864 0.739267 0.719101 0.751801 0.667111 0.732625
0.832879 0.739264 0.719110 0.751805 0.667097 0.732625
0.832880 0.739271 0.719110 0.751786 0.667116 0.732619
0.832882 0.739299 0.719110 0.751800 0.667121 0.732612
0.832933 0.739299 0.719083 0.751830 0.667109 0.732612
0.832963 0.739299 0.719058 0.751800 0.667109 0.732604
0.832948 0.739299 0.719067 0.751785 0.667100 0.732604
0.832948 0.739314 0.719077 0.751777 0.667107 0.732615
0.832930 0.739314 0.719077 0.751798 0.667107 0.732623
0.832948 0.739296 0.719100 0.751866 0.667076 0.732636
0.832948 0.739276 0.719109 0.751843 0.667081 0.732636
0.832951 0.739296 0.719122 0.751828 0.667116 0.732628
0.832939 0.739306 0.719116 0.751856 0.667095 0.732621
0.832930 0.739306 0.719125 0.751849 0.667081 0.732621
0.832938 0.739311 0.719118 0.751853 0.667074 0.732621
0.832908 0.739307 0.719118 0.751888 0.667144 0.732632
0.832897 0.739307 0.719100 0.751894 0.667158 0.732627
0.832911 0.739296 0.719122 0.751907 0.667158 0.732657
0.832897 0.739271 0.719109 0.751900 0.667158 0.732667
0.832899 0.739261 0.719118 0.751928 0.667163 0.732654
0.832899 0.739254 0.719112 0.751924 0.667158 0.732659
0.832904 0.739271 0.719102 0.751964 0.667174 0.732659
0.832894 0.739234 0.719101 0.751975 0.667170 0.732652
0.832889 0.739231 0.719106 0.751992 0.667139 0.732654
0.832899 0.739267 0.719115 0.751988 0.667146 0.732661
0.832908 0.739284 0.719102 0.752035 0.667153 0.732656
0.832924 0.739259 0.719104 0.751996 0.667160 0.732656
0.832932 0.739264 0.719091 0.752000 0.667174 0.732663
0.832974 0.739264 0.719094 0.752007 0.667181 0.732676
0.832981 0.739264 0.719078 0.752030 0.667156 0.732661
0.832968 0.739262 0.719084 0.752024 0.667167 0.732640
0.832953 0.739262 0.719086 0.752052 0.667160 0.732633
0.832983 0.739267 0.719099 0.752060 0.667144 0.732618
0.832999 0.739287 0.719092 0.752026 0.667132 0.732608
0.833029 0.739287 0.719104 0.752051 0.667142 0.732616
0.833037 0.739287 0.719100 0.752058 0.667142 0.732616
0.833020 0.739287 0.719110 0.752077 0.667153 0.732600
0.833016 0.739259 0.719107 0.752079 0.667146 0.732598
0.833007 0.739261 0.719118 0.752043 0.667137 0.732587
0.833027 0.739269 0.719131 0.752047 0.667135 0.732579
0.833017 0.739286 0.719118 0.752056 0.667130 0.732574
0.832998 0.739307 0.719111 0.752087 0.667107 0.732594
0.833000 0.739296 0.719098 0.752094 0.667081 0.732592
0.832969 0.739286 0.719102 0.752124 0.667069 0.732583
0.832957 0.739269 0.719111 0.752119 0.667088 0.732586
0.832983 0.739269 0.719099 0.752124 0.667095 0.732565
0.832988 0.739244 0.719099 0.752154 0.667086 0.732550
0.832981 0.739251 0.719106 0.752205 0.667074 0.732535
0.832976 0.739284 0.719113 0.752183 0.667048 0.732529
0.832946 0.739279 0.719113 0.752194 0.667025 0.732523
0.832973 0.739312 0.719126 0.752171 0.667002 0.732543
0.832979 0.739304 0.719189 0.752171 0.667025 0.732556
0.832957 0.739314 0.719172 0.752173 0.667018 0.732556
0.832942 0.739304 0.719177 0.752154 0.667037 0.732525
0.832943 0.739304 0.719171 0.752092 0.667016 0.732533
0.832940 0.739299 0.719174 0.752094 0.667039 0.732535
0.832968 0.739304 0.719166 0.752106 0.667046 0.732573
0.832988 0.739297 0.719164 0.752100 0.667058 0.732575
0.832975 0.739325 0.719174 0.752117 0.667055 0.732541
0.832958 0.739312 0.719152 0.752117 0.667027 0.732547
0.832958 0.739317 0.719179 0.752104 0.667027 0.732558
0.832969 0.739292 0.719172 0.752091 0.667030 0.732535
0.832965 0.739287 0.719159 0.752083 0.666986 0.732563
0.832961 0.739292 0.719187 0.752038 0.666976 0.732560
0.832967 0.739289 0.719210 0.752053 0.666983 0.732556
0.832980 0.739282 0.719187 0.752070 0.666974 0.732554
0.832986 0.739304 0.719187 0.752048 0.666976 0.732554
0.832979 0.739319 0.719187 0.752044 0.666972 0.732554
0.832972 0.739319 0.719203 0.752033 0.666979 0.732563
0.832998 0.739297 0.719199 0.752038 0.666965 0.732563
0.832992 0.739304 0.719211 0.752080 0.666955 0.732529
0.832980 0.739312 0.719218 0.752104 0.666962 0.732516
0.832968 0.739292 0.719231 0.752095 0.666934 0.732522
0.832967 0.739292 0.719222 0.752061 0.666916 0.732507
0.832954 0.739267 0.719231 0.752076 0.666930 0.732512
0.832954 0.739267 0.719225 0.752068 0.666932 0.732495
0.832980 0.739284 0.719234 0.752053 0.666937 0.732508
0.832975 0.739284 0.719257 0.752074 0.666951 0.732532
0.832962 0.739264 0.719238 0.752072 0.666932 0.732519
0.832956 0.739264 0.719252 0.752031 0.666909 0.732514
0.832969 0.739264 0.719254 0.752033 0.666902 0.732508
0.832963 0.739264 0.719254 0.752033 0.666920 0.732508
0.832945 0.739274 0.719273 0.752023 0.666913 0.732518
0.832925 0.739304 0.719250 0.752021 0.666904 0.732510
0.832918 0.739269 0.719215 0.752034 0.666902 0.732523
0.832919 0.739269 0.719202 0.752042 0.666883 0.732512
0.832934 0.739254 0.719221 0.752048 0.666878 0.732504
0.832948 0.739242 0.719233 0.752059 0.666888 0.732504
0.832962 0.739242 0.719251 0.752051 0.666892 0.732495
0.832962 0.739242 0.719257 0.752065 0.666883 0.732502
0.832953 0.739232 0.719240 0.752029 0.666885 0.732521
0.832970 0.739237 0.719259 0.752053 0.666909 0.732504
0.832973 0.739252 0.719258 0.752057 0.666916 0.732521
0.832958 0.739256 0.719230 0.752051 0.666897 0.732532
0.832965 0.739236 0.719209 0.752059 0.666871 0.732536
0.832960 0.739236 0.719218 0.752074 0.666864 0.732496
0.832961 0.739229 0.719234 0.752064 0.666841 0.732506
0.832968 0.739221 0.719227 0.752053 0.666848 0.732498
0.832992 0.739224 0.719233 0.752061 0.666871 0.732515
0.832984 0.739199 0.719263 0.752055 0.666871 0.732502
0.832984 0.739211 0.719249 0.752083 0.666876 0.732490
0.832971 0.739203 0.719227 0.752064 0.666864 0.732480
0.832964 0.739211 0.719225 0.752057 0.666858 0.732482
0.832985 0.739228 0.719211 0.752055 0.666892 0.732484
0.832979 0.739241 0.719223 0.752055 0.666913 0.732488
0.832979 0.739241 0.719257 0.752055 0.666923 0.732496
0.832979 0.739241 0.719247 0.752081 0.666913 0.732496
0.832972 0.739249 0.719222 0.752081 0.666909 0.732511
0.832986 0.739249 0.719231 0.752061 0.666916 0.732517
0.832992 0.739228 0.719211 0.752057 0.666923 0.732502
0.832978 0.739253 0.719208 0.752062 0.666925 0.732496
0.832971 0.739274 0.719204 0.752074 0.666953 0.732498
0.832971 0.739294 0.719232 0.752074 0.666946 0.732513
0.833004 0.739286 0.719259 0.752038 0.666979 0.732530
0.832992 0.739271 0.719262 0.752051 0.666965 0.732533
0.833004 0.739304 0.719256 0.752025 0.666972 0.732533
0.833004 0.739281 0.719240 0.752034 0.666967 0.732510
0.833010 0.739278 0.719240 0.752051 0.666965 0.732477
0.832994 0.739276 0.719256 0.752072 0.666972 0.732450
0.832994 0.739276 0.719280 0.752062 0.666990 0.732448
0.833015 0.739278 0.719318 0.752064 0.666997 0.732458
0.833021 0.739276 0.719304 0.752047 0.666999 0.732464
0.832998 0.739266 0.719306 0.752030 0.666974 0.732450
0.832998 0.739258 0.719266 0.752058 0.666960 0.732450
0.833006 0.739251 0.719287 0.752060 0.666948 0.732486
0.833027 0.739243 0.719300 0.752045 0.666955 0.732511
0.833027 0.739256 0.719300 0.752038 0.666958 0.732498
0.832985 0.739259 0.719302 0.752079 0.666939 0.732488
0.832981 0.739263 0.719306 0.752090 0.666934 0.732484
0.832963 0.739248 0.719296 0.752087 0.666932 0.732471
0.832991 0.739245 0.719282 0.752077 0.666916 0.732466
0.832964 0.739248 0.719263 0.752115 0.666920 0.732471
0.832963 0.739271 0.719279 0.752092 0.666888 0.732484
0.832970 0.739256 0.719313 0.752087 0.666909 0.732471
0.832985 0.739283 0.719318 0.752094 0.666902 0.732471
0.833001 0.739283 0.719304 0.752111 0.666890 0.732460
0.832985 0.739271 0.719313 0.752124 0.666897 0.732443
0.832985 0.739288 0.719314 0.752145 0.666874 0.732444
0.832996 0.739280 0.719322 0.752117 0.666895 0.732437
0.833024 0.739300 0.719331 0.752117 0.666883 0.732458
0.832988 0.739310 0.719347 0.752113 0.666874 0.732440
0.832981 0.739305 0.719352 0.752111 0.666885 0.732455
0.832970 0.739308 0.719354 0.752098 0.666892 0.732442
0.833012 0.739283 0.719347 0.752111 0.666885 0.732431
0.833012 0.739258 0.719352 0.752126 0.666888 0.732450
0.833011 0.739271 0.719365 0.752139 0.666888 0.732442
0.832987 0.739293 0.719391 0.752132 0.666892 0.732442
0.832977 0.739286 0.719393 0.752132 0.666860 0.732439
0.832984 0.739293 0.719382 0.752132 0.666853 0.732442
0.832970 0.739301 0.719382 0.752119 0.666860 0.732438
0.832976 0.739301 0.719358 0.752119 0.666853 0.732438
0.832960 0.739263 0.719365 0.752109 0.666839 0.732412
0.832960 0.739281 0.719391 0.752139 0.666839 0.732431
0.832960 0.739288 0.719412 0.752147 0.666844 0.732450
0.832975 0.739298 0.719421 0.752151 0.666844 0.732454
0.832995 0.739299 0.719404 0.752128 0.666837 0.732437
0.832994 0.739306 0.719388 0.752126 0.666848 0.732456
0.832998 0.739316 0.719437 0.752119 0.666860 0.732478
0.832964 0.739285 0.719437 0.752130 0.666860 0.732461
0.832978 0.739288 0.719431 0.752139 0.666837 0.732463
0.832971 0.739288 0.719431 0.752134 0.666837 0.732467
0.832964 0.739298 0.719428 0.752147 0.666844 0.732469
0.832966 0.739311 0.719431 0.752141 0.666853 0.732444
0.832980 0.739296 0.719408 0.752141 0.666839 0.732444
0.832964 0.739306 0.719409 0.752158 0.666851 0.732472
0.832923 0.739283 0.719432 0.752128 0.666848 0.732442
0.832937 0.739293 0.719451 0.752128 0.666874 0.732421
0.832952 0.739268 0.719432 0.752139 0.666848 0.732427
0.832957 0.739263 0.719432 0.752134 0.666862 0.732413
0.832963 0.739273 0.719442 0.752147 0.666839 0.732421
0.832945 0.739293 0.719425 0.752122 0.666839 0.732427
0.832926 0.739278 0.719421 0.752122 0.666816 0.732421
0.832911 0.739267 0.719405 0.752143 0.666846 0.732427
0.832912 0.739267 0.719405 0.752154 0.666844 0.732425
0.832941 0.739260 0.719415 0.752132 0.666811 0.732421
0.832948 0.739288 0.719404 0.752158 0.666802 0.732431
0.832932 0.739263 0.719427 0.752156 0.666830 0.732440
0.832909 0.739275 0.719452 0.752139 0.666823 0.732440
0.832895 0.739267 0.719462 0.752113 0.666802 0.732463
0.832937 0.739265 0.719429 0.752128 0.666811 0.732451
0.832942 0.739280 0.719416 0.752135 0.666809 0.732451
0.832920 0.739293 0.719416 0.752167 0.666795 0.732431
0.832942 0.739273 0.719432 0.752147 0.666816 0.732446
0.832916 0.739280 0.719457 0.752137 0.666811 0.732446
0.832908 0.739290 0.719455 0.752128 0.666804 0.732444
0.832908 0.739290 0.719452 0.752145 0.666797 0.732429
0.832919 0.739300 0.719474 0.752169 0.666797 0.732451
0.832926 0.739300 0.719483 0.752165 0.666781 0.732471
0.832911 0.739308 0.719467 0.752182 0.666781 0.732473
0.832910 0.739300 0.719467 0.752192 0.666771 0.732460
0.832917 0.739290 0.719448 0.752195 0.666797 0.732460
0.832931 0.739283 0.719439 0.752182 0.666792 0.732486
0.832910 0.739325 0.719487 0.752190 0.666792 0.732478
0.832916 0.739318 0.719492 0.752201 0.666799 0.732440
0.832930 0.739310 0.719499 0.752188 0.666795 0.732435
0.832938 0.739313 0.719464 0.752175 0.666783 0.732467
0.832927 0.739308 0.719455 0.752175 0.666771 0.732469
0.832918 0.739308 0.719464 0.752186 0.666778 0.732456
0.832916 0.739298 0.719468 0.752195 0.666776 0.732454
0.832895 0.739300 0.719474 0.752184 0.666774 0.732454
0.832924 0.739290 0.719474 0.752195 0.666778 0.732441
0.832927 0.739293 0.719476 0.752156 0.666769 0.732456
0.832918 0.739300 0.719474 0.752165 0.666767 0.732448
0.832917 0.739321 0.719464 0.752167 0.666746 0.732448
0.832912 0.739306 0.719463 0.752173 0.666736 0.732456
0.832901 0.739285 0.719456 0.752158 0.666755 0.732458
0.832893 0.739293 0.719465 0.752135 0.666776 0.732435
0.832885 0.739283 0.719463 0.752126 0.666748 0.732414
0.832896 0.739298 0.719467 0.752120 0.666741 0.732405
0.832900 0.739298 0.719460 0.752116 0.666736 0.732441
0.832906 0.739295 0.719460 0.752126 0.666748 0.732426
0.832914 0.739275 0.719445 0.752128 0.666734 0.732418
0.832880 0.739255 0.719459 0.752139 0.666704 0.732374
0.832893 0.739272 0.719456 0.752146 0.666695 0.732374
0.832881 0.739283 0.719471 0.752158 0.666725 0.732376
0.832895 0.739293 0.719480 0.752150 0.666732 0.732376
0.832895 0.739310 0.719464 0.752143 0.666706 0.732346
0.832902 0.739310 0.719457 0.752156 0.666716 0.732346
0.832895 0.739318 0.719457 0.752137 0.666709 0.732346
0.832901 0.739318 0.719480 0.752118 0.666706 0.732344
0.832920 0.739313 0.719467 0.752126 0.666736 0.732374
0.832939 0.739313 0.719495 0.752146 0.666746 0.732382
0.832932 0.739321 0.719495 0.752167 0.666746 0.732390
0.832933 0.739303 0.719481 0.752152 0.666746 0.732374
0.832935 0.739293 0.719472 0.752148 0.666750 0.732380
0.832937 0.739293 0.719465 0.752173 0.666762 0.732382
0.832934 0.739290 0.719481 0.752139 0.666748 0.732361
0.832932 0.739310 0.719515 0.752148 0.666734 0.732378
0.832931 0.739280 0.719519 0.752171 0.666716 0.732372
0.832930 0.739260 0.719502 0.752169 0.666711 0.732383
0.832927 0.739260 0.719502 0.752167 0.666676 0.732383
0.832928 0.739260 0.719514 0.752169 0.666697 0.732377
0.832932 0.739270 0.719501 0.752156 0.666725 0.732393
0.832933 0.739280 0.719507 0.752159 0.666732 0.732376
0.832940 0.739292 0.719522 0.752167 0.666723 0.732401
0.832948 0.739288 0.719537 0.752180 0.666760 0.732414
0.832954 0.739267 0.719531 0.752173 0.666736 0.732376
0.832930 0.739265 0.719523 0.752178 0.666725 0.732347
0.832928 0.739265 0.719507 0.752182 0.666716 0.732326
0.832949 0.739265 0.719491 0.752189 0.666736 0.732319
0.832968 0.739285 0.719503 0.752195 0.666736 0.732332
0.832940 0.739278 0.719526 0.752184 0.666720 0.732347
0.832932 0.739270 0.719498 0.752167 0.666720 0.732360
0.832951 0.739270 0.719484 0.752159 0.666732 0.732368
0.832958 0.739275 0.719503 0.752171 0.666718 0.732377
0.832972 0.739295 0.719494 0.752165 0.666713 0.732370
0.832978 0.739303 0.719487 0.752174 0.666718 0.732347
0.832964 0.739303 0.719487 0.752184 0.666743 0.732362
0.832989 0.739292 0.719487 0.752176 0.666762 0.732370
0.832956 0.739290 0.719466 0.752157 0.666743 0.732339
0.832946 0.739287 0.719479 0.752167 0.666755 0.732330
0.832939 0.739305 0.719489 0.752157 0.666762 0.732330
0.832947 0.739322 0.719489 0.752159 0.666750 0.732359
0.832961 0.739307 0.719491 0.752135 0.666760 0.732370
0.832966 0.739290 0.719491 0.752142 0.666737 0.732372
0.832979 0.739292 0.719494 0.752161 0.666743 0.732410
0.832968 0.739303 0.719503 0.752195 0.666727 0.732399
0.832954 0.739310 0.719471 0.752189 0.666737 0.732404
0.832954 0.739315 0.719462 0.752191 0.666723 0.732402
0.832965 0.739305 0.719475 0.752163 0.666709 0.732382
0.832958 0.739325 0.719468 0.752146 0.666720 0.732368
0.832972 0.739310 0.719455 0.752146 0.666737 0.732368
0.832980 0.739310 0.719457 0.752167 0.666737 0.732397
0.832958 0.739315 0.719429 0.752157 0.666718 0.732368
0.832953 0.739274 0.719468 0.752170 0.666723 0.732368
0.832960 0.739267 0.719475 0.752172 0.666704 0.732348
0.832981 0.739297 0.719471 0.752163 0.666725 0.732367
0.832958 0.739295 0.719467 0.752159 0.666748 0.732358
0.832956 0.739318 0.719496 0.752148 0.666739 0.732356
0.832968 0.739297 0.719456 0.752150 0.666720 0.732321
0.832955 0.739287 0.719449 0.752148 0.666718 0.732344
0.832961 0.739292 0.719445 0.752118 0.666727 0.732348
0.832962 0.739275 0.719455 0.752131 0.666734 0.732323
0.832972 0.739278 0.719436 0.752133 0.666743 0.732295
0.832954 0.739278 0.719448 0.752131 0.666760 0.732321
0.832941 0.739305 0.719455 0.752110 0.666746 0.732374
0.832953 0.739315 0.719462 0.752101 0.666734 0.732372
0.832957 0.739295 0.719484 0.752103 0.666737 0.732350
0.832964 0.739303 0.719471 0.752108 0.666760 0.732363
0.832964 0.739282 0.719464 0.752108 0.666748 0.732361
0.832973 0.739290 0.719462 0.752103 0.666750 0.732344
0.832980 0.739260 0.719468 0.752108 0.666755 0.732336
0.832981 0.739280 0.719449 0.752125 0.666757 0.732336
0.832970 0.739280 0.719445 0.752133 0.666741 0.732364
0.832970 0.739292 0.719471 0.752103 0.666762 0.732364
0.832970 0.739255 0.719480 0.752106 0.666753 0.732366
0.832980 0.739262 0.719480 0.752116 0.666746 0.732344
0.832972 0.739280 0.719478 0.752108 0.666764 0.732344
0.832986 0.739270 0.719478 0.752089 0.666734 0.732336
0.832986 0.739272 0.719478 0.752076 0.666723 0.732338
0.832985 0.739270 0.719478 0.752078 0.666734 0.732346
0.832979 0.739282 0.719494 0.752076 0.666748 0.732364
0.832973 0.739323 0.719506 0.752091 0.666746 0.732350
0.832966 0.739300 0.719484 0.752091 0.666743 0.732357
0.832953 0.739297 0.719491 0.752095 0.666741 0.732348
0.832971 0.739307 0.719494 0.752080 0.666753 0.732361
0.832977 0.739320 0.719496 0.752069 0.666769 0.732363
0.832978 0.739330 0.719484 0.752104 0.666762 0.732365
0.832972 0.739295 0.719478 0.752117 0.666734 0.732350
0.832966 0.739300 0.719491 0.752123 0.666725 0.732353
0.832960 0.739343 0.719505 0.752089 0.666720 0.732353
0.832958 0.739305 0.719511 0.752093 0.666711 0.732349
0.832951 0.739282 0.719498 0.752076 0.666732 0.732343
0.832957 0.739289 0.719498 0.752059 0.666725 0.732349
0.832957 0.739297 0.719499 0.752093 0.666716 0.732317
0.832966 0.739307 0.719509 0.752082 0.666706 0.732321
0.832979 0.739340 0.719502 0.752102 0.666709 0.732298
0.832955 0.739310 0.719516 0.752074 0.666727 0.732291
0.832948 0.739297 0.719548 0.752046 0.666711 0.732304
0.832942 0.739302 0.719545 0.752050 0.666725 0.732313
0.832949 0.739302 0.719552 0.752044 0.666720 0.732305
0.832956 0.739312 0.719559 0.752082 0.666725 0.732292
0.832968 0.739294 0.719561 0.752085 0.666741 0.732296
0.832972 0.739304 0.719555 0.752065 0.666727 0.732313
0.832985 0.739304 0.719573 0.752055 0.666709 0.732290
0.832991 0.739304 0.719559 0.752014 0.666725 0.732294
0.832996 0.739309 0.719576 0.751993 0.666718 0.732297
0.833001 0.739309 0.719576 0.751999 0.666730 0.732275
0.832981 0.739324 0.719579 0.752006 0.666716 0.732275
0.832984 0.739309 0.719588 0.752008 0.666732 0.732295
0.832993 0.739312 0.719595 0.752044 0.666716 0.732299
0.833000 0.739312 0.719595 0.752044 0.666727 0.732307
0.833003 0.739319 0.719607 0.752018 0.666730 0.732309
0.833016 0.739309 0.719602 0.751999 0.666727 0.732307
0.833019 0.739307 0.719606 0.752036 0.666704 0.732306
0.833025 0.739336 0.719622 0.752036 0.666706 0.732302
0.833015 0.739342 0.719634 0.752014 0.666716 0.732306
0.833015 0.739334 0.719621 0.752029 0.666716 0.732309
0.833020 0.739344 0.719607 0.752008 0.666706 0.732297
0.833020 0.739337 0.719600 0.752014 0.666711 0.732297
0.833007 0.739324 0.719604 0.752027 0.666711 0.732290
0.833007 0.739314 0.719592 0.752046 0.666697 0.732301
0.833014 0.739317 0.719625 0.752033 0.666704 0.732293
0.833014 0.739302 0.719619 0.752029 0.666695 0.732280
0.833012 0.739302 0.719639 0.752033 0.666695 0.732288
0.833011 0.739309 0.719643 0.752046 0.666697 0.732293
0.832992 0.739324 0.719625 0.752042 0.666690 0.732265
0.832996 0.739314 0.719615 0.752040 0.666704 0.732278
0.832992 0.739317 0.719615 0.752008 0.666699 0.732290
0.833008 0.739324 0.719609 0.752023 0.666685 0.732278
0.833010 0.739309 0.719627 0.751997 0.666692 0.732280
0.833005 0.739317 0.719600 0.751987 0.666704 0.732280
0.833025 0.739317 0.719607 0.752006 0.666711 0.732259
0.833004 0.739332 0.719595 0.751967 0.666713 0.732240
0.832969 0.739322 0.719606 0.751993 0.666681 0.732217
0.832989 0.739322 0.719604 0.751957 0.666690 0.732248
0.832996 0.739322 0.719628 0.751970 0.666716 0.732237
0.832997 0.739314 0.719619 0.751963 0.666720 0.732231
0.832991 0.739314 0.719606 0.751959 0.666718 0.732230
0.833005 0.739314 0.719612 0.751978 0.666702 0.732243
0.833005 0.739317 0.719623 0.751974 0.666716 0.732225
0.832991 0.739309 0.719626 0.752012 0.666690 0.732223
0.832985 0.739339 0.719639 0.751978 0.666674 0.732229
0.832977 0.739344 0.719658 0.751972 0.666674 0.732252
0.832991 0.739319 0.719651 0.751978 0.666709 0.732259
0.833010 0.739319 0.719654 0.751974 0.666699 0.732248
0.832989 0.739329 0.719646 0.751995 0.666725 0.732231
0.833001 0.739334 0.719627 0.751985 0.666730 0.732237
0.833014 0.739312 0.719630 0.751987 0.666737 0.732210
0.833012 0.739302 0.719611 0.751970 0.666737 0.732216
0.832997 0.739334 0.719621 0.751961 0.666734 0.732201
0.832968 0.739349 0.719653 0.751955 0.666718 0.732229
0.833004 0.739342 0.719646 0.751953 0.666709 0.732265
0.833003 0.739332 0.719631 0.751972 0.666716 0.732253
0.832988 0.739329 0.719622 0.751968 0.666706 0.732231
0.832989 0.739312 0.719641 0.751955 0.666711 0.732217
0.832996 0.739287 0.719611 0.751961 0.666709 0.732214
0.832996 0.739289 0.719621 0.751974 0.666709 0.732221
0.833012 0.739289 0.719614 0.751974 0.666744 0.732233
0.832997 0.739289 0.719598 0.751978 0.666741 0.732233
0.832997 0.739289 0.719621 0.751968 0.666750 0.732233
0.833014 0.739272 0.719621 0.751944 0.666744 0.732219
0.833007 0.739272 0.719609 0.751951 0.666739 0.732231
0.832976 0.739272 0.719619 0.751972 0.666744 0.732193
0.832947 0.739289 0.719636 0.751968 0.666753 0.732185
0.832996 0.739289 0.719618 0.751974 0.666750 0.732215
0.833032 0.739282 0.719604 0.751970 0.666748 0.732231
0.833014 0.739282 0.719586 0.752019 0.666750 0.732223
0.832986 0.739289 0.719585 0.751997 0.666739 0.732183
0.832971 0.739302 0.719594 0.751985 0.666744 0.732149
0.832992 0.739294 0.719606 0.752002 0.666760 0.732155
0.832999 0.739294 0.719606 0.751993 0.666757 0.732170
0.832994 0.739327 0.719597 0.751972 0.666764 0.732153
0.832988 0.739342 0.719585 0.751991 0.666767 0.732176
0.832997 0.739344 0.719594 0.751995 0.666762 0.732168
0.832999 0.739334 0.719580 0.752000 0.666750 0.732157
0.832951 0.739324 0.719601 0.751991 0.666767 0.732140
0.832950 0.739324 0.719589 0.751989 0.666764 0.732132
0.833000 0.739327 0.719598 0.751959 0.666760 0.732147
0.832995 0.739312 0.719580 0.751959 0.666737 0.732150
0.832973 0.739294 0.719583 0.751985 0.666727 0.732150
0.832985 0.739287 0.719576 0.751980 0.666730 0.732150
0.833012 0.739294 0.719576 0.751991 0.666734 0.732136
0.833007 0.739309 0.719567 0.751985 0.666730 0.732131
0.833020 0.739294 0.719558 0.751976 0.666718 0.732138
0.832997 0.739297 0.719576 0.751950 0.666727 0.732157
0.832979 0.739304 0.719583 0.751936 0.666718 0.732170
0.832986 0.739304 0.719580 0.751953 0.666716 0.732159
0.833004 0.739294 0.719580 0.751927 0.666716 0.732151
