0.658137 0.734729 0.701741 0.617305 0.654607 0.628286
0.754979 0.768519 0.751371 0.753435 0.708408 0.709566
0.000000 0.000000 0.000000 0.000000 0.000000 0.000000
0.772727 0.746434 0.731008 0.755623 0.693088 0.709096
0.658137 0.734729 0.701741 0.617305 0.654607 0.628286
0.658137 0.734729 0.701741 0.617305 0.654607 0.628286
0.658137 0.734729 0.701741 0.617305 0.654607 0.628286
0.658137 0.734729 0.701741 0.617305 0.654607 0.628286
0.790578 0.846278 0.816026 0.768107 0.768417 0.755700
0.812146 0.819319 0.798936 0.790217 0.748905 0.745526
0.806825 0.804572 0.783095 0.787351 0.736698 0.738038
0.813318 0.814729 0.790967 0.791677 0.742542 0.744842
0.834935 0.849992 0.826230 0.807337 0.773712 0.776049
0.659673 0.735580 0.704521 0.619075 0.656696 0.629141
0.781472 0.845438 0.809179 0.742178 0.766715 0.735889
0.876257 0.860044 0.838075 0.827521 0.791485 0.802133
0.891000 0.857372 0.841749 0.832174 0.794827 0.813568
0.838040 0.856709 0.821891 0.780120 0.783565 0.771539
0.883227 0.846944 0.829172 0.822822 0.778412 0.797995
0.877717 0.837043 0.817028 0.816815 0.766981 0.786615
0.891212 0.861508 0.843184 0.830128 0.793104 0.813803
0.888875 0.837536 0.824555 0.816395 0.771779 0.798803
0.883644 0.818769 0.803823 0.809443 0.756701 0.784834
0.892077 0.855181 0.838758 0.827558 0.788799 0.814159
0.883369 0.832520 0.816350 0.815172 0.764484 0.790090
0.889075 0.844043 0.829181 0.819904 0.774224 0.798969
0.898987 0.867061 0.849435 0.831689 0.797636 0.820145
0.889673 0.828929 0.814037 0.812876 0.762781 0.791470
0.895918 0.846670 0.830441 0.820762 0.776580 0.801745
0.899325 0.875007 0.855810 0.833972 0.803133 0.824423
0.898889 0.860846 0.843210 0.827660 0.787290 0.810697
0.899239 0.850216 0.833750 0.824079 0.780227 0.804171
0.902237 0.857420 0.841927 0.826280 0.785334 0.809777
0.902996 0.875614 0.855433 0.833108 0.802142 0.824979
0.903775 0.872970 0.853295 0.831564 0.799879 0.823377
0.906496 0.855008 0.840712 0.825732 0.789170 0.812406
0.905634 0.853848 0.838757 0.824854 0.785901 0.810196
0.903299 0.862492 0.847111 0.828536 0.793978 0.815021
0.902575 0.878011 0.855538 0.832508 0.802964 0.824505
0.908627 0.877809 0.855437 0.832449 0.803445 0.826163
0.907010 0.865823 0.848952 0.828751 0.796314 0.820664
0.907210 0.862936 0.846950 0.828110 0.794056 0.818935
0.906653 0.874195 0.853358 0.830948 0.800772 0.824906
0.903642 0.887200 0.861823 0.834695 0.809955 0.831996
0.900800 0.888951 0.864108 0.835910 0.812694 0.832346
0.913806 0.876119 0.852390 0.829285 0.801323 0.827033
0.913415 0.878464 0.855749 0.831118 0.804834 0.828444
0.904215 0.891864 0.867526 0.834650 0.815186 0.836055
0.903361 0.893490 0.868761 0.834367 0.817087 0.837192
0.910150 0.888093 0.865710 0.834785 0.814008 0.834101
0.907091 0.887281 0.864304 0.834919 0.812959 0.833470
0.908781 0.887229 0.864678 0.835123 0.813235 0.834291
0.911864 0.890314 0.867635 0.833866 0.815302 0.838902
0.908195 0.892769 0.869750 0.832913 0.819057 0.838765
0.898683 0.894903 0.869635 0.836013 0.818830 0.837197
0.902178 0.890359 0.866914 0.837194 0.815037 0.835500
0.907265 0.887551 0.864720 0.836338 0.813408 0.835029
0.908073 0.891518 0.868885 0.835550 0.816703 0.836807
0.908901 0.892684 0.868667 0.831776 0.818635 0.839108
0.908641 0.891796 0.868328 0.832092 0.818272 0.838334
0.901705 0.894125 0.869778 0.835545 0.817707 0.837814
0.907622 0.890396 0.866959 0.835440 0.815060 0.836502
0.910635 0.890850 0.867114 0.834932 0.815065 0.836977
0.908670 0.892032 0.868715 0.835410 0.816750 0.837103
0.909905 0.891901 0.868657 0.834266 0.817816 0.838754
0.905422 0.893506 0.869896 0.835069 0.818021 0.839092
0.908993 0.891890 0.869760 0.835922 0.816947 0.837566
0.911042 0.890859 0.868073 0.834991 0.815234 0.837669
0.909004 0.891308 0.869777 0.836647 0.816862 0.837123
0.911681 0.890669 0.868928 0.835994 0.816277 0.838660
0.906895 0.893367 0.870988 0.835974 0.819602 0.838344
0.914285 0.889619 0.865627 0.833213 0.813990 0.839202
0.904832 0.893298 0.869440 0.836303 0.817004 0.836961
0.914756 0.885842 0.861522 0.834823 0.810850 0.837905
0.906396 0.893388 0.869871 0.836605 0.817609 0.838484
0.907142 0.893725 0.870976 0.837128 0.818959 0.838001
0.914303 0.889681 0.865732 0.834677 0.813683 0.838736
0.911872 0.890679 0.867792 0.837015 0.815505 0.837661
0.909535 0.891561 0.869489 0.837167 0.817158 0.838119
0.913542 0.889838 0.866528 0.835757 0.814460 0.838927
0.909760 0.892015 0.869487 0.836929 0.817685 0.838829
0.910755 0.891190 0.868565 0.837056 0.816725 0.838144
0.913495 0.888791 0.865174 0.836093 0.813031 0.837862
0.910475 0.891768 0.869098 0.836448 0.817359 0.838459
0.909250 0.892276 0.869824 0.836831 0.817791 0.838468
0.913396 0.890030 0.866852 0.835463 0.814384 0.838798
0.910743 0.891517 0.869139 0.836633 0.816651 0.838284
0.911296 0.891613 0.868889 0.836370 0.816641 0.838368
0.913533 0.890257 0.867079 0.835468 0.814385 0.839000
0.908812 0.892479 0.870080 0.837427 0.817832 0.837831
0.914294 0.887077 0.863131 0.835290 0.811064 0.838541
0.908890 0.892673 0.870048 0.837299 0.817869 0.837851
0.912785 0.891320 0.867469 0.835804 0.815404 0.838925
0.912263 0.891650 0.867896 0.836793 0.816058 0.838556
0.910578 0.892274 0.869079 0.837557 0.817336 0.838345
0.913405 0.890072 0.866281 0.836211 0.813655 0.838365
0.908847 0.892978 0.870178 0.837246 0.818197 0.837741
0.912975 0.889962 0.866097 0.836495 0.813633 0.838650
0.908929 0.892912 0.869932 0.837784 0.818357 0.837520
0.913573 0.889682 0.865244 0.835727 0.812809 0.838700
0.909000 0.893115 0.870307 0.836983 0.818199 0.838190
0.912436 0.891117 0.867429 0.836910 0.814652 0.839127
0.909184 0.892867 0.869631 0.837815 0.817639 0.838061
0.912662 0.891522 0.868026 0.836788 0.815387 0.838983
0.911693 0.892466 0.868728 0.835952 0.816611 0.838825
0.911171 0.892335 0.869113 0.837018 0.817004 0.838554
0.911785 0.891489 0.868694 0.837506 0.815783 0.838741
0.910435 0.892616 0.869586 0.837579 0.817393 0.838100
0.913376 0.890699 0.866291 0.835798 0.813359 0.839245
0.907852 0.893839 0.870785 0.837552 0.818980 0.837534
0.914545 0.885098 0.859980 0.833868 0.809286 0.838414
0.900346 0.895863 0.870897 0.837854 0.819248 0.836272
0.915792 0.885609 0.859780 0.832733 0.808499 0.838723
0.911331 0.892385 0.868890 0.837068 0.816308 0.838184
0.902724 0.895664 0.870623 0.837782 0.818954 0.837924
0.913100 0.890062 0.865671 0.836323 0.814262 0.838108
0.913530 0.888786 0.864047 0.836104 0.812905 0.838157
0.907223 0.894084 0.871013 0.838355 0.819205 0.838029
0.909152 0.892757 0.869425 0.838031 0.817377 0.838659
0.914086 0.887912 0.862899 0.835925 0.811031 0.838686
0.911546 0.891642 0.868264 0.836947 0.815983 0.838936
0.907720 0.894047 0.870694 0.838166 0.819042 0.838147
0.911952 0.890581 0.866711 0.837271 0.814494 0.837755
0.913661 0.888827 0.864228 0.836244 0.812136 0.838230
0.909828 0.893578 0.870089 0.836746 0.818206 0.838974
0.909994 0.893716 0.869904 0.836688 0.818140 0.839115
0.914113 0.889256 0.864353 0.835734 0.812251 0.838579
0.912243 0.891428 0.867808 0.837140 0.815398 0.838351
0.908662 0.893613 0.870804 0.837886 0.818394 0.838544
0.913073 0.890557 0.865556 0.836691 0.812515 0.839882
0.911779 0.892882 0.868894 0.837259 0.815796 0.840152
0.909535 0.893790 0.870371 0.837207 0.817938 0.839090
0.913432 0.891002 0.867039 0.836161 0.813075 0.839591
0.911422 0.893360 0.869892 0.837115 0.817012 0.839596
0.907699 0.894322 0.870657 0.837824 0.818756 0.838656
0.913798 0.890573 0.866218 0.835598 0.812504 0.839191
0.911025 0.893253 0.869530 0.836429 0.817036 0.839000
0.909774 0.893604 0.870323 0.837129 0.817804 0.838893
0.912853 0.890512 0.866302 0.836442 0.813077 0.838617
0.909271 0.893224 0.870172 0.838227 0.817765 0.837822
0.912242 0.892301 0.868294 0.836617 0.815138 0.838730
0.912901 0.891692 0.867788 0.835773 0.813980 0.839375
0.909802 0.893727 0.870219 0.837373 0.818134 0.838789
0.911726 0.891720 0.867956 0.837136 0.813763 0.838842
0.911496 0.892603 0.868972 0.837498 0.815756 0.838785
0.910391 0.893371 0.870094 0.837099 0.817658 0.839017
0.912608 0.892070 0.868548 0.836403 0.814567 0.839633
0.910984 0.893484 0.870188 0.837445 0.817274 0.839390
0.911001 0.892907 0.869175 0.837560 0.815961 0.838740
0.912119 0.892009 0.868247 0.836862 0.813875 0.838960
0.910630 0.893300 0.870038 0.837487 0.817476 0.838619
0.913175 0.891557 0.867122 0.836156 0.813052 0.839295
0.911081 0.893139 0.869807 0.837472 0.817167 0.838575
0.912090 0.892124 0.867923 0.836900 0.813975 0.838749
0.911564 0.892791 0.869242 0.837437 0.815972 0.838690
0.911803 0.892698 0.869192 0.837032 0.815520 0.839050
0.911827 0.892486 0.868736 0.837072 0.814824 0.838930
0.911153 0.892838 0.869108 0.837684 0.815279 0.838520
0.912139 0.892062 0.867529 0.836975 0.813187 0.838716
0.910520 0.893724 0.870164 0.837881 0.817681 0.838692
0.913662 0.891106 0.864866 0.835978 0.811469 0.838826
0.905748 0.895253 0.870804 0.838371 0.818711 0.837181
0.914744 0.886728 0.860351 0.833982 0.806983 0.838702
0.902433 0.895794 0.870843 0.838129 0.819241 0.835335
0.914522 0.888747 0.863187 0.835000 0.810275 0.838499
0.912605 0.891145 0.866387 0.836554 0.813395 0.837906
0.902545 0.895959 0.870542 0.838656 0.818868 0.836031
0.913611 0.889812 0.865156 0.835800 0.812361 0.838255
0.913794 0.890423 0.865241 0.835856 0.812789 0.838337
0.907402 0.894145 0.870744 0.838384 0.818796 0.836962
0.912009 0.890879 0.866393 0.837190 0.813481 0.838030
0.912785 0.889461 0.865008 0.837196 0.811254 0.838082
0.907803 0.894303 0.870351 0.838926 0.818043 0.838165
0.912201 0.892453 0.868464 0.836734 0.814986 0.839606
0.914687 0.890121 0.864607 0.835275 0.811231 0.839538
0.910093 0.893756 0.870286 0.837816 0.818002 0.839079
0.910560 0.893547 0.870424 0.838330 0.817601 0.839222
0.913777 0.890521 0.864993 0.836048 0.812427 0.838640
0.911379 0.893486 0.869897 0.837886 0.817329 0.839530
0.912136 0.893319 0.869635 0.837665 0.816828 0.839939
0.913449 0.891072 0.865284 0.835954 0.812157 0.839225
0.910540 0.893702 0.870223 0.838178 0.817825 0.838866
0.911789 0.893095 0.869572 0.837765 0.816194 0.839446
0.913527 0.891474 0.866499 0.835972 0.812802 0.839508
0.910830 0.893831 0.870165 0.838011 0.817907 0.839160
0.911982 0.892702 0.868700 0.837557 0.815027 0.839552
0.912508 0.892336 0.868675 0.836533 0.814098 0.839579
0.910055 0.893778 0.870547 0.838400 0.818221 0.838516
0.913287 0.891949 0.866806 0.835916 0.813137 0.839556
0.911076 0.893734 0.870107 0.837856 0.816735 0.839140
0.911147 0.893439 0.869580 0.837801 0.815368 0.839358
0.912607 0.892211 0.867046 0.836600 0.812961 0.839157
0.910600 0.893779 0.870406 0.838281 0.817869 0.838799
0.913113 0.892498 0.868035 0.835881 0.813943 0.839957
0.911486 0.893656 0.869908 0.837808 0.816440 0.839360
0.911441 0.893470 0.870003 0.837775 0.816043 0.839304
0.912320 0.892696 0.868590 0.836957 0.814571 0.839512
0.910804 0.893646 0.870325 0.838385 0.817133 0.838703
0.913026 0.892268 0.867668 0.836372 0.813628 0.839365
0.911108 0.893626 0.870250 0.837987 0.816362 0.839050
0.911948 0.893124 0.869473 0.837081 0.815026 0.839719
0.912091 0.893326 0.869654 0.837053 0.815457 0.839742
0.911681 0.893537 0.870010 0.837782 0.816119 0.839350
0.912891 0.893005 0.868658 0.836484 0.814695 0.839911
0.910803 0.893654 0.870276 0.838351 0.817263 0.838683
0.913140 0.892180 0.867228 0.836186 0.813140 0.839453
0.910557 0.893784 0.870354 0.838216 0.817917 0.838426
0.913313 0.892099 0.866771 0.836251 0.813051 0.839452
0.910587 0.893815 0.870386 0.838542 0.817786 0.838531
0.912735 0.892527 0.867794 0.836463 0.813640 0.839775
0.911188 0.893741 0.870180 0.838188 0.816964 0.839222
0.912395 0.893092 0.868758 0.837024 0.814799 0.839842
0.911475 0.893493 0.869940 0.838033 0.815947 0.839203
0.911881 0.892978 0.869031 0.837535 0.814686 0.839022
0.911634 0.893269 0.869702 0.837726 0.815363 0.839182
0.912036 0.893105 0.869220 0.837650 0.815025 0.839262
0.911854 0.893064 0.869494 0.837722 0.815188 0.838982
0.911808 0.893175 0.869621 0.837741 0.815233 0.839155
0.912034 0.893224 0.869529 0.837506 0.815351 0.839461
0.911857 0.893558 0.869800 0.837569 0.815795 0.839480
0.912248 0.893109 0.869221 0.837328 0.815017 0.839263
0.911428 0.893470 0.869926 0.837941 0.815907 0.838973
0.912954 0.892689 0.867857 0.836383 0.813958 0.839373
0.910141 0.893770 0.870499 0.838699 0.817943 0.838226
0.914852 0.888864 0.862015 0.834129 0.808749 0.839291
0.898571 0.896318 0.870194 0.838405 0.818610 0.833104
0.914257 0.876444 0.846521 0.823627 0.795390 0.835725
0.901036 0.895623 0.870745 0.838614 0.818345 0.834967
0.902910 0.895998 0.870472 0.839222 0.818333 0.836693
0.914754 0.885207 0.857557 0.833814 0.805102 0.837781
0.912091 0.892002 0.868556 0.836587 0.816096 0.839785
0.905249 0.894743 0.870494 0.839521 0.819230 0.835996
0.913265 0.889834 0.864654 0.835315 0.811663 0.837932
0.915566 0.888060 0.862327 0.834343 0.811054 0.838401
0.909838 0.893454 0.869348 0.838992 0.818260 0.839192
0.903249 0.895068 0.870091 0.838762 0.817998 0.837907
0.912809 0.889503 0.864534 0.836332 0.810820 0.836749
0.915438 0.888050 0.861594 0.834269 0.808843 0.837505
0.912252 0.892755 0.867827 0.835615 0.816020 0.840095
0.911110 0.893131 0.868476 0.836496 0.817261 0.839654
0.913975 0.890421 0.865168 0.837312 0.812782 0.838359
0.913209 0.889744 0.865413 0.837407 0.812083 0.837767
0.911656 0.892757 0.869367 0.837814 0.816819 0.839140
0.912461 0.892698 0.868771 0.836861 0.816456 0.840424
0.914599 0.891465 0.865345 0.834751 0.812904 0.840387
0.913075 0.892228 0.867942 0.836978 0.814446 0.839126
0.910434 0.892310 0.868501 0.838163 0.815561 0.837568
0.911996 0.891295 0.867170 0.838074 0.814259 0.838379
0.912561 0.892247 0.867273 0.837045 0.813714 0.840562
0.911614 0.893301 0.868998 0.837556 0.817116 0.839848
0.911987 0.892925 0.868757 0.837696 0.815664 0.840109
0.912412 0.891265 0.866038 0.837657 0.812702 0.838625
0.910644 0.893132 0.869581 0.838558 0.816147 0.839527
0.911149 0.893545 0.869844 0.838104 0.816843 0.839758
0.913257 0.892308 0.867460 0.836508 0.813641 0.840278
0.912254 0.892632 0.868408 0.837463 0.814861 0.839297
0.910997 0.893069 0.869609 0.838314 0.815766 0.838743
0.911833 0.892928 0.868128 0.838182 0.814919 0.839675
0.911820 0.893181 0.869094 0.837724 0.815532 0.839919
0.911824 0.893452 0.868975 0.837325 0.815931 0.839796
0.912514 0.893140 0.868303 0.837356 0.814714 0.840100
0.911536 0.893376 0.869236 0.838189 0.815691 0.839588
0.911255 0.893489 0.869950 0.838007 0.816275 0.839400
0.912882 0.892725 0.867934 0.837134 0.814266 0.839754
0.912278 0.893309 0.869525 0.837298 0.815936 0.840025
0.911429 0.893433 0.869592 0.838216 0.816177 0.839529
0.912416 0.892551 0.868225 0.837748 0.814260 0.839760
0.912134 0.892942 0.869387 0.837715 0.815312 0.839604
0.912705 0.893050 0.869093 0.837473 0.815516 0.840192
0.912424 0.893141 0.869019 0.837670 0.815612 0.840049
0.911735 0.893265 0.869788 0.838037 0.815687 0.839489
0.912722 0.892058 0.867735 0.837536 0.813394 0.839198
0.912356 0.892787 0.868786 0.837784 0.814452 0.839570
0.911738 0.893311 0.869473 0.837795 0.815840 0.839819
0.912706 0.892644 0.868118 0.837543 0.814189 0.839611
0.912215 0.892745 0.868934 0.837917 0.814708 0.839154
0.912473 0.892672 0.868883 0.837681 0.814603 0.839408
0.912353 0.893112 0.868934 0.837677 0.815263 0.839936
0.912079 0.893128 0.869431 0.837855 0.815377 0.839651
0.912877 0.892283 0.867734 0.837810 0.813885 0.839445
0.912118 0.892913 0.869084 0.838167 0.814936 0.839146
0.912350 0.892950 0.868888 0.838001 0.815135 0.839356
0.912701 0.892734 0.868354 0.837727 0.814777 0.839532
0.912310 0.892892 0.869148 0.837955 0.815047 0.839402
0.912533 0.892723 0.868243 0.837987 0.814245 0.839412
0.911708 0.893282 0.869664 0.838008 0.815355 0.839434
0.912816 0.892585 0.867793 0.837765 0.813840 0.839601
0.911898 0.893269 0.869649 0.837930 0.815419 0.839508
0.912431 0.893106 0.868699 0.838041 0.814622 0.839666
0.912038 0.893269 0.869658 0.838028 0.815181 0.839538
0.912614 0.892825 0.868877 0.837892 0.814451 0.839595
0.912041 0.893264 0.869600 0.837955 0.815401 0.839606
0.912292 0.893237 0.869361 0.838138 0.815111 0.839611
0.912436 0.892917 0.869011 0.838107 0.814487 0.839370
0.912360 0.893230 0.869344 0.838131 0.815009 0.839624
0.912336 0.893181 0.869066 0.838187 0.815065 0.839590
0.912344 0.893244 0.869427 0.838118 0.815146 0.839598
0.912580 0.892950 0.868538 0.838152 0.814352 0.839519
0.912012 0.893330 0.869731 0.838208 0.815459 0.839415
0.912808 0.892880 0.868261 0.837934 0.814184 0.839834
0.911560 0.893560 0.870086 0.838103 0.816331 0.839175
0.913544 0.892336 0.866903 0.837598 0.813133 0.839662
0.910186 0.893795 0.870525 0.838790 0.818007 0.837782
0.915018 0.890751 0.863884 0.835844 0.810393 0.839397
0.906101 0.895049 0.870827 0.839047 0.818602 0.836457
0.915259 0.888974 0.861216 0.834572 0.807506 0.838540
0.908391 0.894391 0.870782 0.838817 0.818612 0.837223
0.911545 0.893241 0.869491 0.838696 0.816480 0.838732
0.913913 0.891083 0.865642 0.837040 0.811929 0.838739
0.908564 0.894163 0.870944 0.838861 0.818639 0.837667
0.912310 0.892737 0.868493 0.838445 0.815220 0.839055
0.912895 0.891694 0.866961 0.837894 0.812924 0.838670
0.908815 0.893944 0.870887 0.839298 0.818161 0.838082
0.913146 0.892001 0.866890 0.837843 0.813110 0.838904
0.912665 0.892640 0.868070 0.837923 0.814190 0.838912
0.910237 0.893876 0.870456 0.838407 0.817574 0.838493
0.914057 0.891630 0.865377 0.837489 0.811776 0.839023
0.912361 0.893092 0.869085 0.838451 0.814655 0.839493
0.911542 0.893627 0.869987 0.838601 0.817148 0.839090
0.914497 0.891860 0.865391 0.836991 0.811871 0.839741
0.911210 0.893611 0.870175 0.838867 0.817329 0.838707
0.912664 0.893130 0.868988 0.837979 0.814536 0.839641
0.913132 0.892668 0.867954 0.837526 0.813435 0.839612
0.911317 0.893654 0.870253 0.838490 0.817388 0.838737
0.913870 0.892148 0.866420 0.837105 0.812614 0.839521
0.912031 0.893464 0.869858 0.838317 0.816477 0.839304
0.912337 0.893291 0.869573 0.838191 0.815733 0.839522
0.913416 0.892423 0.867271 0.837712 0.813458 0.839686
0.911491 0.893559 0.870192 0.838781 0.817335 0.838920
0.913486 0.892511 0.867210 0.837381 0.813387 0.839814
0.911731 0.893524 0.870039 0.838526 0.816483 0.839140
0.912544 0.892899 0.868649 0.838012 0.814253 0.839597
0.912478 0.893131 0.869099 0.838092 0.814679 0.839743
0.911940 0.893480 0.869887 0.838499 0.816468 0.839099
0.913765 0.892252 0.866758 0.837670 0.813004 0.839612
0.911472 0.893599 0.870170 0.838679 0.817213 0.838738
0.913672 0.892407 0.866846 0.837543 0.812899 0.839689
0.911661 0.893435 0.870069 0.838471 0.816423 0.838673
0.913330 0.892633 0.867632 0.837803 0.813580 0.839498
0.912129 0.893389 0.869756 0.838435 0.815898 0.839113
0.912590 0.893117 0.869104 0.838304 0.814615 0.839500
0.912818 0.892724 0.868567 0.838041 0.814061 0.839554
0.912086 0.893519 0.869707 0.838559 0.816241 0.839269
0.913362 0.892552 0.867319 0.837914 0.813241 0.839548
0.911704 0.893519 0.870087 0.838822 0.817011 0.838624
0.914031 0.891995 0.866079 0.837346 0.812436 0.839545
0.910979 0.893816 0.870396 0.838763 0.817613 0.838315
0.914203 0.891640 0.865269 0.837493 0.811616 0.839133
0.911090 0.893706 0.870307 0.839067 0.817414 0.838188
0.914165 0.892060 0.866338 0.837229 0.812849 0.839698
0.911452 0.893697 0.870152 0.838822 0.817375 0.838638
0.913363 0.892310 0.867119 0.838172 0.812842 0.838986
0.911909 0.893452 0.869763 0.838790 0.815887 0.839036
0.912735 0.893266 0.869252 0.838166 0.815138 0.839711
0.912712 0.893142 0.869068 0.838149 0.814755 0.839591
0.912204 0.893188 0.869231 0.838679 0.814944 0.839107
0.912905 0.892746 0.867850 0.838372 0.813601 0.839466
0.912138 0.893480 0.869733 0.838629 0.816154 0.839004
0.914097 0.892093 0.866313 0.837499 0.812567 0.839427
0.910581 0.893859 0.870493 0.839317 0.817683 0.837804
0.914717 0.890745 0.864002 0.836914 0.810110 0.839136
0.909360 0.893941 0.870606 0.839042 0.818141 0.837161
0.914924 0.890130 0.862991 0.836271 0.809235 0.838884
0.909070 0.894162 0.870659 0.839076 0.818082 0.837249
0.913560 0.891725 0.866385 0.838303 0.811883 0.839019
0.912384 0.892983 0.869046 0.838770 0.814982 0.839312
0.910791 0.893876 0.870268 0.839070 0.817574 0.838597
0.914132 0.890747 0.864152 0.837131 0.810030 0.838760
0.909822 0.893899 0.870676 0.839325 0.817585 0.837736
0.914082 0.892167 0.866222 0.837652 0.812393 0.839543
0.912072 0.893497 0.869641 0.838892 0.816261 0.839288
0.912042 0.893419 0.869440 0.838942 0.816217 0.838926
0.914104 0.891202 0.864695 0.837910 0.810691 0.838997
0.910813 0.893857 0.870308 0.839114 0.817690 0.838495
0.914530 0.892030 0.865744 0.837261 0.812048 0.839528
0.912299 0.893367 0.869497 0.838785 0.816069 0.838980
0.912600 0.893151 0.868278 0.838457 0.814553 0.839531
0.912960 0.893062 0.867997 0.838228 0.814361 0.839695
0.912279 0.893432 0.869749 0.838760 0.816988 0.838998
0.913910 0.891940 0.865733 0.837741 0.811979 0.839579
0.910708 0.893798 0.870370 0.839071 0.817752 0.838274
0.914212 0.891656 0.865672 0.837911 0.811325 0.839470
0.912008 0.893486 0.870005 0.838811 0.817106 0.838806
0.913193 0.892744 0.867648 0.838361 0.814015 0.839623
0.912448 0.893147 0.869152 0.838745 0.815136 0.839368
0.912605 0.892889 0.868675 0.838671 0.814211 0.839185
0.913413 0.892689 0.867520 0.838212 0.813643 0.839744
0.911649 0.893550 0.870044 0.839020 0.816450 0.838669
0.914266 0.891658 0.865275 0.837628 0.810751 0.839412
0.911167 0.893653 0.870297 0.839215 0.817261 0.837978
0.914641 0.891453 0.865204 0.836927 0.811440 0.839775
0.910251 0.893938 0.870517 0.839196 0.817927 0.837490
0.914777 0.890158 0.863235 0.836443 0.809218 0.838826
0.909726 0.894019 0.870490 0.839304 0.818038 0.837299
0.913150 0.892504 0.868056 0.838526 0.813599 0.838950
0.913438 0.892594 0.868103 0.838076 0.813687 0.839366
0.910593 0.893851 0.870334 0.839132 0.817683 0.838265
0.914139 0.891045 0.864464 0.837469 0.809955 0.839127
0.910334 0.893874 0.870419 0.839448 0.817508 0.837482
0.914591 0.891808 0.865515 0.837061 0.811876 0.839840
0.911723 0.893567 0.869791 0.838911 0.816763 0.839086
0.912003 0.893087 0.869294 0.839200 0.815531 0.838570
0.914353 0.890785 0.864505 0.837689 0.810437 0.839563
0.910592 0.893897 0.870146 0.839038 0.817833 0.838214
0.914619 0.891431 0.864923 0.837422 0.810624 0.839631
0.911827 0.893325 0.869661 0.838932 0.816204 0.838271
0.913221 0.892996 0.867959 0.838316 0.814800 0.839658
0.913151 0.893158 0.868216 0.837948 0.814932 0.839796
0.911658 0.893481 0.870090 0.838914 0.816927 0.838599
0.914111 0.890643 0.864115 0.837526 0.809911 0.838913
0.910820 0.893712 0.870119 0.839486 0.817735 0.838101
0.914316 0.892264 0.866707 0.837474 0.812775 0.839575
0.912623 0.892898 0.868836 0.838929 0.814803 0.838783
0.912255 0.893311 0.869500 0.838751 0.815452 0.839282
0.913560 0.892826 0.867403 0.838098 0.813842 0.839881
0.912141 0.893522 0.869968 0.838651 0.816912 0.838852
0.914124 0.891157 0.864963 0.837945 0.810491 0.839559
0.910541 0.893665 0.870323 0.839724 0.817389 0.837647
0.914405 0.892119 0.866324 0.837554 0.812090 0.839464
0.912481 0.893451 0.869739 0.838647 0.816709 0.839095
0.913036 0.892809 0.867773 0.838618 0.814081 0.839725
0.912764 0.893098 0.868736 0.838459 0.814553 0.839523
0.912708 0.893280 0.869499 0.838563 0.816252 0.838950
0.914074 0.891900 0.865976 0.837934 0.812253 0.839588
0.910671 0.893670 0.870236 0.839890 0.817151 0.837841
0.914604 0.891410 0.865357 0.837472 0.810575 0.839511
0.911452 0.893613 0.870294 0.838946 0.817182 0.838256
0.913997 0.891689 0.865918 0.837887 0.812401 0.839896
0.911716 0.893630 0.870078 0.838948 0.817142 0.838620
0.913565 0.892361 0.867643 0.838396 0.812956 0.838981
0.913176 0.892779 0.868038 0.838674 0.814183 0.839513
0.911363 0.893542 0.869947 0.839478 0.816189 0.838668
0.914412 0.891780 0.865810 0.837818 0.811144 0.839521
0.910838 0.893826 0.870349 0.839503 0.817530 0.837483
0.914403 0.890859 0.864514 0.837643 0.810249 0.839693
0.909989 0.893996 0.870402 0.839584 0.818053 0.837386
0.914712 0.890947 0.864701 0.837176 0.810246 0.839050
0.911905 0.893421 0.869991 0.839380 0.816707 0.838708
0.912257 0.893234 0.869484 0.838852 0.815637 0.839309
0.914131 0.892261 0.866811 0.837926 0.813002 0.839558
0.911197 0.893807 0.870308 0.839299 0.817333 0.837929
0.913950 0.891376 0.865057 0.838222 0.810765 0.839623
0.910822 0.893692 0.870247 0.839736 0.817651 0.838020
0.914281 0.891782 0.865852 0.837916 0.810906 0.839217
0.912487 0.893346 0.869588 0.838988 0.816081 0.839076
0.912438 0.893255 0.869228 0.838894 0.815452 0.839273
0.914258 0.892171 0.866460 0.837963 0.812828 0.839488
0.911729 0.893801 0.870093 0.839147 0.817226 0.838370
0.914280 0.891532 0.864898 0.838004 0.810738 0.839806
0.910808 0.893729 0.870203 0.839916 0.817505 0.837815
0.914744 0.891305 0.864870 0.837294 0.810488 0.839593
0.911679 0.893555 0.870171 0.839072 0.817158 0.838618
0.913471 0.892353 0.867047 0.838653 0.813085 0.839292
0.913010 0.893168 0.869220 0.838556 0.815221 0.839393
0.912565 0.893508 0.869504 0.838933 0.816556 0.838932
0.913876 0.892251 0.866493 0.838134 0.812441 0.839528
0.910887 0.893665 0.870079 0.840191 0.816953 0.837777
0.914637 0.891407 0.864979 0.837533 0.810518 0.839672
0.910970 0.893771 0.870342 0.839560 0.817519 0.837942
0.914272 0.890900 0.864595 0.837845 0.810106 0.839594
0.910923 0.893810 0.870319 0.839724 0.817507 0.838030
0.914343 0.892177 0.866515 0.837840 0.812586 0.839516
0.912505 0.893330 0.869554 0.838934 0.815666 0.839218
0.912163 0.893381 0.869619 0.839262 0.815509 0.838969
0.914088 0.892107 0.866349 0.838326 0.812043 0.839328
0.911595 0.893745 0.870059 0.839565 0.817301 0.838222
0.914304 0.891310 0.864978 0.838019 0.810662 0.839679
0.910470 0.893780 0.870338 0.839963 0.817701 0.837634
0.914767 0.891093 0.864647 0.837314 0.810386 0.839487
0.911468 0.893603 0.870176 0.839471 0.817384 0.838412
0.913883 0.892229 0.866722 0.838283 0.813118 0.839386
0.912994 0.893227 0.869306 0.838598 0.815401 0.839423
0.912708 0.893396 0.869529 0.839055 0.816356 0.839114
0.914026 0.892247 0.866330 0.838254 0.812302 0.839601
0.911152 0.893758 0.870038 0.840069 0.817448 0.837838
0.914644 0.891315 0.864675 0.837423 0.810194 0.839520
0.910877 0.893808 0.870423 0.839664 0.817582 0.837792
0.914474 0.891058 0.864801 0.837930 0.810770 0.839594
0.911355 0.893655 0.870146 0.839576 0.817303 0.838322
0.913936 0.892471 0.866910 0.838344 0.813131 0.839243
0.912938 0.893273 0.869184 0.838753 0.815338 0.839427
0.912173 0.893612 0.869743 0.839523 0.816050 0.838785
0.914058 0.891855 0.865664 0.838474 0.810978 0.839394
0.911354 0.893726 0.870067 0.839771 0.817454 0.838067
0.914630 0.891265 0.864750 0.837547 0.810732 0.839684
0.910285 0.893872 0.870409 0.839839 0.817718 0.837366
0.914824 0.890766 0.864175 0.837318 0.810044 0.839558
0.911040 0.893700 0.870249 0.839612 0.817509 0.838097
0.913730 0.892110 0.866473 0.838681 0.812424 0.839207
0.912962 0.893291 0.869325 0.838892 0.815390 0.839333
0.912280 0.893619 0.869694 0.839619 0.816481 0.838868
0.913982 0.892108 0.865452 0.838392 0.811479 0.839536
0.910878 0.893654 0.870141 0.839935 0.817376 0.837619
0.914682 0.891170 0.864596 0.837650 0.810244 0.839603
0.911169 0.893699 0.870161 0.839557 0.817538 0.838186
0.914421 0.891309 0.864899 0.838222 0.810783 0.839656
0.911882 0.893636 0.869893 0.839533 0.817048 0.838546
0.913520 0.893142 0.868700 0.838389 0.814790 0.839576
0.913788 0.892983 0.867657 0.838372 0.814052 0.839667
0.911625 0.893734 0.869916 0.839822 0.817258 0.838284
0.914424 0.891252 0.864702 0.837942 0.810082 0.839552
0.911027 0.893785 0.870192 0.839867 0.817604 0.837897
0.914606 0.891276 0.864753 0.837896 0.810887 0.839676
0.911346 0.893664 0.870151 0.839702 0.817353 0.838221
0.914178 0.892150 0.866186 0.838306 0.812359 0.839565
0.912389 0.893539 0.869568 0.839313 0.815985 0.839044
0.913056 0.893093 0.869065 0.838928 0.815124 0.838931
0.913896 0.892528 0.866856 0.838666 0.812768 0.839261
0.911652 0.893779 0.869866 0.839968 0.817228 0.838353
0.914559 0.891398 0.864802 0.838022 0.810447 0.839660
0.910745 0.893849 0.870266 0.839989 0.817478 0.837700
0.914700 0.891102 0.864565 0.837886 0.810555 0.839745
0.911327 0.893690 0.870072 0.839627 0.817644 0.838376
0.914185 0.891385 0.865123 0.838496 0.810832 0.839359
0.911716 0.893643 0.869881 0.839725 0.817094 0.838280
0.913715 0.893007 0.868307 0.838559 0.814733 0.839544
0.913596 0.893145 0.868280 0.838714 0.814655 0.839464
0.911851 0.893678 0.869901 0.839990 0.816878 0.838249
0.914369 0.891721 0.865198 0.838279 0.810882 0.839687
0.911312 0.893812 0.870099 0.839783 0.817631 0.838131
0.914618 0.890921 0.864287 0.837727 0.810096 0.839620
0.910689 0.893752 0.870353 0.839796 0.817590 0.837517
0.914751 0.891136 0.864616 0.837709 0.810989 0.839774
0.910988 0.893808 0.870244 0.839657 0.817553 0.838008
0.913959 0.892068 0.865943 0.838857 0.811613 0.839306
0.912613 0.893574 0.869457 0.839221 0.815964 0.839016
0.912651 0.893589 0.869521 0.839377 0.815984 0.838985
0.914149 0.891957 0.865589 0.838561 0.811063 0.839446
0.910965 0.893792 0.870117 0.840003 0.817428 0.837740
0.914940 0.891240 0.864813 0.837459 0.811127 0.839847
0.910832 0.893732 0.870196 0.839717 0.817600 0.837830
0.914509 0.891079 0.864645 0.838156 0.810469 0.839567
0.911891 0.893648 0.869823 0.839515 0.817238 0.838541
0.913875 0.892766 0.867149 0.838614 0.813612 0.839228
0.913045 0.892985 0.868308 0.839211 0.814127 0.838930
0.912255 0.893638 0.869684 0.839981 0.816675 0.838456
0.914309 0.892049 0.865494 0.838408 0.811306 0.839580
0.911243 0.893791 0.870042 0.839920 0.817530 0.837913
0.914684 0.890714 0.864040 0.837761 0.809885 0.839489
0.910362 0.893863 0.870458 0.839835 0.817666 0.837221
0.914794 0.891106 0.864762 0.837697 0.811245 0.839678
0.911492 0.893759 0.869995 0.839708 0.817489 0.838468
0.913526 0.892575 0.867493 0.839068 0.812964 0.839098
0.913642 0.892918 0.868398 0.838751 0.814740 0.839244
0.911939 0.893768 0.869770 0.840072 0.816985 0.838501
0.914412 0.891635 0.864953 0.838343 0.810725 0.839680
0.911031 0.893843 0.870200 0.839919 0.817489 0.837737
0.914617 0.891443 0.864834 0.838081 0.810994 0.839674
0.911444 0.893799 0.870062 0.839634 0.817519 0.838364
0.914160 0.891581 0.865408 0.838569 0.811209 0.839214
0.912007 0.893788 0.869733 0.839880 0.817010 0.838594
0.913408 0.893141 0.868815 0.838910 0.815064 0.839286
0.913816 0.892747 0.866744 0.838932 0.812872 0.839200
0.911227 0.893745 0.870031 0.840056 0.817489 0.837832
0.914814 0.891041 0.864306 0.837636 0.810207 0.839606
0.910657 0.893875 0.870283 0.840015 0.817612 0.837639
0.914586 0.890941 0.864384 0.837978 0.810262 0.839644
0.911980 0.893700 0.869847 0.839493 0.817293 0.838628
0.914054 0.892598 0.866958 0.838528 0.813942 0.839296
0.912066 0.893642 0.869640 0.840081 0.816241 0.838659
0.913096 0.893449 0.869405 0.839206 0.816478 0.838955
0.914357 0.891957 0.865191 0.838450 0.810976 0.839691
0.908549 0.894557 0.870431 0.840136 0.817951 0.836813
0.914735 0.890704 0.864417 0.837681 0.809876 0.839102
0.912709 0.893396 0.869507 0.839332 0.816670 0.839041
0.912688 0.893498 0.868529 0.839290 0.815493 0.839408
0.913239 0.892958 0.868441 0.839519 0.814779 0.838732
0.912902 0.893261 0.869291 0.839476 0.816331 0.838245
0.914707 0.891668 0.865302 0.837739 0.812940 0.840090
0.909984 0.894390 0.870283 0.839851 0.817876 0.837255
0.914474 0.890283 0.864402 0.836543 0.809145 0.837780
0.911831 0.893534 0.869993 0.839379 0.817342 0.838221
0.913419 0.892597 0.867203 0.838386 0.814796 0.840025
0.913893 0.893024 0.868199 0.838228 0.814489 0.839922
0.910322 0.893829 0.869819 0.839302 0.815935 0.837165
0.913939 0.892506 0.866921 0.838485 0.813816 0.839199
0.910869 0.893544 0.869679 0.840332 0.816701 0.837984
0.914234 0.892301 0.866703 0.837996 0.812384 0.839558
0.912238 0.893287 0.868606 0.839067 0.814484 0.838414
0.912405 0.893503 0.869074 0.839462 0.815042 0.838871
0.913538 0.893041 0.867536 0.838601 0.814760 0.839729
0.912662 0.893423 0.869504 0.839669 0.816819 0.839009
0.914307 0.892168 0.865361 0.838429 0.812128 0.839579
0.910710 0.893865 0.870135 0.840451 0.817337 0.837615
0.914703 0.892135 0.865611 0.837862 0.812180 0.839497
0.912133 0.893507 0.869941 0.839437 0.817287 0.838693
0.913671 0.892542 0.867084 0.838571 0.814262 0.839525
0.912337 0.893708 0.869495 0.839663 0.816068 0.838849
0.913430 0.892911 0.867833 0.839206 0.814223 0.838662
0.913353 0.892953 0.868681 0.839047 0.814953 0.838816
0.911809 0.893393 0.869629 0.839800 0.815954 0.838542
0.914317 0.892713 0.867279 0.838147 0.814039 0.839388
0.911955 0.893854 0.869949 0.839360 0.817009 0.838173
0.914106 0.891934 0.865082 0.838658 0.810854 0.839431
0.911471 0.893632 0.869838 0.840506 0.816929 0.838308
0.914604 0.892307 0.866234 0.838088 0.813152 0.839626
0.911677 0.893723 0.869895 0.839954 0.817259 0.838262
0.914074 0.892754 0.866878 0.838562 0.813243 0.839244
0.912881 0.893547 0.869520 0.839616 0.816777 0.839101
0.913807 0.892966 0.868295 0.838615 0.814774 0.839285
0.912747 0.893356 0.869320 0.839366 0.815366 0.838997
0.913066 0.893457 0.869140 0.839057 0.815282 0.839171
0.914183 0.892966 0.867856 0.838470 0.814410 0.839364
0.912018 0.893483 0.869681 0.840193 0.815879 0.838679
0.914312 0.892652 0.867120 0.838470 0.813831 0.839406
0.911560 0.893765 0.869973 0.840026 0.817238 0.838069
0.914967 0.891106 0.864352 0.837669 0.810640 0.839703
0.907515 0.894716 0.870433 0.840393 0.818072 0.836257
0.915720 0.889096 0.861711 0.835491 0.807885 0.839145
0.905651 0.894839 0.870969 0.840294 0.818559 0.835391
0.914176 0.890107 0.863554 0.837831 0.809224 0.838996
0.912222 0.893744 0.869674 0.839652 0.816990 0.838668
0.909733 0.894354 0.870623 0.840025 0.817849 0.837468
0.914308 0.890289 0.863621 0.837605 0.809445 0.839209
0.909215 0.894265 0.870287 0.840463 0.818036 0.836904
0.912997 0.893344 0.869231 0.839594 0.816247 0.838512
0.914649 0.891576 0.865478 0.837490 0.810947 0.839453
0.910502 0.894021 0.870247 0.839862 0.817793 0.837784
0.913666 0.891679 0.865233 0.838872 0.811164 0.839384
0.913217 0.892926 0.868177 0.839008 0.814705 0.838870
0.911752 0.893923 0.870006 0.839789 0.817655 0.838679
0.914941 0.891301 0.864313 0.837532 0.811002 0.839793
0.910833 0.894109 0.870185 0.839921 0.817645 0.837700
0.912835 0.892688 0.867488 0.839332 0.812843 0.838549
0.914332 0.892765 0.866737 0.838351 0.813848 0.839151
0.911327 0.894096 0.869934 0.839926 0.818001 0.838382
0.914020 0.891256 0.864389 0.838577 0.810481 0.839183
0.912016 0.893737 0.869733 0.839998 0.817187 0.838585
0.913346 0.893503 0.869136 0.839254 0.816046 0.839349
0.914639 0.892558 0.866670 0.838202 0.813643 0.839808
0.911185 0.893816 0.870182 0.840153 0.817336 0.838004
0.914045 0.891512 0.865113 0.838848 0.810658 0.839225
0.912776 0.893633 0.869433 0.839879 0.816340 0.839057
0.913152 0.893481 0.869091 0.839726 0.815777 0.838982
0.913621 0.892142 0.866758 0.839250 0.811943 0.839087
0.911671 0.893850 0.870044 0.840017 0.817243 0.838298
0.914524 0.892551 0.866808 0.838459 0.813711 0.839483
0.912471 0.893604 0.869685 0.840086 0.816902 0.838911
0.913325 0.892858 0.868674 0.839293 0.814696 0.838754
0.913719 0.892887 0.867768 0.839016 0.814348 0.839036
0.912310 0.893723 0.869700 0.840226 0.816245 0.838855
0.914584 0.892146 0.865914 0.838377 0.812702 0.839552
0.911537 0.893681 0.870017 0.840193 0.817237 0.837943
0.914532 0.891843 0.865423 0.838379 0.812012 0.839689
0.912013 0.893751 0.869911 0.840004 0.817133 0.838317
0.914223 0.891863 0.865671 0.838904 0.811561 0.839264
0.912150 0.893461 0.869665 0.840315 0.816508 0.838293
0.913553 0.892982 0.868676 0.839144 0.814832 0.839011
0.913809 0.893025 0.868561 0.838845 0.814544 0.839058
0.912297 0.893609 0.869696 0.840048 0.816624 0.838272
0.914274 0.892283 0.866137 0.838694 0.812629 0.839390
0.911922 0.893816 0.869917 0.840240 0.817191 0.838344
0.914545 0.891918 0.865582 0.838338 0.811914 0.839683
0.911536 0.893895 0.869978 0.840265 0.817349 0.837904
0.914600 0.892143 0.866049 0.838333 0.812909 0.839767
0.912115 0.893719 0.869826 0.840135 0.816987 0.838455
0.914225 0.892317 0.866478 0.838759 0.812498 0.839218
0.912511 0.893518 0.869451 0.840107 0.816041 0.838571
0.913553 0.893062 0.868717 0.839214 0.814805 0.838986
0.913738 0.892956 0.868518 0.839027 0.814653 0.839074
0.912324 0.893552 0.869450 0.840115 0.815557 0.838457
0.914379 0.892641 0.867196 0.838679 0.813748 0.839265
0.912298 0.893690 0.869772 0.840147 0.816944 0.838605
0.914526 0.891935 0.865529 0.838551 0.811890 0.839651
0.911067 0.894031 0.870147 0.840291 0.817627 0.837287
0.914994 0.891019 0.864166 0.837951 0.810479 0.839681
0.909561 0.894296 0.870259 0.840237 0.818038 0.836554
0.915086 0.890366 0.863581 0.837484 0.809383 0.839390
0.909937 0.894264 0.870287 0.840116 0.817931 0.836836
0.914350 0.891908 0.865729 0.838648 0.812215 0.839529
0.912907 0.893555 0.869376 0.839938 0.816479 0.838906
0.912405 0.893729 0.869522 0.840081 0.816705 0.838513
0.914259 0.892096 0.865996 0.838676 0.812229 0.839469
0.910921 0.893921 0.870199 0.840439 0.817539 0.837590
0.914611 0.891109 0.864471 0.838225 0.810404 0.839467
0.911354 0.894069 0.870062 0.840043 0.817326 0.837892
0.914457 0.892600 0.866900 0.838645 0.813926 0.839380
0.913129 0.893290 0.868794 0.839379 0.815119 0.838753
0.912781 0.893738 0.869468 0.840052 0.816872 0.838771
0.914553 0.891879 0.864918 0.838531 0.811318 0.839724
0.910602 0.894183 0.870099 0.840408 0.817824 0.837075
0.914702 0.890987 0.864229 0.838038 0.810288 0.839442
0.911003 0.894164 0.870173 0.840109 0.817568 0.837739
0.914424 0.892262 0.865851 0.838494 0.812776 0.839484
0.912816 0.893546 0.869439 0.840121 0.816600 0.838759
0.913336 0.893256 0.868924 0.840058 0.815659 0.838708
0.913989 0.893044 0.867905 0.838957 0.814313 0.838982
0.911774 0.893924 0.869960 0.840427 0.817264 0.838132
0.914188 0.891658 0.865166 0.838702 0.810962 0.839500
0.911755 0.893980 0.870038 0.840332 0.817329 0.838349
0.914493 0.892095 0.865615 0.838429 0.812618 0.839550
0.912490 0.893711 0.869684 0.840144 0.816883 0.838733
0.913986 0.892877 0.868282 0.839027 0.814550 0.839031
0.913186 0.893593 0.868977 0.839485 0.815075 0.838765
0.912973 0.893487 0.869304 0.840062 0.815613 0.838775
0.913884 0.892462 0.866753 0.838954 0.812777 0.839209
0.911995 0.893829 0.869810 0.840599 0.816810 0.838489
0.914407 0.892167 0.865947 0.838607 0.812662 0.839543
0.911631 0.893922 0.870077 0.840408 0.817425 0.837979
0.914829 0.891737 0.864753 0.838160 0.811500 0.839843
0.910511 0.894251 0.870213 0.840339 0.817789 0.837257
0.914966 0.890944 0.864015 0.837840 0.809924 0.839432
0.910422 0.894336 0.870235 0.840311 0.817886 0.837102
0.914471 0.891733 0.865098 0.838489 0.811473 0.839604
0.912445 0.893751 0.869553 0.840284 0.816748 0.838669
0.912910 0.893495 0.868988 0.839767 0.815133 0.838430
0.914152 0.892676 0.867637 0.838890 0.814028 0.839323
0.911678 0.893882 0.870023 0.840568 0.817332 0.838169
0.914513 0.891430 0.864580 0.838469 0.810457 0.839491
0.910777 0.894337 0.870112 0.840189 0.817678 0.837387
0.914729 0.891193 0.864413 0.838445 0.810793 0.839637
0.911899 0.893876 0.869939 0.840319 0.817332 0.838323
0.913874 0.892860 0.867598 0.839087 0.814129 0.838907
0.913405 0.893222 0.868700 0.839611 0.814987 0.838856
0.912697 0.893779 0.869593 0.840268 0.816893 0.838820
0.914246 0.892105 0.865191 0.839036 0.811080 0.839178
0.911622 0.893934 0.869996 0.840444 0.817310 0.837864
0.914618 0.891686 0.865188 0.838162 0.812194 0.839773
0.910990 0.894007 0.870135 0.840790 0.817642 0.837608
0.914647 0.892042 0.865408 0.838441 0.812328 0.839453
0.912445 0.893809 0.869660 0.840192 0.816938 0.838707
0.913623 0.893046 0.868492 0.839412 0.814714 0.838921
0.913564 0.893290 0.868240 0.839346 0.814626 0.838802
0.912495 0.893796 0.869732 0.840171 0.816951 0.838716
0.914403 0.892142 0.865791 0.838556 0.812550 0.839534
0.911580 0.894067 0.869833 0.840620 0.817453 0.837992
0.914676 0.891549 0.864712 0.838337 0.811160 0.839735
0.911334 0.893892 0.870193 0.840722 0.817533 0.837796
0.914368 0.892211 0.865279 0.838867 0.812163 0.839341
0.912238 0.893879 0.869915 0.840218 0.817314 0.838518
0.913682 0.892612 0.867789 0.839143 0.813819 0.839105
0.913124 0.893518 0.868844 0.839850 0.814958 0.838581
0.912735 0.893443 0.869184 0.840096 0.815594 0.838584
0.914082 0.892829 0.868022 0.839030 0.814410 0.839218
0.912275 0.894067 0.869687 0.840703 0.816677 0.838502
0.914491 0.891851 0.865209 0.838665 0.811690 0.839694
0.910998 0.894041 0.870266 0.840535 0.817704 0.837593
0.915214 0.891327 0.864032 0.838018 0.810801 0.839689
0.904756 0.895909 0.869776 0.840224 0.818007 0.836105
0.916042 0.888848 0.861366 0.835748 0.808061 0.839836
0.906045 0.894545 0.870994 0.840799 0.818817 0.834575
0.913441 0.890179 0.864088 0.838714 0.809819 0.838004
0.913718 0.893050 0.868593 0.838940 0.815571 0.838982
0.910451 0.894581 0.870256 0.840401 0.817897 0.837998
0.914930 0.890070 0.863043 0.837282 0.809216 0.839204
0.909087 0.893923 0.870186 0.840700 0.817520 0.836181
0.911403 0.893741 0.869708 0.840489 0.816771 0.837661
0.916267 0.890998 0.863957 0.835740 0.812271 0.840807
0.911648 0.894106 0.869575 0.840125 0.816913 0.839030
0.911890 0.892215 0.866031 0.840323 0.812054 0.838153
0.911880 0.893148 0.869285 0.839878 0.817193 0.838094
0.914201 0.893355 0.868318 0.838440 0.816405 0.840044
0.915327 0.892271 0.865238 0.836915 0.812901 0.840009
0.911100 0.894090 0.869166 0.840253 0.815616 0.837805
0.912955 0.892296 0.867200 0.839480 0.813255 0.838256
0.913995 0.892910 0.867887 0.838039 0.814912 0.839388
0.912262 0.893863 0.869539 0.840011 0.816692 0.839257
0.913790 0.891694 0.865044 0.838795 0.810529 0.838559
0.911255 0.893059 0.868071 0.840049 0.814121 0.836969
0.912745 0.893674 0.869368 0.840510 0.816553 0.839132
0.914029 0.893037 0.866547 0.838679 0.814526 0.840210
0.911803 0.893955 0.869635 0.840502 0.817099 0.838246
0.913809 0.891708 0.865348 0.838955 0.810867 0.838342
0.912509 0.892997 0.868006 0.840260 0.813336 0.838725
0.912497 0.893747 0.869489 0.840127 0.816793 0.839357
0.914855 0.892054 0.866167 0.837950 0.813906 0.839947
0.911289 0.893898 0.869987 0.840854 0.817275 0.837726
0.913511 0.893232 0.867614 0.839513 0.814611 0.838733
0.914043 0.893123 0.868340 0.838872 0.815134 0.839599
0.912627 0.893735 0.869643 0.839981 0.817050 0.839064
0.913749 0.891829 0.865660 0.839179 0.812151 0.839192
0.911350 0.893896 0.869587 0.840651 0.815699 0.837787
0.914372 0.892642 0.867068 0.838535 0.814300 0.839562
0.912974 0.893635 0.869348 0.839882 0.816890 0.839331
0.912773 0.893380 0.869096 0.839645 0.816082 0.838774
0.913816 0.892857 0.868131 0.839199 0.814606 0.839070
0.912773 0.893847 0.869479 0.840069 0.816944 0.838533
0.913740 0.892971 0.867077 0.839304 0.814405 0.839096
0.912124 0.893492 0.868930 0.840289 0.815345 0.838559
0.913036 0.893121 0.867573 0.839811 0.813845 0.838600
0.913705 0.893320 0.867989 0.839527 0.814539 0.838789
0.912794 0.893624 0.869058 0.840149 0.815536 0.838555
0.913658 0.892407 0.866562 0.839705 0.813238 0.839180
0.912816 0.893588 0.869322 0.840320 0.816893 0.838692
0.914387 0.892984 0.867154 0.838807 0.814110 0.839338
0.912554 0.893734 0.869264 0.840318 0.815553 0.838560
0.913299 0.892829 0.867729 0.839733 0.814682 0.838957
0.913376 0.893136 0.868645 0.839543 0.815073 0.839110
0.913056 0.893512 0.869148 0.839838 0.815594 0.839089
0.913889 0.893035 0.868141 0.839442 0.814333 0.838918
0.912671 0.893392 0.869300 0.840323 0.816263 0.838445
0.914000 0.892738 0.867506 0.839316 0.814384 0.839126
0.912410 0.893733 0.869254 0.840451 0.816289 0.838300
0.914308 0.892300 0.865878 0.839465 0.812143 0.839183
0.912666 0.893494 0.869232 0.840326 0.816295 0.838440
0.913969 0.892847 0.867800 0.839443 0.814562 0.839167
0.913009 0.893539 0.869135 0.840270 0.816046 0.838739
0.913950 0.892885 0.868146 0.839530 0.814326 0.839006
0.912729 0.893392 0.869114 0.840129 0.815287 0.838700
0.913801 0.892900 0.868126 0.839579 0.814500 0.838884
0.912906 0.893479 0.869214 0.840090 0.815879 0.838540
0.914138 0.892688 0.866993 0.839565 0.813784 0.839119
0.912484 0.893802 0.869589 0.840571 0.816496 0.838432
0.914709 0.892204 0.866203 0.838723 0.813106 0.839595
0.911422 0.894130 0.870057 0.840798 0.817575 0.837496
0.914915 0.890996 0.864293 0.838288 0.810594 0.839861
0.908729 0.894322 0.870577 0.840712 0.818273 0.836194
0.915297 0.889733 0.862737 0.837530 0.808840 0.839391
0.907585 0.894602 0.870967 0.840768 0.818206 0.835671
0.914642 0.891362 0.865526 0.838638 0.812240 0.839577
0.913520 0.893469 0.868793 0.840206 0.816047 0.838977
0.911218 0.894220 0.869979 0.840850 0.817733 0.837792
0.914496 0.890489 0.864274 0.838485 0.809913 0.839185
0.909187 0.894393 0.870560 0.840578 0.818201 0.836744
0.914741 0.891133 0.864817 0.838212 0.810720 0.839599
0.913711 0.893240 0.868541 0.839636 0.815489 0.838940
0.911769 0.894191 0.869838 0.840859 0.817456 0.838318
0.914518 0.891604 0.864788 0.838713 0.811844 0.839756
0.909181 0.894488 0.870596 0.840217 0.818359 0.836721
0.914837 0.891100 0.864413 0.838271 0.810320 0.839202
0.913202 0.893389 0.868976 0.840332 0.816007 0.838616
0.911801 0.894019 0.869597 0.841031 0.817227 0.838778
0.915546 0.890561 0.862730 0.837278 0.809575 0.840120
0.907988 0.894446 0.870685 0.840938 0.817752 0.835708
0.913498 0.891396 0.866287 0.839109 0.812711 0.838783
0.914310 0.892687 0.868353 0.838785 0.816158 0.839443
0.910863 0.894486 0.870300 0.840281 0.818146 0.838431
0.914118 0.891419 0.864375 0.838650 0.810656 0.838754
0.911385 0.893913 0.869697 0.840149 0.817161 0.837156
0.913926 0.892845 0.867951 0.839050 0.814556 0.839547
0.914428 0.892646 0.866512 0.838895 0.813678 0.839843
0.910542 0.894295 0.870299 0.840502 0.817330 0.836865
0.914121 0.891514 0.864660 0.838683 0.810348 0.838557
0.912186 0.893927 0.869587 0.840793 0.816508 0.838777
0.913210 0.893777 0.869231 0.840128 0.816823 0.839291
0.914656 0.891349 0.864491 0.838680 0.810891 0.839189
0.910734 0.893802 0.869657 0.841099 0.817335 0.836978
0.913728 0.892756 0.867522 0.839693 0.815221 0.839327
0.915076 0.892583 0.866423 0.837827 0.814764 0.840122
0.911074 0.894106 0.870124 0.840451 0.817919 0.837960
0.913798 0.891377 0.864785 0.839313 0.810329 0.838253
0.913282 0.893558 0.869039 0.839908 0.816539 0.838712
0.913918 0.893486 0.868215 0.839271 0.815352 0.839722
0.913691 0.892794 0.866838 0.839507 0.813915 0.838912
0.911615 0.894034 0.869751 0.840505 0.817005 0.836959
0.914670 0.892476 0.867535 0.838736 0.814083 0.839698
0.912614 0.893691 0.869368 0.840380 0.816041 0.839276
0.913256 0.893165 0.868494 0.840243 0.814962 0.838905
0.913969 0.892076 0.865801 0.839551 0.811565 0.839072
0.912192 0.894163 0.869712 0.840641 0.816432 0.838587
0.914338 0.892728 0.867824 0.838895 0.814946 0.839643
0.913526 0.893409 0.868944 0.839917 0.816512 0.838750
0.913054 0.893467 0.869144 0.839756 0.815651 0.838501
0.913863 0.893366 0.868549 0.839341 0.814919 0.839116
0.913596 0.893674 0.869253 0.840010 0.816572 0.839174
0.913483 0.892296 0.865933 0.839683 0.811992 0.838937
0.912721 0.893509 0.869211 0.840507 0.815758 0.838088
0.914345 0.892966 0.867890 0.839119 0.814774 0.839267
0.913353 0.893403 0.868831 0.840429 0.815648 0.838705
0.912740 0.893024 0.868536 0.840396 0.815024 0.838403
0.913776 0.893105 0.868216 0.839916 0.815063 0.838991
0.913253 0.893777 0.869020 0.840333 0.815549 0.838687
0.913902 0.892660 0.867008 0.839886 0.813755 0.838862
0.912949 0.893565 0.869250 0.840564 0.816359 0.838513
0.914399 0.893015 0.867291 0.839565 0.814608 0.839374
0.912730 0.893766 0.869597 0.840944 0.816326 0.838249
0.914547 0.892385 0.866825 0.839336 0.813661 0.839414
0.912405 0.893707 0.869543 0.841041 0.816738 0.837863
0.914763 0.892512 0.866789 0.839181 0.813959 0.839664
0.912765 0.893740 0.869605 0.840869 0.816818 0.838189
0.914260 0.892207 0.866404 0.839667 0.812409 0.839254
0.912599 0.893875 0.869750 0.840876 0.817021 0.838144
0.914889 0.892296 0.866562 0.838856 0.813438 0.839862
0.911849 0.893996 0.869577 0.841096 0.816851 0.837585
0.914683 0.892365 0.866764 0.839134 0.814022 0.839761
0.912558 0.893959 0.869756 0.840891 0.816881 0.838563
0.914436 0.892349 0.865966 0.839304 0.812599 0.839299
0.912543 0.893798 0.869596 0.840717 0.817010 0.838049
0.914640 0.892520 0.866599 0.839259 0.813925 0.839485
0.912205 0.894060 0.869832 0.841069 0.817123 0.838047
0.914549 0.892181 0.866656 0.839017 0.813405 0.839581
0.912144 0.893944 0.869902 0.841126 0.817279 0.838139
0.915069 0.892360 0.866693 0.838882 0.813698 0.839723
0.912664 0.893764 0.869496 0.840849 0.816774 0.838046
0.914372 0.892616 0.867056 0.839613 0.814270 0.839331
0.913281 0.893969 0.869467 0.840507 0.816475 0.838921
0.914207 0.892799 0.867665 0.839612 0.814447 0.839099
0.913340 0.893406 0.868967 0.840407 0.815839 0.838689
0.914202 0.893147 0.867936 0.839702 0.814826 0.839212
0.913313 0.893475 0.868963 0.840284 0.815372 0.838687
0.914076 0.893023 0.868374 0.839976 0.815075 0.839125
0.913440 0.893503 0.869031 0.840199 0.815182 0.838648
0.914144 0.893103 0.868337 0.839638 0.814694 0.839061
0.913361 0.893533 0.869172 0.840568 0.816011 0.838359
0.914379 0.892865 0.867271 0.839591 0.814556 0.839107
0.912359 0.893881 0.869904 0.840959 0.817194 0.838215
0.915223 0.891298 0.864377 0.838567 0.810696 0.839891
0.907157 0.894500 0.870668 0.841459 0.818026 0.834831
0.915130 0.888521 0.861973 0.837075 0.808726 0.839509
0.906625 0.894562 0.871146 0.840691 0.819103 0.835525
0.913764 0.891503 0.865133 0.839316 0.811150 0.838189
0.914878 0.892827 0.867826 0.838848 0.815846 0.839807
0.909521 0.894138 0.870563 0.840804 0.818332 0.837829
0.913397 0.890439 0.863956 0.839368 0.809621 0.838007
0.910207 0.894474 0.870455 0.840412 0.816869 0.837133
0.914293 0.893134 0.867230 0.838870 0.814384 0.839805
0.913859 0.892908 0.866653 0.839304 0.814618 0.839694
0.907853 0.894585 0.870899 0.840873 0.818673 0.836498
0.914123 0.890960 0.863706 0.838890 0.809909 0.838139
0.910598 0.894463 0.869841 0.840875 0.817459 0.837597
0.914381 0.892972 0.868313 0.838981 0.816381 0.839706
0.915452 0.890142 0.865378 0.837972 0.811910 0.839414
0.909952 0.893039 0.869878 0.840734 0.817906 0.836551
0.915080 0.891367 0.865002 0.837012 0.812944 0.840227
0.913748 0.893052 0.867039 0.838023 0.815349 0.838564
0.909895 0.894629 0.869841 0.840487 0.817510 0.837287
0.909914 0.893429 0.866381 0.839549 0.814677 0.839308
0.910178 0.894399 0.867759 0.840020 0.816146 0.839837
0.913558 0.893228 0.867980 0.838754 0.815834 0.839137
0.913228 0.892582 0.866546 0.839672 0.812649 0.838724
0.911957 0.893497 0.869184 0.841086 0.816802 0.837867
0.913731 0.892798 0.867804 0.839719 0.815439 0.839385
0.913254 0.893641 0.868983 0.840270 0.816249 0.839068
0.912742 0.893624 0.869056 0.840753 0.815967 0.838659
0.913295 0.893183 0.868207 0.839895 0.814998 0.838725
0.913040 0.893312 0.868905 0.840462 0.816101 0.838257
0.912765 0.893302 0.868918 0.840838 0.816319 0.838246
0.912828 0.893206 0.868097 0.840544 0.814544 0.838185
0.912816 0.893506 0.868803 0.840775 0.815941 0.838339
0.913099 0.892895 0.867785 0.840591 0.814688 0.838892
0.912531 0.892967 0.868220 0.840809 0.814963 0.838631
0.913234 0.893367 0.868688 0.840572 0.815680 0.838635
0.914049 0.893493 0.867813 0.839946 0.815312 0.839009
0.913044 0.893725 0.869003 0.840947 0.816326 0.838148
0.914408 0.892488 0.867166 0.839573 0.814421 0.839080
0.913352 0.893448 0.868934 0.840611 0.816225 0.838362
0.914378 0.892770 0.866935 0.839806 0.814410 0.839079
0.912165 0.893714 0.869055 0.841426 0.816386 0.837770
0.913725 0.892711 0.867734 0.839920 0.814816 0.838879
0.913211 0.893790 0.869299 0.840519 0.816370 0.838651
0.914383 0.892933 0.867584 0.839571 0.814385 0.839180
0.913602 0.893532 0.868920 0.840649 0.815811 0.838634
0.914118 0.892958 0.868229 0.840049 0.814902 0.839059
0.913428 0.893620 0.869052 0.840697 0.816106 0.838455
0.913943 0.893052 0.868087 0.840075 0.814578 0.838764
0.913119 0.893630 0.869454 0.840544 0.816007 0.838490
0.914392 0.893000 0.867560 0.839775 0.814458 0.838975
0.912601 0.893870 0.869831 0.841071 0.816820 0.838133
0.914849 0.892150 0.865890 0.838986 0.813108 0.839412
0.909503 0.894069 0.870283 0.841369 0.817528 0.836356
0.915106 0.890480 0.863502 0.838371 0.810118 0.839630
0.908808 0.894461 0.870930 0.841128 0.818189 0.836859
0.913660 0.891584 0.864962 0.840248 0.811350 0.838806
0.913764 0.893460 0.868715 0.840491 0.816436 0.839146
0.912857 0.893965 0.869403 0.840749 0.816878 0.839075
0.914225 0.891231 0.864809 0.839718 0.810665 0.839006
0.910313 0.894346 0.870581 0.840397 0.817472 0.837370
0.914639 0.891960 0.866142 0.838952 0.813738 0.839912
0.913602 0.893555 0.868578 0.839904 0.815320 0.839387
0.911572 0.894115 0.869962 0.841238 0.817212 0.837891
0.913749 0.890669 0.864229 0.839880 0.810088 0.838210
0.910825 0.894137 0.870170 0.840873 0.817650 0.837895
0.914748 0.892514 0.867471 0.838819 0.814260 0.839826
0.913553 0.892644 0.867338 0.840300 0.813189 0.838974
0.911192 0.894260 0.869904 0.841229 0.817365 0.837370
0.914289 0.892428 0.866663 0.838973 0.814537 0.839348
0.911504 0.894148 0.870070 0.840677 0.817962 0.838392
0.914715 0.891533 0.864830 0.838559 0.810890 0.839470
0.913713 0.893314 0.868748 0.840035 0.815921 0.838842
0.913063 0.893528 0.869234 0.840597 0.816743 0.838756
0.914376 0.892599 0.866537 0.839272 0.813976 0.839237
0.908721 0.894421 0.870571 0.841549 0.817260 0.835954
0.914853 0.890428 0.863712 0.838444 0.809867 0.839234
0.913081 0.893543 0.869366 0.840414 0.816979 0.838897
0.912571 0.893830 0.869278 0.841202 0.816989 0.838361
0.913940 0.891909 0.864999 0.839620 0.811503 0.838661
0.908992 0.894584 0.870923 0.840580 0.818201 0.836773
0.914825 0.891279 0.865450 0.838192 0.812435 0.839596
0.914198 0.893335 0.868698 0.838916 0.815318 0.839934
0.911642 0.894209 0.870026 0.840695 0.817187 0.838129
0.913781 0.891612 0.864849 0.839808 0.810589 0.838616
0.909546 0.894225 0.870700 0.840757 0.817647 0.837122
0.914864 0.891562 0.865112 0.838816 0.811629 0.839803
0.912436 0.893111 0.868906 0.840932 0.815546 0.838141
0.912631 0.893929 0.869640 0.841157 0.816710 0.838352
0.915281 0.892292 0.865122 0.838443 0.813424 0.840053
0.907217 0.895120 0.870464 0.841721 0.818038 0.836644
0.914306 0.890540 0.864379 0.838682 0.809841 0.838727
0.915597 0.891656 0.865540 0.837510 0.813308 0.840500
0.910622 0.894413 0.869985 0.840295 0.818235 0.838493
0.913246 0.891694 0.865098 0.839588 0.811232 0.838391
0.911915 0.893216 0.869368 0.840189 0.816130 0.837730
0.913320 0.893748 0.868968 0.839698 0.815579 0.839436
0.914050 0.892938 0.866372 0.838796 0.813658 0.839994
0.910944 0.893647 0.870374 0.840433 0.816372 0.837535
0.913140 0.891958 0.866714 0.840509 0.811564 0.837849
0.913102 0.893556 0.868824 0.840325 0.815204 0.838978
0.913172 0.894066 0.869308 0.840092 0.817110 0.839164
0.914526 0.891571 0.866607 0.839465 0.812965 0.838433
0.911399 0.893250 0.869305 0.840974 0.815616 0.837353
0.913001 0.893718 0.868569 0.840707 0.815939 0.839013
0.913378 0.893642 0.868432 0.840479 0.815746 0.839219
0.913728 0.893527 0.868251 0.840318 0.815577 0.839287
0.914120 0.893371 0.868261 0.840031 0.815619 0.839290
0.914285 0.893192 0.868274 0.839816 0.815865 0.839279
0.914256 0.893181 0.868478 0.840164 0.815836 0.839062
0.913934 0.893159 0.868545 0.840564 0.815710 0.838829
0.913578 0.893183 0.868306 0.840783 0.815531 0.838623
0.913365 0.893306 0.868404 0.841024 0.815498 0.838498
0.913291 0.893352 0.868756 0.840952 0.815727 0.838499
0.913394 0.893398 0.868757 0.840761 0.815809 0.838533
0.913551 0.893397 0.868667 0.840485 0.815614 0.838673
0.913764 0.893408 0.868366 0.840272 0.815347 0.838756
0.914102 0.893352 0.867985 0.840302 0.815101 0.838905
0.914279 0.893300 0.867921 0.840120 0.815092 0.839049
0.914297 0.893286 0.868096 0.840025 0.815176 0.839105
0.914128 0.893227 0.868337 0.840195 0.815295 0.839072
0.913961 0.893268 0.868609 0.840384 0.815527 0.838889
0.913849 0.893373 0.868652 0.840461 0.815800 0.838708
0.913749 0.893253 0.868758 0.840546 0.815730 0.838618
0.913678 0.893143 0.868625 0.840623 0.815726 0.838654
0.913680 0.893149 0.868605 0.840534 0.815634 0.838646
0.913704 0.893120 0.868520 0.840519 0.815438 0.838728
0.913732 0.893103 0.868418 0.840480 0.815194 0.838812
0.913790 0.893262 0.868417 0.840419 0.815290 0.838746
0.913787 0.893454 0.868464 0.840339 0.815394 0.838771
0.913786 0.893507 0.868612 0.840477 0.815542 0.838743
0.913747 0.893540 0.868770 0.840466 0.815752 0.838823
0.913727 0.893578 0.868890 0.840437 0.815924 0.838773
0.913726 0.893499 0.868909 0.840534 0.815921 0.838727
0.913759 0.893444 0.868803 0.840453 0.815896 0.838703
0.913820 0.893312 0.868731 0.840415 0.815752 0.838688
0.913847 0.893169 0.868666 0.840450 0.815536 0.838751
0.913827 0.893066 0.868523 0.840470 0.815330 0.838810
0.913846 0.893065 0.868506 0.840522 0.815266 0.838839
0.913831 0.893090 0.868518 0.840566 0.815305 0.838795
0.913771 0.893176 0.868582 0.840487 0.815360 0.838821
0.913730 0.893308 0.868705 0.840540 0.815478 0.838738
0.913736 0.893430 0.868762 0.840547 0.815660 0.838738
0.913709 0.893495 0.868783 0.840514 0.815742 0.838695
0.913745 0.893482 0.868781 0.840531 0.815736 0.838743
0.913766 0.893463 0.868763 0.840504 0.815672 0.838765
0.913815 0.893436 0.868697 0.840507 0.815618 0.838795
0.913810 0.893383 0.868645 0.840503 0.815572 0.838795
0.913799 0.893289 0.868598 0.840526 0.815491 0.838761
0.913771 0.893256 0.868607 0.840566 0.815494 0.838723
0.913770 0.893251 0.868591 0.840583 0.815501 0.838775
0.913758 0.893297 0.868661 0.840590 0.815524 0.838762
0.913751 0.893319 0.868701 0.840565 0.815561 0.838745
0.913781 0.893360 0.868751 0.840543 0.815566 0.838760
0.913809 0.893380 0.868724 0.840533 0.815540 0.838794
0.913817 0.893383 0.868729 0.840515 0.815544 0.838822
0.913831 0.893351 0.868709 0.840546 0.815490 0.838838
0.913816 0.893347 0.868698 0.840548 0.815469 0.838820
0.913823 0.893352 0.868703 0.840619 0.815437 0.838812
0.913777 0.893342 0.868720 0.840629 0.815423 0.838784
0.913743 0.893316 0.868696 0.840627 0.815467 0.838730
0.913733 0.893298 0.868720 0.840625 0.815475 0.838739
0.913723 0.893319 0.868732 0.840638 0.815472 0.838732
0.913718 0.893310 0.868738 0.840623 0.815461 0.838709
0.913734 0.893305 0.868766 0.840656 0.815444 0.838708
0.913796 0.893316 0.868740 0.840631 0.815423 0.838730
0.913798 0.893288 0.868706 0.840629 0.815402 0.838748
0.913789 0.893285 0.868711 0.840658 0.815403 0.838740
0.913794 0.893290 0.868713 0.840662 0.815385 0.838779
0.913781 0.893305 0.868720 0.840645 0.815369 0.838756
0.913778 0.893296 0.868732 0.840658 0.815400 0.838745
0.913775 0.893307 0.868729 0.840685 0.815399 0.838754
0.913788 0.893292 0.868731 0.840685 0.815357 0.838747
0.913793 0.893282 0.868740 0.840666 0.815320 0.838757
0.913802 0.893271 0.868735 0.840652 0.815336 0.838739
0.913796 0.893279 0.868724 0.840680 0.815322 0.838759
0.913776 0.893285 0.868734 0.840716 0.815336 0.838769
0.913760 0.893326 0.868755 0.840708 0.815347 0.838748
0.913743 0.893340 0.868769 0.840698 0.815344 0.838754
0.913742 0.893340 0.868762 0.840636 0.815348 0.838764
0.913780 0.893322 0.868757 0.840614 0.815360 0.838781
0.913796 0.893313 0.868760 0.840608 0.815344 0.838784
0.913794 0.893300 0.868738 0.840599 0.815340 0.838791
0.913787 0.893312 0.868727 0.840582 0.815331 0.838790
0.913781 0.893304 0.868736 0.840582 0.815325 0.838795
0.913778 0.893321 0.868733 0.840579 0.815304 0.838777
0.913785 0.893310 0.868726 0.840598 0.815286 0.838782
0.913778 0.893307 0.868742 0.840616 0.815286 0.838801
0.913771 0.893311 0.868746 0.840636 0.815277 0.838783
0.913764 0.893306 0.868749 0.840623 0.815275 0.838802
0.913766 0.893301 0.868736 0.840597 0.815285 0.838809
0.913783 0.893311 0.868731 0.840595 0.815300 0.838812
0.913778 0.893314 0.868727 0.840603 0.815307 0.838816
0.913778 0.893314 0.868730 0.840597 0.815304 0.838815
0.913793 0.893313 0.868713 0.840572 0.815296 0.838814
0.913779 0.893305 0.868712 0.840575 0.815269 0.838813
0.913778 0.893293 0.868716 0.840588 0.815274 0.838824
0.913777 0.893288 0.868712 0.840586 0.815276 0.838836
0.913771 0.893295 0.868712 0.840587 0.815288 0.838841
0.913764 0.893295 0.868715 0.840603 0.815304 0.838836
0.913765 0.893287 0.868719 0.840621 0.815302 0.838825
0.913759 0.893287 0.868716 0.840638 0.815301 0.838821
0.913762 0.893287 0.868724 0.840632 0.815304 0.838824
0.913765 0.893283 0.868706 0.840616 0.815261 0.838836
0.913764 0.893290 0.868697 0.840622 0.815260 0.838830
0.913750 0.893287 0.868701 0.840620 0.815264 0.838827
0.913756 0.893287 0.868705 0.840618 0.815257 0.838827
0.913756 0.893291 0.868705 0.840602 0.815273 0.838822
0.913755 0.893303 0.868705 0.840604 0.815266 0.838818
0.913778 0.893303 0.868687 0.840608 0.815254 0.838818
0.913790 0.893303 0.868675 0.840572 0.815248 0.838814
0.913779 0.893303 0.868679 0.840553 0.815241 0.838814
0.913779 0.893311 0.868683 0.840541 0.815244 0.838823
0.913768 0.893311 0.868683 0.840556 0.815244 0.838827
0.913779 0.893303 0.868695 0.840601 0.815221 0.838836
0.913779 0.893296 0.868699 0.840586 0.815225 0.838836
0.913783 0.893309 0.868708 0.840576 0.815246 0.838832
0.913776 0.893312 0.868703 0.840597 0.815237 0.838828
0.913768 0.893312 0.868707 0.840584 0.815225 0.838828
0.913771 0.893311 0.868703 0.840582 0.815217 0.838828
0.913754 0.893307 0.868703 0.840592 0.815248 0.838830
0.913746 0.893307 0.868695 0.840590 0.815249 0.838826
0.913753 0.893303 0.868708 0.840593 0.815249 0.838841
0.913746 0.893291 0.868699 0.840587 0.815249 0.838844
0.913746 0.893287 0.868703 0.840608 0.815253 0.838836
0.913746 0.893283 0.868698 0.840602 0.815255 0.838840
0.913749 0.893291 0.868695 0.840626 0.815266 0.838840
0.913742 0.893271 0.868689 0.840630 0.815262 0.838837
0.913738 0.893271 0.868688 0.840639 0.815239 0.838836
0.913741 0.893287 0.868692 0.840624 0.815242 0.838840
0.913743 0.893294 0.868683 0.840646 0.815240 0.838835
0.913749 0.893282 0.868682 0.840613 0.815243 0.838835
0.913752 0.893282 0.868674 0.840611 0.815244 0.838839
0.913772 0.893282 0.868673 0.840608 0.815242 0.838847
0.913775 0.893282 0.868665 0.840615 0.815218 0.838840
0.913768 0.893282 0.868669 0.840609 0.815231 0.838827
0.913762 0.893282 0.868675 0.840631 0.815227 0.838824
0.913774 0.893287 0.868684 0.840635 0.815216 0.838816
0.913780 0.893294 0.868679 0.840600 0.815204 0.838813
0.913793 0.893294 0.868682 0.840614 0.815207 0.838817
0.913796 0.893294 0.868677 0.840612 0.815201 0.838817
0.913785 0.893294 0.868681 0.840620 0.815203 0.838809
0.913781 0.893282 0.868682 0.840619 0.815200 0.838810
0.913778 0.893287 0.868691 0.840593 0.815197 0.838807
0.913788 0.893292 0.868700 0.840592 0.815193 0.838803
0.913781 0.893299 0.868691 0.840596 0.815189 0.838799
0.913765 0.893307 0.868687 0.840608 0.815164 0.838811
0.913765 0.893303 0.868678 0.840605 0.815146 0.838812
0.913748 0.893299 0.868683 0.840617 0.815138 0.838809
0.913740 0.893292 0.868687 0.840611 0.815149 0.838814
0.913754 0.893292 0.868684 0.840617 0.815157 0.838802
0.913758 0.893280 0.868684 0.840637 0.815155 0.838794
0.913754 0.893284 0.868688 0.840673 0.815153 0.838787
0.913751 0.893300 0.868692 0.840649 0.815134 0.838789
0.913733 0.893295 0.868692 0.840653 0.815115 0.838784
0.913746 0.893306 0.868689 0.840630 0.815090 0.838790
0.913750 0.893302 0.868705 0.840630 0.815104 0.838799
0.913740 0.893311 0.868697 0.840637 0.815101 0.838799
0.913734 0.893307 0.868702 0.840629 0.815117 0.838783
0.913734 0.893307 0.868703 0.840581 0.815107 0.838787
0.913730 0.893303 0.868702 0.840581 0.815116 0.838787
0.913743 0.893302 0.868692 0.840583 0.815114 0.838806
0.913753 0.893298 0.868687 0.840578 0.815116 0.838805
0.913746 0.893309 0.868691 0.840595 0.815116 0.838784
0.913740 0.893306 0.868684 0.840595 0.815104 0.838789
0.913740 0.893311 0.868701 0.840576 0.815104 0.838798
0.913742 0.893299 0.868697 0.840557 0.815103 0.838787
0.913738 0.893294 0.868688 0.840544 0.815069 0.838803
0.913734 0.893293 0.868699 0.840506 0.815056 0.838797
0.913738 0.893294 0.868712 0.840516 0.815064 0.838799
0.913745 0.893289 0.868699 0.840533 0.815062 0.838800
0.913748 0.893302 0.868699 0.840518 0.815072 0.838800
0.913745 0.893310 0.868699 0.840511 0.815068 0.838800
0.913742 0.893310 0.868708 0.840500 0.815066 0.838803
0.913755 0.893298 0.868703 0.840506 0.815054 0.838803
0.913752 0.893302 0.868706 0.840529 0.815051 0.838782
0.913745 0.893306 0.868710 0.840544 0.815055 0.838774
0.913738 0.893299 0.868719 0.840539 0.815037 0.838778
0.913738 0.893299 0.868715 0.840521 0.815026 0.838770
0.913731 0.893287 0.868719 0.840531 0.815033 0.838775
0.913731 0.893287 0.868715 0.840526 0.815037 0.838768
0.913745 0.893294 0.868719 0.840516 0.815041 0.838776
0.913741 0.893294 0.868731 0.840532 0.815048 0.838794
0.913734 0.893287 0.868724 0.840533 0.815037 0.838786
0.913731 0.893287 0.868732 0.840500 0.815023 0.838781
0.913737 0.893287 0.868732 0.840500 0.815020 0.838776
0.913734 0.893287 0.868732 0.840500 0.815030 0.838776
0.913723 0.893291 0.868739 0.840496 0.815027 0.838780
0.913713 0.893302 0.868727 0.840497 0.815014 0.838776
0.913710 0.893286 0.868711 0.840508 0.815015 0.838784
0.913710 0.893286 0.868702 0.840512 0.814999 0.838775
0.913716 0.893278 0.868710 0.840510 0.814995 0.838758
0.913723 0.893269 0.868713 0.840513 0.814998 0.838758
0.913729 0.893269 0.868721 0.840509 0.814996 0.838748
0.913729 0.893269 0.868719 0.840519 0.814994 0.838752
0.913726 0.893265 0.868711 0.840501 0.814999 0.838758
0.913737 0.893270 0.868719 0.840524 0.815018 0.838751
0.913741 0.893278 0.868725 0.840539 0.815026 0.838765
0.913735 0.893283 0.868714 0.840541 0.815022 0.838774
0.913738 0.893276 0.868707 0.840546 0.815008 0.838780
0.913735 0.893276 0.868710 0.840548 0.815000 0.838754
0.913734 0.893271 0.868719 0.840536 0.814986 0.838758
0.913738 0.893267 0.868714 0.840532 0.814989 0.838754
0.913752 0.893267 0.868713 0.840545 0.815008 0.838767
0.913749 0.893255 0.868724 0.840540 0.815008 0.838759
0.913749 0.893264 0.868721 0.840561 0.815012 0.838757
0.913742 0.893265 0.868714 0.840544 0.815005 0.838754
0.913739 0.893269 0.868715 0.840539 0.815002 0.838753
0.913748 0.893277 0.868706 0.840540 0.815018 0.838752
0.913745 0.893280 0.868709 0.840540 0.815027 0.838751
0.913745 0.893280 0.868719 0.840540 0.815035 0.838754
0.913745 0.893280 0.868716 0.840561 0.815033 0.838754
0.913742 0.893284 0.868704 0.840561 0.815029 0.838762
0.913748 0.893284 0.868707 0.840545 0.815026 0.838767
0.913752 0.893277 0.868694 0.840547 0.815035 0.838759
0.913745 0.893289 0.868695 0.840553 0.815034 0.838754
0.913742 0.893296 0.868690 0.840564 0.815052 0.838754
0.913742 0.893304 0.868701 0.840564 0.815049 0.838761
0.913758 0.893299 0.868707 0.840538 0.815066 0.838768
0.913752 0.893291 0.868707 0.840549 0.815059 0.838768
0.913758 0.893307 0.868708 0.840536 0.815068 0.838768
0.913758 0.893300 0.868700 0.840540 0.815064 0.838756
0.913762 0.893301 0.868700 0.840558 0.815070 0.838741
0.913756 0.893301 0.868708 0.840581 0.815084 0.838731
0.913756 0.893301 0.868714 0.840577 0.815094 0.838732
0.913766 0.893301 0.868730 0.840577 0.815092 0.838735
0.913769 0.893301 0.868721 0.840567 0.815091 0.838740
0.913760 0.893298 0.868726 0.840558 0.815088 0.838731
0.913760 0.893293 0.868712 0.840579 0.815087 0.838731
0.913763 0.893289 0.868719 0.840578 0.815080 0.838751
0.913773 0.893285 0.868716 0.840560 0.815073 0.838762
0.913773 0.893288 0.868716 0.840555 0.815077 0.838754
0.913753 0.893288 0.868721 0.840595 0.815072 0.838751
0.913754 0.893292 0.868726 0.840607 0.815079 0.838752
0.913744 0.893290 0.868722 0.840608 0.815080 0.838744
0.913757 0.893290 0.868720 0.840596 0.815069 0.838739
0.913744 0.893295 0.868712 0.840621 0.815073 0.838744
0.913744 0.893302 0.868720 0.840606 0.815056 0.838752
0.913747 0.893294 0.868731 0.840599 0.815066 0.838744
0.913753 0.893305 0.868730 0.840597 0.815057 0.838744
0.913759 0.893305 0.868721 0.840606 0.815045 0.838734
0.913753 0.893302 0.868731 0.840617 0.815053 0.838728
0.913753 0.893315 0.868736 0.840633 0.815050 0.838734
0.913761 0.893311 0.868735 0.840612 0.815059 0.838730
0.913774 0.893319 0.868738 0.840612 0.815047 0.838742
0.913758 0.893322 0.868747 0.840613 0.815045 0.838735
0.913754 0.893323 0.868751 0.840614 0.815057 0.838743
0.913747 0.893323 0.868751 0.840603 0.815060 0.838734
0.913767 0.893311 0.868747 0.840606 0.815052 0.838725
0.913767 0.893299 0.868751 0.840616 0.815051 0.838738
0.913767 0.893302 0.868760 0.840627 0.815056 0.838734
0.913753 0.893309 0.868772 0.840622 0.815060 0.838734
0.913745 0.893305 0.868772 0.840622 0.815033 0.838729
0.913749 0.893309 0.868762 0.840622 0.815030 0.838734
0.913742 0.893313 0.868762 0.840619 0.815038 0.838736
0.913746 0.893313 0.868756 0.840619 0.815041 0.838736
0.913740 0.893298 0.868760 0.840615 0.815034 0.838719
0.913740 0.893306 0.868772 0.840635 0.815034 0.838732
0.913740 0.893310 0.868779 0.840640 0.815033 0.838738
0.913746 0.893314 0.868783 0.840638 0.815033 0.838737
0.913756 0.893308 0.868769 0.840623 0.815024 0.838723
0.913756 0.893312 0.868761 0.840624 0.815031 0.838736
0.913760 0.893321 0.868791 0.840619 0.815044 0.838754
0.913744 0.893310 0.868791 0.840631 0.815044 0.838747
0.913750 0.893310 0.868787 0.840635 0.815030 0.838747
0.913747 0.893310 0.868787 0.840629 0.815030 0.838752
0.913744 0.893314 0.868788 0.840640 0.815038 0.838751
0.913743 0.893317 0.868787 0.840634 0.815041 0.838734
0.913750 0.893309 0.868774 0.840634 0.815029 0.838734
0.913744 0.893318 0.868780 0.840652 0.815047 0.838757
0.913724 0.893311 0.868792 0.840640 0.815053 0.838741
0.913731 0.893314 0.868800 0.840640 0.815066 0.838729
0.913737 0.893303 0.868792 0.840643 0.815047 0.838733
0.913740 0.893303 0.868792 0.840637 0.815059 0.838725
0.913744 0.893307 0.868796 0.840648 0.815045 0.838729
0.913734 0.893314 0.868788 0.840634 0.815045 0.838733
0.913723 0.893306 0.868783 0.840634 0.815020 0.838729
0.913717 0.893308 0.868775 0.840658 0.815048 0.838733
0.913717 0.893308 0.868775 0.840662 0.815049 0.838734
0.913729 0.893298 0.868779 0.840638 0.815022 0.838729
0.913733 0.893310 0.868769 0.840652 0.815014 0.838732
0.913727 0.893303 0.868782 0.840661 0.815042 0.838742
0.913718 0.893312 0.868794 0.840660 0.815039 0.838742
0.913711 0.893308 0.868798 0.840638 0.815024 0.838753
0.913731 0.893303 0.868781 0.840648 0.815027 0.838744
0.913734 0.893311 0.868773 0.840653 0.815028 0.838744
0.913725 0.893314 0.868773 0.840673 0.815016 0.838732
0.913734 0.893307 0.868781 0.840656 0.815025 0.838740
0.913721 0.893311 0.868793 0.840652 0.815022 0.838740
0.913718 0.893315 0.868793 0.840656 0.815024 0.838740
0.913718 0.893315 0.868794 0.840673 0.815021 0.838733
0.913725 0.893319 0.868801 0.840688 0.815021 0.838744
0.913728 0.893319 0.868805 0.840682 0.815010 0.838750
0.913722 0.893323 0.868797 0.840691 0.815010 0.838750
0.913722 0.893319 0.868797 0.840703 0.815002 0.838741
0.913726 0.893315 0.868789 0.840702 0.815021 0.838741
0.913732 0.893311 0.868785 0.840691 0.815017 0.838758
0.913722 0.893331 0.868810 0.840695 0.815017 0.838754
0.913726 0.893326 0.868809 0.840707 0.815020 0.838735
0.913733 0.893322 0.868813 0.840696 0.815016 0.838731
0.913735 0.893322 0.868797 0.840685 0.815009 0.838745
0.913728 0.893323 0.868793 0.840685 0.815002 0.838744
0.913725 0.893323 0.868797 0.840697 0.815005 0.838736
0.913726 0.893319 0.868802 0.840710 0.815006 0.838737
0.913716 0.893319 0.868801 0.840706 0.815012 0.838737
0.913729 0.893315 0.868801 0.840710 0.815010 0.838728
0.913728 0.893314 0.868800 0.840677 0.814997 0.838736
0.913725 0.893319 0.868801 0.840682 0.815003 0.838732
0.913726 0.893326 0.868797 0.840689 0.814994 0.838732
0.913722 0.893318 0.868792 0.840694 0.814986 0.838736
0.913715 0.893310 0.868787 0.840684 0.814996 0.838735
0.913712 0.893314 0.868791 0.840669 0.815011 0.838724
0.913709 0.893311 0.868792 0.840665 0.814998 0.838711
0.913716 0.893319 0.868797 0.840659 0.814995 0.838708
0.913715 0.893319 0.868792 0.840653 0.814991 0.838728
0.913719 0.893320 0.868792 0.840665 0.814998 0.838721
0.913727 0.893312 0.868790 0.840672 0.814997 0.838717
0.913710 0.893305 0.868798 0.840684 0.814986 0.838693
0.913717 0.893313 0.868799 0.840689 0.814978 0.838693
0.913710 0.893311 0.868802 0.840692 0.814990 0.838692
0.913716 0.893314 0.868805 0.840688 0.814993 0.838692
0.913716 0.893322 0.868797 0.840682 0.814979 0.838677
0.913720 0.893322 0.868793 0.840693 0.814987 0.838677
0.913716 0.893326 0.868793 0.840685 0.814984 0.838677
0.913720 0.893326 0.868805 0.840676 0.814985 0.838678
0.913730 0.893322 0.868797 0.840681 0.814997 0.838693
0.913740 0.893322 0.868808 0.840698 0.814999 0.838697
0.913737 0.893326 0.868808 0.840713 0.814999 0.838701
0.913737 0.893318 0.868799 0.840703 0.814999 0.838693
0.913736 0.893314 0.868795 0.840697 0.814998 0.838698
0.913736 0.893314 0.868791 0.840710 0.815005 0.838697
0.913736 0.893315 0.868799 0.840692 0.814998 0.838685
0.913737 0.893328 0.868821 0.840705 0.814997 0.838698
0.913737 0.893317 0.868826 0.840719 0.814993 0.838701
0.913738 0.893309 0.868824 0.840720 0.814994 0.838710
0.913738 0.893309 0.868824 0.840721 0.814978 0.838710
0.913738 0.893309 0.868827 0.840720 0.814988 0.838705
0.913737 0.893313 0.868819 0.840709 0.814995 0.838713
0.913737 0.893317 0.868823 0.840708 0.814993 0.838699
0.913740 0.893320 0.868826 0.840713 0.814990 0.838710
0.913743 0.893315 0.868828 0.840724 0.815005 0.838718
0.913746 0.893308 0.868829 0.840719 0.814997 0.838699
0.913738 0.893308 0.868831 0.840725 0.814995 0.838690
0.913738 0.893308 0.868823 0.840731 0.814993 0.838677
0.913748 0.893308 0.868815 0.840737 0.815002 0.838674
0.913758 0.893316 0.868818 0.840742 0.815002 0.838682
0.913745 0.893312 0.868831 0.840739 0.814996 0.838690
0.913742 0.893308 0.868819 0.840729 0.815002 0.838698
0.913752 0.893308 0.868810 0.840725 0.815009 0.838702
0.913755 0.893312 0.868818 0.840736 0.815002 0.838705
0.913762 0.893320 0.868814 0.840730 0.815004 0.838701
0.913766 0.893324 0.868810 0.840735 0.815008 0.838690
0.913759 0.893324 0.868810 0.840747 0.815021 0.838697
0.913773 0.893320 0.868810 0.840742 0.815031 0.838701
0.913756 0.893320 0.868803 0.840734 0.815032 0.838686
0.913754 0.893321 0.868812 0.840746 0.815044 0.838683
0.913750 0.893329 0.868815 0.840742 0.815047 0.838683
0.913753 0.893336 0.868815 0.840741 0.815035 0.838692
0.913760 0.893328 0.868815 0.840726 0.815043 0.838701
0.913763 0.893320 0.868815 0.840732 0.815029 0.838701
0.913770 0.893320 0.868814 0.840740 0.815026 0.838720
0.913763 0.893324 0.868818 0.840767 0.815010 0.838711
0.913757 0.893328 0.868802 0.840769 0.815018 0.838715
0.913757 0.893332 0.868798 0.840768 0.815012 0.838716
0.913764 0.893329 0.868807 0.840747 0.815005 0.838704
0.913761 0.893336 0.868802 0.840738 0.815012 0.838695
0.913767 0.893328 0.868793 0.840738 0.815018 0.838695
0.913770 0.893328 0.868793 0.840746 0.815013 0.838711
0.913761 0.893332 0.868781 0.840742 0.815008 0.838695
0.913757 0.893318 0.868802 0.840753 0.815017 0.838695
0.913760 0.893313 0.868807 0.840752 0.815007 0.838683
0.913770 0.893325 0.868802 0.840739 0.815011 0.838689
0.913755 0.893320 0.868797 0.840733 0.815020 0.838679
0.913756 0.893332 0.868814 0.840729 0.815017 0.838680
0.913763 0.893325 0.868799 0.840736 0.815018 0.838666
0.913756 0.893321 0.868795 0.840737 0.815018 0.838678
0.913760 0.893320 0.868790 0.840717 0.815021 0.838676
0.913760 0.893312 0.868793 0.840728 0.815024 0.838665
0.913767 0.893312 0.868786 0.840735 0.815032 0.838649
0.913757 0.893312 0.868789 0.840736 0.815037 0.838666
0.913750 0.893323 0.868793 0.840720 0.815026 0.838693
0.913757 0.893327 0.868798 0.840716 0.815019 0.838694
0.913761 0.893320 0.868810 0.840723 0.815023 0.838682
0.913764 0.893324 0.868802 0.840729 0.815037 0.838691
0.913764 0.893316 0.868797 0.840729 0.815030 0.838691
0.913772 0.893320 0.868798 0.840731 0.815035 0.838684
0.913775 0.893309 0.868802 0.840738 0.815039 0.838681
0.913775 0.893317 0.868795 0.840739 0.815038 0.838681
0.913768 0.893317 0.868790 0.840743 0.815027 0.838697
0.913768 0.893320 0.868802 0.840731 0.815037 0.838697
0.913768 0.893305 0.868805 0.840738 0.815029 0.838696
0.913775 0.893309 0.868805 0.840750 0.815026 0.838684
0.913772 0.893317 0.868806 0.840746 0.815041 0.838684
0.913779 0.893313 0.868806 0.840737 0.815029 0.838681
0.913779 0.893313 0.868806 0.840726 0.815022 0.838680
0.913779 0.893313 0.868806 0.840734 0.815024 0.838684
0.913775 0.893316 0.868814 0.840734 0.815030 0.838697
0.913772 0.893331 0.868817 0.840745 0.815026 0.838682
0.913769 0.893324 0.868810 0.840745 0.815026 0.838686
0.913762 0.893325 0.868815 0.840751 0.815032 0.838683
0.913772 0.893328 0.868814 0.840741 0.815040 0.838691
0.913776 0.893331 0.868814 0.840729 0.815045 0.838691
0.913776 0.893335 0.868810 0.840756 0.815042 0.838690
0.913772 0.893320 0.868806 0.840767 0.815035 0.838682
0.913769 0.893324 0.868815 0.840772 0.815027 0.838688
0.913765 0.893344 0.868824 0.840754 0.815023 0.838688
0.913766 0.893329 0.868828 0.840760 0.815021 0.838689
0.913762 0.893322 0.868819 0.840751 0.815030 0.838691
0.913766 0.893326 0.868819 0.840741 0.815027 0.838696
0.913766 0.893330 0.868825 0.840760 0.815024 0.838674
0.913769 0.893334 0.868829 0.840748 0.815017 0.838673
0.913775 0.893344 0.868824 0.840756 0.815016 0.838655
0.913767 0.893333 0.868833 0.840743 0.815026 0.838651
0.913763 0.893330 0.868849 0.840730 0.815021 0.838666
0.913760 0.893335 0.868850 0.840737 0.815027 0.838676
0.913763 0.893335 0.868854 0.840731 0.815028 0.838672
0.913766 0.893338 0.868859 0.840756 0.815032 0.838664
0.913773 0.893330 0.868858 0.840755 0.815038 0.838662
0.913777 0.893334 0.868854 0.840747 0.815031 0.838669
0.913784 0.893334 0.868861 0.840743 0.815021 0.838658
0.913788 0.893334 0.868859 0.840719 0.815037 0.838663
0.913791 0.893339 0.868872 0.840712 0.815040 0.838668
0.913795 0.893339 0.868872 0.840717 0.815052 0.838657
0.913785 0.893347 0.868872 0.840723 0.815040 0.838657
0.913784 0.893339 0.868876 0.840722 0.815046 0.838669
0.913787 0.893338 0.868880 0.840739 0.815030 0.838667
0.913790 0.893338 0.868880 0.840739 0.815037 0.838671
0.913794 0.893342 0.868883 0.840726 0.815041 0.838671
0.913801 0.893339 0.868884 0.840717 0.815042 0.838671
0.913805 0.893339 0.868889 0.840751 0.815033 0.838678
0.913809 0.893356 0.868898 0.840751 0.815038 0.838680
0.913802 0.893355 0.868901 0.840735 0.815040 0.838678
0.913802 0.893351 0.868892 0.840746 0.815040 0.838677
0.913805 0.893354 0.868883 0.840730 0.815033 0.838668
0.913805 0.893350 0.868879 0.840735 0.815036 0.838668
0.913799 0.893347 0.868884 0.840746 0.815042 0.838664
0.913799 0.893343 0.868881 0.840763 0.815035 0.838673
0.913802 0.893343 0.868897 0.840752 0.815039 0.838670
0.913802 0.893335 0.868886 0.840746 0.815031 0.838661
0.913802 0.893335 0.868900 0.840752 0.815031 0.838665
0.913803 0.893339 0.868905 0.840763 0.815035 0.838670
0.913792 0.893347 0.868897 0.840765 0.815038 0.838654
0.913791 0.893343 0.868893 0.840757 0.815044 0.838662
0.913787 0.893343 0.868893 0.840730 0.815040 0.838664
0.913798 0.893347 0.868889 0.840748 0.815028 0.838662
0.913803 0.893339 0.868896 0.840734 0.815037 0.838661
0.913799 0.893343 0.868879 0.840731 0.815044 0.838661
0.913809 0.893343 0.868883 0.840739 0.815047 0.838649
0.913799 0.893351 0.868880 0.840722 0.815052 0.838643
0.913783 0.893347 0.868889 0.840744 0.815035 0.838631
0.913793 0.893347 0.868884 0.840727 0.815043 0.838647
0.913796 0.893347 0.868890 0.840730 0.815056 0.838637
0.913796 0.893343 0.868886 0.840724 0.815060 0.838633
0.913793 0.893343 0.868878 0.840718 0.815056 0.838627
0.913799 0.893343 0.868882 0.840726 0.815045 0.838635
0.913799 0.893343 0.868891 0.840720 0.815051 0.838628
0.913793 0.893339 0.868891 0.840744 0.815043 0.838629
0.913789 0.893355 0.868900 0.840734 0.815037 0.838634
0.913786 0.893354 0.868907 0.840737 0.815037 0.838645
0.913793 0.893342 0.868903 0.840742 0.815058 0.838649
0.913803 0.893342 0.868902 0.840744 0.815056 0.838640
0.913793 0.893346 0.868904 0.840760 0.815075 0.838633
0.913800 0.893351 0.868896 0.840756 0.815079 0.838637
0.913807 0.893338 0.868896 0.840763 0.815082 0.838621
0.913807 0.893335 0.868888 0.840754 0.815087 0.838625
0.913801 0.893351 0.868892 0.840749 0.815088 0.838618
0.913784 0.893359 0.868908 0.840744 0.815077 0.838634
0.913799 0.893349 0.868904 0.840737 0.815064 0.838654
0.913800 0.893346 0.868901 0.840753 0.815072 0.838651
0.913793 0.893346 0.868898 0.840755 0.815075 0.838640
0.913793 0.893338 0.868905 0.840744 0.815074 0.838631
0.913796 0.893326 0.868888 0.840733 0.815064 0.838626
0.913796 0.893326 0.868892 0.840752 0.815064 0.838630
0.913807 0.893326 0.868888 0.840752 0.815090 0.838639
0.913801 0.893326 0.868879 0.840758 0.815091 0.838639
0.913801 0.893326 0.868892 0.840755 0.815099 0.838639
0.913807 0.893318 0.868892 0.840740 0.815095 0.838631
0.913804 0.893318 0.868889 0.840745 0.815092 0.838640
0.913792 0.893318 0.868898 0.840761 0.815101 0.838620
0.913779 0.893326 0.868906 0.840763 0.815114 0.838617
0.913801 0.893326 0.868893 0.840760 0.815104 0.838632
0.913817 0.893322 0.868884 0.840746 0.815094 0.838633
0.913807 0.893322 0.868876 0.840774 0.815093 0.838629
0.913794 0.893326 0.868882 0.840767 0.815092 0.838611
0.913788 0.893335 0.868886 0.840764 0.815101 0.838597
0.913798 0.893330 0.868889 0.840781 0.815112 0.838594
0.913801 0.893330 0.868889 0.840777 0.815112 0.838602
0.913802 0.893347 0.868886 0.840769 0.815116 0.838595
0.913798 0.893355 0.868882 0.840778 0.815115 0.838607
0.913801 0.893354 0.868886 0.840776 0.815111 0.838603
0.913801 0.893351 0.868877 0.840774 0.815104 0.838594
0.913778 0.893347 0.868891 0.840769 0.815120 0.838587
0.913778 0.893347 0.868887 0.840770 0.815121 0.838583
0.913800 0.893347 0.868891 0.840750 0.815112 0.838591
0.913797 0.893338 0.868877 0.840742 0.815092 0.838590
0.913787 0.893330 0.868877 0.840756 0.815085 0.838590
0.913794 0.893326 0.868872 0.840758 0.815084 0.838590
0.913807 0.893330 0.868872 0.840761 0.815088 0.838581
0.913804 0.893339 0.868869 0.840756 0.815084 0.838577
0.913810 0.893330 0.868865 0.840751 0.815077 0.838581
0.913801 0.893330 0.868872 0.840737 0.815090 0.838594
0.913791 0.893334 0.868877 0.840735 0.815087 0.838602
0.913794 0.893334 0.868877 0.840753 0.815088 0.838600
0.913804 0.893330 0.868877 0.840739 0.815093 0.838596
