2.135015
5.966854
1.542329
8.550859
1.672391
1.536407
1.677559
1.538154
1.354439
1.273826
1.278838
1.212028
1.163045
1.151085
1.113561
1.059604
1.040421
1.019248
1.000064
0.971848
0.974018
0.939042
0.907837
0.906232
0.889879
0.878007
0.846087
0.861111
0.864166
0.811590
0.846974
0.784312
0.807298
0.778803
0.787548
0.775712
0.768085
0.772288
0.759098
0.760782
0.755696
0.751477
0.753287
0.742745
0.748037
0.748863
0.745401
0.742079
0.741132
0.739269
0.740700
0.739983
0.741977
0.734769
0.735381
0.734894
0.732482
0.732925
0.730210
0.729316
0.729374
0.728308
0.726475
0.727175
0.724570
0.726033
0.724836
0.723037
0.724545
0.723070
0.723716
0.724256
0.726091
0.729232
0.729265
0.721647
0.724559
0.723996
0.722979
0.723089
0.723651
0.720414
0.720365
0.721316
0.719389
0.719832
0.720115
0.719180
0.718185
0.719498
0.720233
0.721865
0.719551
0.718070
0.717097
0.718058
0.718358
0.718658
0.718597
0.718782
0.718695
0.718290
0.717585
0.717182
0.716170
0.715976
0.715501
0.715830
0.715931
0.717283
0.720112
0.729576
0.735053
0.731471
0.717663
0.727057
0.720154
0.721227
0.722634
0.719480
0.722432
0.717443
0.721220
0.717164
0.719583
0.717350
0.717247
0.717913
0.715285
0.717549
0.717344
0.714910
0.716668
0.715927
0.714519
0.716144
0.716575
0.714575
0.714642
0.716291
0.715184
0.713822
0.714412
0.714744
0.713930
0.713334
0.713825
0.713891
0.713249
0.713050
0.713315
0.713605
0.713616
0.713075
0.712776
0.712479
0.712372
0.712310
0.712311
0.712505
0.713005
0.714795
0.718476
0.726241
0.729643
0.717665
0.714469
0.723256
0.716331
0.715058
0.719710
0.713857
0.716159
0.717006
0.713457
0.716555
0.714149
0.713445
0.715688
0.713603
0.712600
0.714164
0.713160
0.712127
0.713334
0.713098
0.711732
0.712215
0.713056
0.712850
0.711761
0.711512
0.712156
0.712430
0.712036
0.711342
0.711150
0.711437
0.711754
0.711674
0.711232
0.710916
0.710819
0.710973
0.711211
0.711532
0.711929
0.712135
0.712068
0.711721
0.711340
0.710969
0.710689
0.710499
0.710408
0.710343
0.710302
0.710247
0.710223
0.710182
0.710167
0.710150
0.710240
0.710683
0.712543
0.720281
0.740200
0.757964
0.732363
0.721377
0.740414
0.720677
0.738466
0.723143
0.726299
0.721369
0.722700
0.721847
0.721276
0.717783
0.719751
0.716490
0.718772
0.715545
0.715401
0.716271
0.713577
0.715873
0.713867
0.714075
0.714011
0.712706
0.713331
0.712649
0.712284
0.712642
0.712094
0.711975
0.712167
0.711301
0.711926
0.711324
0.711330
0.711155
0.711218
0.710959
0.710929
0.710985
0.710861
0.710613
0.710644
0.710538
0.710544
0.710266
0.710348
0.710201
0.710238
0.710033
0.710062
0.709993
0.710000
0.709857
0.709823
0.709757
0.709752
0.709737
0.709699
0.709695
0.709612
0.709581
0.709491
0.709458
0.709396
0.709357
0.709332
0.709288
0.709278
0.709239
0.709232
0.709237
0.709311
0.709537
0.710170
0.711502
0.714683
0.717548
0.720026
0.713751
0.709857
0.713237
0.713296
0.709950
0.711064
0.712653
0.710460
0.709882
0.711529
0.710933
0.709236
0.710150
0.711149
0.710219
0.709096
0.709549
0.710225
0.710088
0.709221
0.708915
0.709421
0.709742
0.709773
0.709282
0.708843
0.708832
0.709028
0.709453
0.709499
0.709517
0.709316
0.708932
0.708750
0.708484
0.708616
0.708702
0.708995
0.709401
0.709713
0.710116
0.710223
0.710204
0.709869
0.709394
0.708884
0.708466
0.708324
0.708238
0.708234
0.708411
0.708750
0.709187
0.710228
0.711697
0.713145
0.714323
0.712456
0.709648
0.708417
0.709856
0.711790
0.711613
0.709784
0.708531
0.708701
0.709929
0.710217
0.709538
0.708879
0.708066
0.708371
0.709017
0.709369
0.709845
0.709335
0.708941
0.708314
0.707901
0.708003
0.708077
0.708550
0.709180
0.709820
0.711395
0.712772
0.712723
0.711170
0.708271
0.708587
0.709916
0.711634
0.712299
0.710255
0.709355
0.708560
0.710608
0.711169
0.710613
0.709936
0.708118
0.709099
0.709327
0.710464
0.709931
0.708961
0.708472
0.707927
0.708836
0.709313
0.709720
0.709535
0.709065
0.708560
0.707960
0.707886
0.708191
0.708646
0.709126
0.709759
0.709716
0.709616
0.708402
0.707911
0.707494
0.708060
0.709073
0.710041
0.711310
0.710803
0.710064
0.707979
0.707651
0.708170
0.709433
0.709962
0.709316
0.708550
0.707392
0.707442
0.707817
0.708776
0.709304
0.709511
0.709283
0.708421
0.707608
0.707064
0.707479
0.707844
0.708613
0.709364
0.709870
0.710314
0.709170
0.708120
0.707107
0.707119
0.707692
0.708566
0.709474
0.709716
0.709673
0.708591
0.707559
0.706862
0.707086
0.707750
0.708617
0.709406
0.709716
0.709670
0.708494
0.707342
0.706774
0.707017
0.707812
0.708788
0.709765
0.710142
0.710112
0.708922
0.707506
0.706728
0.707036
0.708012
0.709086
0.709709
0.709660
0.708756
0.707484
0.706647
0.706787
0.707561
0.708524
0.709095
0.709391
0.708964
0.707599
0.706762
0.706584
0.706897
0.707557
0.708388
0.708912
0.709308
0.709255
0.708310
0.707228
0.706553
0.706469
0.707044
0.707787
0.708433
0.709306
0.709898
0.709587
0.708567
0.707286
0.706442
0.706581
0.707382
0.708283
0.709076
0.709198
0.708842
0.707709
0.706560
0.706199
0.706648
0.707530
0.708641
0.709544
0.709685
0.709176
0.707670
0.706467
0.706271
0.706945
0.707891
0.708650
0.709188
0.709282
0.707729
0.706753
0.706623
0.706543
0.707605
0.708655
0.708963
0.709481
0.709746
0.706888
0.707452
0.709450
0.708201
0.713430
0.712882
0.710687
0.708750
0.708541
0.710330
0.711006
0.710706
0.713424
0.709578
0.710384
0.707500
0.710416
0.708702
0.709476
0.708428
0.707733
0.707824
0.706885
0.708187
0.707671
0.708619
0.707824
0.707788
0.707352
0.706466
0.706800
0.706228
0.706968
0.706720
0.707433
0.707504
0.707435
0.707213
0.706949
0.706622
0.706389
0.706016
0.706066
0.705806
0.706055
0.706114
0.706582
0.707284
0.708894
0.711680
0.715608
0.716378
0.712846
0.706866
0.709115
0.712453
0.709517
0.706438
0.708810
0.709781
0.707708
0.706288
0.708182
0.709492
0.708104
0.706179
0.706815
0.708197
0.708192
0.706463
0.705917
0.706792
0.707664
0.707210
0.706062
0.705689
0.706244
0.706759
0.706562
0.705959
0.705568
0.705572
0.705999
0.706433
0.706827
0.707064
0.706919
0.706398
0.705796
0.705402
0.705443
0.705790
0.706187
0.706484
0.706755
0.706872
0.706596
0.706275
0.705858
0.705435
0.705215
0.705222
0.705403
0.705639
0.706037
0.706575
0.707359
0.708417
0.709413
0.710138
0.709107
0.707096
0.705611
0.705469
0.706605
0.707998
0.708226
0.707241
0.705773
0.705110
0.705589
0.706624
0.707716
0.708155
0.707704
0.706671
0.705539
0.705120
0.705445
0.706155
0.706871
0.706995
0.706642
0.705766
0.705099
0.704950
0.704967
0.705274
0.705706
0.706072
0.706680
0.707264
0.707950
0.708446
0.708154
0.706973
0.705611
0.704893
0.705271
0.706343
0.707491
0.708230
0.707923
0.706667
0.705309
0.704779
0.705357
0.706276
0.706949
0.707201
0.707094
0.706383
0.705446
0.704757
0.704804
0.705300
0.705851
0.706472
0.706850
0.706773
0.706650
0.705927
0.705183
0.705130
0.704689
0.705013
0.705800
0.706266
0.707242
0.708579
0.711835
0.714102
0.714083
0.709737
0.706038
0.710422
0.713436
0.708754
0.710249
0.717100
0.713592
0.711140
0.709191
0.709191
0.710666
0.709145
0.709227
0.707438
0.709803
0.708304
0.708260
0.706954
0.708048
0.708394
0.707246
0.706727
0.706897
0.707592
0.707354
0.706222
0.705924
0.706397
0.706752
0.706648
0.705940
0.705594
0.705447
0.705543
0.705812
0.705516
0.705308
0.705080
0.705118
0.705185
0.705502
0.705484
0.705325
0.705078
0.704979
0.704821
0.704830
0.704900
0.704945
0.704957
0.705017
0.705016
0.704874
0.704752
0.704593
0.704557
0.704519
0.704505
0.704539
0.704616
0.704876
0.705388
0.706396
0.707770
0.709850
0.711636
0.711069
0.706940
0.704635
0.706423
0.709331
0.709935
0.707372
0.704965
0.705904
0.708410
0.709383
0.707321
0.704816
0.706141
0.709456
0.710523
0.707441
0.706022
0.708029
0.710050
0.707932
0.705246
0.707037
0.708634
0.707467
0.705714
0.705499
0.707180
0.707179
0.704880
0.706043
0.706957
0.707907
0.705793
0.705071
0.705940
0.706610
0.705505
0.705688
0.704507
0.705270
0.705254
0.704839
0.704770
0.704567
0.704516
0.704728
0.704600
0.704459
0.704412
0.703985
0.704164
0.704017
0.704072
0.704166
0.704202
0.704123
0.704216
0.704414
0.704419
0.704387
0.704525
0.704523
0.704470
0.704500
0.704715
0.704458
0.704405
0.704480
0.704564
0.704433
0.704479
0.704554
0.704636
0.704386
0.704289
0.704084
0.704007
0.703710
0.703505
0.703474
0.703416
0.703429
0.703340
0.703307
0.703455
0.703716
0.704535
0.706335
0.711031
0.713892
0.714498
0.709855
0.707786
0.708916
0.712357
0.712277
0.706384
0.710290
0.712965
0.712115
0.708475
0.707008
0.709136
0.709694
0.711331
0.708902
0.707800
0.708554
0.707334
0.707391
0.707183
0.706845
0.706421
0.705834
0.706359
0.705715
0.705350
0.705083
0.705425
0.704962
0.704925
0.704677
0.704626
0.704644
0.704612
0.704609
0.704667
0.704442
0.704476
0.704323
0.704165
0.704096
0.703993
0.703851
0.703847
0.703733
0.703851
0.703893
0.704269
0.705170
0.707827
0.708559
0.709245
0.706756
0.704266
0.704722
0.707245
0.708736
0.705225
0.704463
0.705947
0.707363
0.706950
0.704674
0.703894
0.705171
0.705945
0.706150
0.705944
0.703840
0.704275
0.705631
0.708990
0.707739
0.705128
0.703940
0.706969
0.708811
0.706967
0.704678
0.705173
0.708076
0.708340
0.705662
0.705279
0.704908
0.707063
0.711589
0.707214
0.706801
0.709367
0.708129
0.707653
0.704657
0.707737
0.707446
0.705569
0.706017
0.705257
0.706138
0.705878
0.704426
0.704146
0.703753
0.703514
0.703465
0.703492
0.703496
0.703463
0.703396
0.703299
0.703201
0.703137
0.703131
0.703161
0.703168
0.703121
0.703047
0.702994
0.702986
0.702997
0.702992
0.702964
0.702929
0.702901
0.702880
0.702862
0.702851
0.702848
0.702844
0.702828
0.702802
0.702781
0.702776
0.702781
0.702779
0.702764
0.702744
0.702730
0.702726
0.702724
0.702719
0.702709
0.702699
0.702690
0.702685
0.702680
0.702675
0.702669
0.702662
0.702656
0.702650
0.702644
0.702640
0.702635
0.702629
0.702623
0.702618
0.702614
0.702610
0.702605
0.702600
0.702596
0.702592
0.702587
0.702583
0.702579
0.702575
0.702570
0.702566
0.702562
0.702558
0.702554
0.702550
0.702547
0.702543
0.702539
0.702535
0.702532
0.702528
0.702525
0.702521
0.702518
0.702514
0.702511
0.702507
0.702504
0.702501
0.702497
0.702494
0.702491
0.702487
0.702484
0.702481
0.702478
0.702475
0.702472
0.702469
0.702466
0.702463
0.702460
0.702457
0.702454
0.702451
0.702448
0.702445
0.702442
0.702439
0.702436
0.702433
0.702430
0.702427
0.702424
0.702421
0.702419
0.702416
0.702413
0.702410
0.702407
0.702404
0.702401
0.702398
0.702395
0.702393
0.702390
0.702387
0.702384
0.702381
0.702379
0.702376
0.702373
0.702371
0.702368
0.702365
0.702363
0.702360
0.702357
0.702355
0.702352
0.702349
0.702347
0.702344
0.702342
0.702339
0.702337
0.702334
0.702332
0.702329
0.702327
0.702324
0.702322
0.702319
0.702317
0.702314
0.702312
0.702309
0.702307
0.702305
0.702302
0.702300
0.702297
0.702295
0.702293
0.702290
0.702288
0.702285
0.702283
0.702281
0.702278
0.702276
0.702273
0.702271
0.702269
0.702267
0.702264
0.702262
0.702260
0.702257
0.702255
0.702253
0.702250
0.702248
0.702246
0.702244
0.702241
0.702239
0.702237
0.702235
0.702232
0.702230
0.702228
0.702226
0.702223
0.702221
0.702219
0.702217
0.702214
0.702212
0.702210
0.702208
0.702206
0.702203
0.702201
0.702199
0.702197
0.702194
0.702192
0.702190
0.702188
0.702186
0.702184
0.702182
0.702179
0.702177
0.702175
0.702173
0.702171
0.702169
0.702167
0.702165
0.702163
0.702161
0.702159
0.702156
0.702154
0.702152
0.702150
0.702148
0.702146
0.702144
0.702142
0.702140
0.702137
0.702135
0.702133
0.702131
0.702129
0.702127
0.702125
0.702123
0.702120
0.702118
0.702116
0.702114
0.702112
0.702110
0.702108
0.702106
0.702103
0.702101
0.702099
0.702097
0.702095
0.702093
0.702091
0.702089
0.702087
0.702085
0.702083
0.702081
0.702079
0.702077
0.702075
0.702073
0.702071
0.702069
0.702067
0.702066
0.702064
0.702062
0.702060
0.702058
0.702056
0.702054
0.702052
0.702050
0.702048
0.702047
0.702045
0.702043
0.702041
0.702039
0.702037
0.702035
0.702033
0.702031
0.702030
0.702028
0.702026
0.702024
0.702022
0.702021
0.702019
0.702017
0.702015
0.702013
0.702011
0.702010
0.702008
0.702006
0.702004
0.702002
0.702001
0.701999
0.701997
0.701995
0.701994
0.701992
0.701990
0.701988
0.701986
0.701985
0.701983
0.701981
0.701979
0.701978
0.701976
0.701974
0.701972
0.701971
0.701969
0.701967
0.701965
0.701964
0.701962
0.701960
0.701959
0.701957
0.701955
0.701953
0.701952
0.701950
0.701948
0.701946
0.701945
0.701943
0.701941
0.701939
0.701938
0.701936
0.701935
0.701933
0.701931
0.701929
0.701928
0.701926
0.701924
0.701922
0.701921
0.701919
0.701917
0.701916
0.701914
0.701912
0.701910
0.701909
0.701907
0.701905
0.701903
0.701902
0.701900
0.701898
0.701897
0.701895
0.701893
0.701891
0.701890
0.701888
0.701886
0.701884
0.701883
0.701881
0.701879
0.701877
0.701876
0.701874
0.701872
0.701870
0.701869
0.701867
0.701865
0.701863
0.701862
0.701860
0.701858
0.701856
0.701855
0.701853
0.701851
0.701850
0.701848
0.701846
0.701844
0.701843
0.701841
0.701839
0.701837
0.701836
0.701834
0.701832
0.701830
0.701829
0.701827
0.701825
0.701824
0.701822
0.701820
0.701818
0.701816
0.701815
0.701813
0.701811
0.701810
0.701808
0.701806
0.701804
0.701803
0.701801
0.701799
0.701797
0.701796
0.701794
0.701792
0.701791
0.701789
0.701787
0.701785
0.701784
0.701782
0.701780
0.701778
0.701777
0.701775
0.701773
0.701771
0.701769
0.701768
0.701766
0.701764
0.701762
0.701761
0.701759
0.701757
0.701755
0.701754
0.701752
0.701750
0.701748
0.701746
0.701745
0.701743
0.701741
0.701740
0.701738
0.701736
0.701734
0.701733
0.701731
0.701729
0.701727
0.701726
0.701724
0.701722
0.701721
0.701719
0.701717
0.701715
0.701714
0.701712
0.701710
0.701708
0.701707
0.701705
0.701703
0.701702
0.701700
0.701698
0.701696
0.701695
0.701693
0.701692
0.701690
0.701688
0.701686
0.701685
0.701683
0.701681
0.701680
0.701678
0.701676
0.701674
0.701673
0.701671
0.701669
0.701668
0.701666
0.701664
0.701662
0.701661
0.701659
