0
1
2
3
4
5
6
7
8
9
10
11
12
13
14
15
16
17
18
19
20
21
22
23
24
25
26
27
28
29
30
31
32
33
34
35
36
37
38
39
40
43
44
45
46
47
49
50
51
52
53
54
55
56
57
59
60
62
63
64
65
66
68
70
74
76
79
81
84
86
88
89
90
91
93
94
95
96
97
98
99
101
102
106
107
111
114
118
125
128
131
134
137
140
142
145
147
148
150
152
153
154
155
157
159
161
162
163
164
165
166
167
168
169
170
171
172
173
174
175
176
177
178
184
198
199
200
201
202
203
205
206
207
208
210
212
213
214
215
217
218
220
221
222
224
225
227
228
229
230
237
238
241
242
245
246
253
254
258
259
264
265
266
267
275
280
283
285
288
291
294
295
300
301
302
303
304
305
306
327
329
331
333
335
336
337
338
339
341
343
345
347
348
349
350
352
354
355
356
357
358
359
360
361
362
363
364
365
366
367
368
369
370
371
372
373
389
393
395
397
399
401
402
404
406
408
411
413
414
416
418
419
421
422
424
425
426
427
428
430
452
453
455
456
458
459
462
464
466
467
468
471
472
473
474
516
518
521
523
524
526
528
530
531
532
533
535
536
537
538
539
540
541
542
543
545
573
576
577
578
579
580
582
585
586
587
588
590
591
592
593
594
595
596
597
598
