0.431149
0.430943
0.430716
0.430478
0.430226
0.429956
0.429671
0.429368
0.429044
0.428697
0.428325
0.427924
0.427491
0.427023
0.426514
0.425959
0.425352
0.424684
0.423947
0.423129
0.422216
0.421192
0.420034
0.418719
0.417212
0.415469
0.413433
0.411026
0.408142
0.404636
0.400305
0.394872
0.387935
0.378938
0.367096
0.351339
0.330283
0.302349
0.266688
0.228466
0.217645
0.226400
0.219137
0.208105
0.198869
0.192257
0.188865
0.187925
0.187958
0.187549
0.185987
0.183406
0.180374
0.177402
0.174834
0.171259
0.161413
0.146634
0.148120
0.139405
0.128037
0.131474
0.118692
0.116661
0.115026
0.109593
0.101422
0.104246
0.096034
0.098579
0.093382
0.099644
0.093622
0.097566
0.092812
0.095413
0.091427
0.092385
0.092465
0.090011
0.092550
0.089552
0.090754
0.089662
0.088585
0.089250
0.087332
0.087824
0.086475
0.085998
0.085782
0.084586
0.084703
0.083533
0.083437
0.082552
0.082131
0.081455
0.081149
0.080166
0.080174
0.079508
0.079053
0.079096
0.079236
0.080413
0.078421
0.077772
0.077936
0.077905
0.078072
0.076672
0.077144
0.078312
0.076028
0.079626
0.080909
0.081042
0.075558
0.082897
0.078361
0.084004
0.078818
0.075968
0.082172
0.074983
0.079050
0.079093
0.074926
0.076263
0.076813
0.073782
0.075873
0.075583
0.073152
0.074441
0.073864
0.072518
0.073665
0.072919
0.071718
0.072864
0.071492
0.071511
0.071798
0.070750
0.070997
0.070661
0.070167
0.070452
0.069689
0.069856
0.069362
0.069234
0.069135
0.068616
0.068779
0.068209
0.068273
0.067737
0.067852
0.067300
0.067278
0.066792
0.066769
0.066389
0.066110
0.065894
0.065366
0.065153
0.064689
0.064255
0.063887
0.063280
0.062720
0.062210
0.061540
0.060925
0.060321
0.060668
0.063900
0.089984
0.065064
0.082329
0.059873
0.066681
0.068993
0.065420
0.064262
0.065228
0.063427
0.062619
0.063304
0.063804
0.063220
0.062115
0.061298
0.060311
0.059428
0.059108
0.058880
0.058210
0.056751
0.056078
0.056328
0.055219
0.054608
0.054005
0.053064
0.053385
0.052376
0.052522
0.051399
0.051315
0.050940
0.050205
0.050405
0.049721
0.048969
0.049203
0.048889
0.047862
0.047859
0.047899
0.046976
0.046526
0.046648
0.046271
0.045576
0.045116
0.045028
0.045084
0.045116
0.045589
0.045781
0.046691
0.045457
0.043751
0.042586
0.043341
0.043794
0.042274
0.041759
0.042436
0.042082
0.041121
0.040602
0.040870
0.041526
0.041812
0.042544
0.041944
0.041170
0.039479
0.038996
0.039683
0.039713
0.039007
0.038144
0.038138
0.038680
0.038845
0.039019
0.038349
0.037784
0.037049
0.036648
0.036600
0.036744
0.037145
0.037580
0.039257
0.040642
0.043359
0.039234
0.035525
0.037653
0.036691
0.035547
0.036776
0.035178
0.036012
0.035552
0.034936
0.035633
0.034465
0.034767
0.034657
0.033882
0.034245
0.033936
0.033426
0.033589
0.033550
0.033145
0.032875
0.032954
0.033138
0.033047
0.032955
0.032641
0.032418
0.032182
0.032022
0.031886
0.031817
0.031813
0.032129
0.033034
0.037038
0.042503
0.047557
0.034511
0.036189
0.036665
0.034658
0.035287
0.034310
0.033740
0.035027
0.032410
0.034717
0.032178
0.033606
0.032419
0.032391
0.032481
0.031520
0.032147
0.031101
0.031606
0.030870
0.031052
0.030641
0.030648
0.030382
0.030281
0.030109
0.030043
0.029801
0.029804
0.029528
0.029632
0.029247
0.029393
0.029023
0.029160
0.028907
0.028861
0.028790
0.028576
0.028628
0.028402
0.028406
0.028301
0.028170
0.028123
0.028041
0.027901
0.027866
0.027823
0.027651
0.027623
0.027602
0.027475
0.027379
0.027289
0.027273
0.027267
0.027168
0.027128
0.027036
0.026982
0.026956
0.027083
0.027291
0.028441
0.029701
0.035758
0.032875
0.029439
0.028523
0.030269
0.027165
0.028870
0.027085
0.028510
0.027488
0.028168
0.026947
0.028022
0.027129
0.027653
0.026767
0.027383
0.026738
0.026994
0.026474
0.026745
0.026454
0.026458
0.026233
0.026107
0.026183
0.025931
0.026119
0.025658
0.025868
0.025551
0.025633
0.025596
0.025383
0.025560
0.025313
0.025287
0.025315
0.025097
0.025157
0.025078
0.024951
0.024989
0.024877
0.024844
0.024867
0.024746
0.024730
0.024702
0.024621
0.024570
0.024614
0.024567
0.024666
0.024909
0.026473
0.026499
0.030164
0.026673
0.024841
0.024993
0.025607
0.025265
0.024847
0.025848
0.026048
0.025273
0.026461
0.025420
0.025725
0.025121
0.024621
0.024949
0.024851
0.024516
0.024415
0.024531
0.024219
0.024164
0.024178
0.024076
0.023840
0.024075
0.023877
0.023803
0.023844
0.023642
0.023744
0.023572
0.023557
0.023435
0.023447
0.023441
0.023324
0.023308
0.023257
0.023112
0.023203
0.023181
0.023229
0.023571
0.023510
0.024353
0.023764
0.024147
0.023117
0.023570
0.023914
0.024810
0.027593
0.025461
0.026250
0.026017
0.025713
0.027693
0.027928
0.026657
0.026238
0.024395
0.028123
0.027608
0.027871
0.026119
0.026362
0.025918
0.024734
0.025671
0.024868
0.025172
0.024839
0.024340
0.024559
0.023859
0.023775
0.024214
0.023652
0.023570
0.023709
0.023075
0.023365
0.022890
0.022959
0.022966
0.022685
0.022751
0.022439
0.022435
0.022466
0.022196
0.022289
0.022075
0.022092
0.022032
0.021958
0.021902
0.021813
0.021862
0.021781
0.021737
0.021635
0.021587
0.021536
0.021532
0.021493
0.021470
0.021445
0.021446
0.021441
0.021524
0.021619
0.022223
0.022442
0.024413
0.023679
0.025036
0.024571
0.022180
0.025535
0.023983
0.024209
0.023408
0.022936
0.023679
0.022595
0.022595
0.023299
0.022297
0.022226
0.022894
0.021956
0.021742
0.022289
0.021618
0.021759
0.021556
0.021073
0.021389
0.021405
0.021003
0.020969
0.020946
0.020753
0.020724
0.020777
0.020504
0.020575
0.020506
0.020390
0.020371
0.020316
0.020272
0.020286
0.020185
0.020117
0.020054
0.019968
0.019955
0.019877
0.019844
0.019815
0.019776
0.019859
0.019987
0.020992
0.021656
0.028590
0.024566
0.025323
0.022050
0.022673
0.021552
0.022834
0.021055
0.021016
0.021872
0.021251
0.020736
0.020832
0.020709
0.020559
0.020665
