0.000000 0.000000 0.000000 0.000993 0.000000 0.001122
0.000000 0.000000 0.000000 0.000000 0.000000 0.000000
0.000000 0.000000 0.000000 0.000000 0.000000 0.000000
0.000000 0.000000 0.000000 0.000000 0.000000 0.000000
0.000000 0.000000 0.000000 0.000000 0.000000 0.000000
0.000000 0.000000 0.000000 0.000000 0.000000 0.000000
0.000000 0.000000 0.000000 0.000000 0.000000 0.000000
0.000000 0.000000 0.000000 0.000000 0.000000 0.000000
0.000000 0.000000 0.000000 0.000000 0.000000 0.000000
0.000000 0.000000 0.000000 0.000000 0.000000 0.000000
0.000000 0.000000 0.000000 0.000000 0.000000 0.000000
0.000000 0.000000 0.000000 0.000000 0.000000 0.000000
0.000000 0.000000 0.000000 0.000000 0.000000 0.000000
0.000000 0.000000 0.000000 0.000000 0.000000 0.000000
0.000000 0.000000 0.000000 0.000000 0.000000 0.000000
0.000000 0.000000 0.000000 0.000000 0.000000 0.000000
0.000000 0.000000 0.000000 0.000000 0.000000 0.000000
0.000000 0.000000 0.000000 0.000000 0.000000 0.000000
0.000000 0.000000 0.000000 0.000000 0.000000 0.000000
0.000000 0.000000 0.000000 0.000000 0.000000 0.000000
0.000000 0.000000 0.000000 0.000000 0.000000 0.000000
0.000000 0.000000 0.000000 0.000000 0.000000 0.000000
0.000000 0.000000 0.000000 0.000000 0.000000 0.000000
0.000000 0.000000 0.000000 0.000000 0.000000 0.000000
0.000000 0.000000 0.000000 0.000000 0.000000 0.000000
0.000000 0.000000 0.000000 0.000000 0.000000 0.000000
0.000000 0.000000 0.000000 0.000000 0.000000 0.000000
0.000000 0.000000 0.000000 0.000000 0.000000 0.000000
0.000000 0.000000 0.000000 0.000000 0.000000 0.000000
0.000000 0.000000 0.000000 0.000000 0.000000 0.000000
0.000000 0.000000 0.000703 0.000664 0.000000 0.000000
0.000000 0.000000 0.000000 0.000000 0.000000 0.000000
0.000311 0.000000 0.000316 0.000324 0.000322 0.000322
0.000000 0.000000 0.000881 0.000910 0.000000 0.000982
0.000000 0.000000 0.000000 0.002179 0.000000 0.002364
0.000000 0.000000 0.000000 0.003484 0.000000 0.003717
0.000000 0.000000 0.000000 0.004405 0.000000 0.000000
0.000000 0.000000 0.000000 0.000000 0.000000 0.000000
0.000000 0.000000 0.000000 0.000000 0.000000 0.000000
0.000000 0.000000 0.000000 0.000000 0.000000 0.000000
0.000000 0.000000 0.000000 0.000000 0.000000 0.000000
0.000000 0.000000 0.000000 0.000000 0.000000 0.000000
0.000000 0.000000 0.000000 0.000000 0.000000 0.000000
0.000000 0.000000 0.000000 0.000000 0.000000 0.000000
0.000000 0.000000 0.000000 0.000000 0.000000 0.000000
0.000000 0.000000 0.000000 0.000000 0.000000 0.000000
0.000000 0.000000 0.000000 0.000000 0.000000 0.000000
0.000000 0.000000 0.000000 0.000000 0.000000 0.000000
0.000000 0.000000 0.000000 0.000000 0.000000 0.000000
0.000000 0.000000 0.000000 0.000000 0.000000 0.000000
0.000000 0.000000 0.000000 0.000000 0.000000 0.000000
0.000568 0.000000 0.000607 0.000000 0.000000 0.000000
0.000580 0.000000 0.000617 0.000000 0.000000 0.000000
0.000795 0.000000 0.000000 0.000000 0.000000 0.000000
0.001272 0.000000 0.000000 0.000000 0.000000 0.000000
0.000000 0.000000 0.000000 0.000000 0.000000 0.000000
0.000000 0.000000 0.000000 0.000000 0.000000 0.000000
0.000000 0.000000 0.000000 0.000000 0.000000 0.000000
0.000000 0.000000 0.000000 0.000000 0.000000 0.000000
0.000000 0.000000 0.000000 0.000000 0.000000 0.000000
0.003021 0.000000 0.000000 0.000000 0.000000 0.000000
0.003040 0.000000 0.000000 0.000000 0.000000 0.000000
0.003401 0.000000 0.000000 0.000000 0.000000 0.000000
0.003584 0.000000 0.000000 0.000000 0.000000 0.000000
0.003676 0.000000 0.000000 0.000000 0.000000 0.000000
0.003690 0.000000 0.000000 0.000000 0.000000 0.000000
0.003802 0.000000 0.000000 0.000000 0.000000 0.000000
0.003472 0.000000 0.000000 0.000000 0.000000 0.000000
0.003040 0.000000 0.000000 0.000000 0.000000 0.000000
0.002667 0.000000 0.000000 0.000000 0.000000 0.000000
0.002381 0.000000 0.000000 0.000000 0.000000 0.000000
0.002070 0.000000 0.000000 0.000000 0.000000 0.000000
0.001748 0.000000 0.000000 0.000000 0.000000 0.000000
0.001488 0.000000 0.000000 0.000000 0.000000 0.000000
0.001344 0.000000 0.000000 0.000000 0.000000 0.000000
0.001212 0.000000 0.000000 0.000000 0.000000 0.000000
0.001175 0.000000 0.000000 0.000000 0.000000 0.000000
0.001134 0.000000 0.000000 0.000000 0.000000 0.000000
0.001116 0.000000 0.000000 0.000000 0.000000 0.000000
0.001095 0.000000 0.000000 0.000000 0.000000 0.000000
0.001055 0.000000 0.000000 0.000000 0.000000 0.000000
0.000962 0.000000 0.000000 0.000000 0.000000 0.000000
0.000870 0.000000 0.000000 0.000000 0.000000 0.000000
0.000777 0.000000 0.000000 0.000000 0.000000 0.000000
0.000670 0.000000 0.000000 0.000000 0.000000 0.000000
0.000583 0.000000 0.000000 0.000000 0.000000 0.000000
0.000527 0.000000 0.000000 0.000000 0.000000 0.000000
0.000495 0.000000 0.000000 0.000000 0.000000 0.000000
0.000486 0.000000 0.000000 0.000000 0.000000 0.000000
0.000482 0.000000 0.000000 0.000000 0.000000 0.000000
0.000473 0.000000 0.000000 0.000000 0.000000 0.000000
0.000447 0.000000 0.000000 0.000000 0.000000 0.000000
0.000411 0.000000 0.000378 0.000000 0.000000 0.000427
0.000383 0.000000 0.000352 0.000000 0.000000 0.000390
0.000375 0.000000 0.000340 0.000000 0.000000 0.000377
0.000376 0.000000 0.000339 0.000000 0.000000 0.000381
0.000369 0.000000 0.000330 0.000000 0.000000 0.000371
0.000353 0.000000 0.000312 0.000000 0.000000 0.000348
0.000348 0.000000 0.000308 0.000000 0.000000 0.000344
0.000354 0.000000 0.000310 0.000000 0.000000 0.000349
0.000339 0.000000 0.000295 0.000000 0.000000 0.000332
0.000337 0.000000 0.000291 0.000000 0.000000 0.000327
0.000340 0.000000 0.000291 0.000000 0.000000 0.000330
0.000317 0.000000 0.000272 0.000000 0.000000 0.000304
0.000372 0.000000 0.000321 0.000000 0.000000 0.000370
0.000305 0.000000 0.000260 0.000000 0.000000 0.000290
0.000320 0.000000 0.000271 0.000000 0.000000 0.000306
0.000352 0.000000 0.000300 0.000000 0.000000 0.000345
0.000312 0.000000 0.000261 0.000000 0.000000 0.000298
0.000323 0.000000 0.000272 0.000000 0.000000 0.000310
0.000347 0.000000 0.000293 0.000000 0.000000 0.000340
0.000308 0.000000 0.000256 0.000000 0.000000 0.000294
0.000347 0.000000 0.000295 0.000000 0.000000 0.000341
0.000320 0.000000 0.000266 0.000000 0.000000 0.000307
0.000325 0.000000 0.000271 0.000000 0.000000 0.000313
0.000341 0.000000 0.000289 0.000000 0.000000 0.000334
0.000305 0.000000 0.000251 0.000000 0.000000 0.000293
0.000387 0.000000 0.000340 0.000000 0.000000 0.000384
0.000307 0.000000 0.000252 0.000000 0.000000 0.000296
0.000322 0.000000 0.000267 0.000000 0.000000 0.000310
0.000362 0.000000 0.000314 0.000000 0.000000 0.000355
0.000317 0.000000 0.000263 0.000000 0.000000 0.000306
0.000328 0.000000 0.000272 0.000000 0.000000 0.000316
0.000359 0.000000 0.000310 0.000000 0.000000 0.000351
0.000326 0.000000 0.000270 0.000000 0.000000 0.000315
0.000337 0.000000 0.000284 0.000000 0.000000 0.000327
0.000357 0.000000 0.000304 0.000000 0.000000 0.000345
0.000326 0.000000 0.000270 0.000000 0.000000 0.000314
0.000357 0.000000 0.000304 0.000000 0.000000 0.000344
0.000336 0.000000 0.000283 0.000000 0.000000 0.000326
0.000339 0.000000 0.000284 0.000000 0.000000 0.000328
0.000357 0.000000 0.000305 0.000000 0.000000 0.000343
0.000323 0.000000 0.000269 0.000000 0.000000 0.000312
0.000396 0.000000 0.000344 0.000000 0.000000 0.000389
0.000310 0.000000 0.000255 0.000000 0.000000 0.000300
0.000404 0.000000 0.000351 0.000000 0.000000 0.000400
0.000348 0.000000 0.000293 0.000000 0.000000 0.000334
0.000302 0.000000 0.000247 0.000000 0.000000 0.000294
0.000428 0.000000 0.000375 0.000000 0.000000 0.000000
0.000389 0.000000 0.000334 0.000000 0.000000 0.000379
0.000288 0.000000 0.000236 0.000000 0.000000 0.000283
0.000348 0.000000 0.000295 0.000000 0.000000 0.000337
0.000399 0.000000 0.000347 0.000000 0.000000 0.000399
0.000370 0.000000 0.000318 0.000000 0.000000 0.000358
0.000315 0.000000 0.000262 0.000000 0.000000 0.000306
0.000323 0.000000 0.000272 0.000000 0.000000 0.000313
0.000373 0.000000 0.000321 0.000000 0.000000 0.000361
0.000385 0.000000 0.000332 0.000000 0.000000 0.000376
0.000350 0.000000 0.000296 0.000000 0.000000 0.000337
0.000320 0.000000 0.000266 0.000000 0.000000 0.000309
0.000348 0.000000 0.000294 0.000000 0.000000 0.000334
0.000379 0.000000 0.000325 0.000000 0.000000 0.000365
0.000366 0.000000 0.000313 0.000000 0.000000 0.000351
0.000331 0.000000 0.000276 0.000000 0.000000 0.000319
0.000338 0.000000 0.000283 0.000000 0.000000 0.000324
0.000370 0.000000 0.000318 0.000000 0.000000 0.000355
0.000367 0.000000 0.000313 0.000000 0.000000 0.000352
0.000336 0.000000 0.000281 0.000000 0.000000 0.000323
0.000344 0.000000 0.000290 0.000000 0.000000 0.000329
0.000372 0.000000 0.000319 0.000000 0.000000 0.000359
0.000360 0.000000 0.000310 0.000000 0.000000 0.000347
0.000338 0.000000 0.000284 0.000000 0.000000 0.000327
0.000362 0.000000 0.000313 0.000000 0.000000 0.000349
0.000370 0.000000 0.000320 0.000000 0.000000 0.000358
0.000343 0.000000 0.000292 0.000000 0.000000 0.000330
0.000354 0.000000 0.000306 0.000000 0.000000 0.000341
0.000368 0.000000 0.000319 0.000000 0.000000 0.000358
0.000345 0.000000 0.000297 0.000000 0.000000 0.000333
0.000353 0.000000 0.000305 0.000000 0.000000 0.000343
0.000362 0.000000 0.000316 0.000000 0.000000 0.000355
0.000345 0.000000 0.000297 0.000000 0.000000 0.000334
0.000361 0.000000 0.000315 0.000000 0.000000 0.000355
0.000353 0.000000 0.000305 0.000000 0.000000 0.000344
0.000351 0.000000 0.000302 0.000000 0.000000 0.000341
0.000365 0.000000 0.000318 0.000000 0.000000 0.000362
0.000343 0.000000 0.000293 0.000000 0.000000 0.000334
0.000383 0.000000 0.000336 0.000000 0.000000 0.000383
