0.444461
0.443933
0.443358
0.442752
0.442075
0.441317
0.440435
0.439396
0.438168
0.436729
0.435054
0.433139
0.431024
0.428802
0.426648
0.424715
0.422718
0.420035
0.416527
0.412325
0.407540
0.402021
0.395037
0.385241
0.370929
0.350211
0.321076
0.283258
0.236051
0.182462
0.126968
0.086916
0.226285
0.131754
0.277563
0.307987
0.221508
0.131836
0.080103
0.055311
0.153993
0.047920
0.056450
0.064329
0.067162
0.067439
0.066165
0.063795
0.060497
0.056337
0.051293
0.045940
0.047808
0.047230
0.043576
0.042386
0.042169
0.041964
0.041553
0.040958
0.040280
0.039682
0.039376
0.039410
0.039380
0.039055
0.038611
0.038247
0.037998
0.037820
0.037658
0.037477
0.037258
0.037010
0.036749
0.036498
0.036271
0.036053
0.035808
0.035523
0.035217
0.034913
0.034611
0.034292
0.033939
0.033553
0.033152
0.032751
0.032325
0.031847
0.031365
0.030880
0.030343
0.029779
0.029225
0.028611
0.027991
0.027354
0.026701
0.026033
0.025369
0.024672
0.023982
0.023320
0.022849
0.023439
0.022095
0.021193
0.021430
0.020529
0.019884
0.019894
0.019604
0.019234
0.018393
0.017934
0.017881
0.018479
0.021685
0.017784
0.016593
0.018086
0.016533
0.015913
0.016653
0.015748
0.015160
0.015419
0.015283
0.014955
0.014301
0.014047
0.014179
0.014676
0.017443
0.016842
0.018030
0.013005
0.018131
0.021009
0.015897
0.020186
0.013166
0.017057
0.014032
0.015219
0.014214
0.013742
0.014632
0.012513
0.014315
0.012172
0.013319
0.012249
0.012540
0.011878
0.012094
0.011705
0.011656
0.011103
0.011394
0.010683
0.011195
0.010394
0.010531
0.010393
0.009819
0.010037
0.009740
0.009387
0.009468
0.009402
0.009182
0.008898
0.008829
0.008955
0.009133
