0.658137 0.734729 0.701741 0.617305 0.654607 0.628286
0.751449 0.769131 0.743379 0.750745 0.707234 0.706647
0.000000 0.000000 0.000000 0.000000 0.000000 0.000000
0.768513 0.757994 0.727904 0.754996 0.702116 0.706914
0.658137 0.734729 0.701741 0.617305 0.654607 0.628286
0.658137 0.734729 0.701741 0.617305 0.654607 0.628286
0.658137 0.734729 0.701741 0.617305 0.654607 0.628286
0.658137 0.734729 0.701741 0.617305 0.654607 0.628286
0.658137 0.734729 0.701741 0.617305 0.654607 0.628286
0.807487 0.837769 0.801365 0.786777 0.762287 0.752127
0.780019 0.803474 0.770529 0.774077 0.730044 0.729220
0.774409 0.784700 0.757475 0.768374 0.721016 0.723103
0.773699 0.779702 0.753098 0.767457 0.718093 0.721732
0.774596 0.777581 0.751142 0.767461 0.716873 0.721527
0.777968 0.777334 0.752061 0.768464 0.716963 0.722756
0.787977 0.783170 0.754630 0.772941 0.724151 0.729685
0.810587 0.793747 0.759758 0.780067 0.735216 0.742679
0.826479 0.810979 0.770725 0.786190 0.746072 0.752338
0.835381 0.811414 0.771309 0.785524 0.747947 0.754844
0.833651 0.796248 0.750742 0.775127 0.735812 0.745853
0.828243 0.776011 0.733427 0.763765 0.721532 0.733010
0.834107 0.786956 0.748776 0.773116 0.733166 0.745881
0.843000 0.806082 0.770060 0.786444 0.750356 0.761090
0.855658 0.816846 0.783749 0.796413 0.762722 0.775558
0.873619 0.832810 0.801376 0.808366 0.780353 0.794217
0.873409 0.847983 0.813472 0.816544 0.790815 0.802413
0.869061 0.850597 0.815662 0.815078 0.788206 0.797570
0.870550 0.848731 0.815371 0.816874 0.789829 0.799741
0.872113 0.861797 0.827768 0.820776 0.797734 0.806323
0.868754 0.868062 0.828923 0.817067 0.800373 0.809199
0.880550 0.846558 0.815842 0.818483 0.794575 0.805191
0.875861 0.870754 0.832018 0.824289 0.802888 0.812638
0.878107 0.873275 0.834497 0.824475 0.806471 0.819539
0.885208 0.865992 0.825116 0.821247 0.802026 0.817428
0.877668 0.880400 0.839888 0.824932 0.808802 0.820714
0.880800 0.868639 0.829482 0.824328 0.803653 0.812946
0.884350 0.853589 0.815813 0.818111 0.794105 0.803395
0.887221 0.851311 0.812004 0.816724 0.794175 0.805069
0.887033 0.873594 0.833496 0.823397 0.808225 0.821853
0.876828 0.883143 0.835690 0.818381 0.809485 0.821179
0.886649 0.872843 0.834236 0.825030 0.808221 0.820455
0.885907 0.857636 0.819283 0.820251 0.798583 0.807810
0.884474 0.859635 0.821018 0.820688 0.798621 0.807726
0.881189 0.868419 0.829814 0.823928 0.803472 0.812245
0.879386 0.875121 0.837317 0.825553 0.807874 0.818311
0.883000 0.880509 0.840185 0.824980 0.810205 0.822160
0.887652 0.878271 0.837470 0.825517 0.809429 0.821522
0.884266 0.873811 0.835636 0.825673 0.808114 0.820142
0.882919 0.872188 0.832795 0.825396 0.807331 0.818513
0.884369 0.869663 0.830301 0.825116 0.806636 0.817373
0.886857 0.868411 0.829381 0.824981 0.805660 0.817555
0.888923 0.876230 0.835713 0.825724 0.808310 0.820824
0.883315 0.880286 0.838536 0.825174 0.810041 0.821833
0.882207 0.880659 0.840218 0.825038 0.810426 0.821937
0.885046 0.875039 0.836299 0.826105 0.808075 0.820787
0.884412 0.871006 0.833436 0.826747 0.806309 0.818620
0.881183 0.873018 0.836285 0.826612 0.807518 0.818482
0.880757 0.878368 0.839853 0.825999 0.808471 0.820409
0.889824 0.877867 0.835601 0.824841 0.807513 0.819131
0.890380 0.878856 0.836080 0.824522 0.808291 0.819680
0.887190 0.881048 0.839726 0.825366 0.809486 0.821820
0.888681 0.877769 0.837196 0.825424 0.808398 0.821345
0.889398 0.872358 0.833672 0.825365 0.806004 0.819459
0.885356 0.876182 0.839061 0.826266 0.808443 0.820984
0.883714 0.880934 0.840599 0.826017 0.809759 0.822025
0.891035 0.878766 0.835137 0.824490 0.808051 0.819887
0.889102 0.879040 0.836339 0.824393 0.809227 0.821317
0.888677 0.878762 0.836443 0.824521 0.809390 0.821263
0.891168 0.877568 0.834982 0.823985 0.808645 0.820763
0.893223 0.877783 0.834377 0.824213 0.807909 0.820113
0.887787 0.880383 0.839338 0.825744 0.809543 0.821973
0.890865 0.878971 0.836692 0.825428 0.808796 0.819711
0.890240 0.879191 0.837312 0.825608 0.809215 0.820796
0.888277 0.879947 0.838722 0.825797 0.809799 0.822029
0.893288 0.878408 0.835279 0.824639 0.807979 0.820156
0.892726 0.879060 0.835622 0.824516 0.808565 0.820738
0.888968 0.880365 0.838857 0.825071 0.810106 0.822388
0.890193 0.879491 0.838072 0.825130 0.809350 0.822028
0.889589 0.879596 0.838424 0.825769 0.809394 0.822224
0.888963 0.880537 0.839468 0.825989 0.809614 0.822315
0.892039 0.879484 0.836932 0.825076 0.808384 0.820445
0.889187 0.881262 0.840093 0.825662 0.809845 0.822452
0.893530 0.880141 0.837005 0.824739 0.808125 0.820681
0.889901 0.881378 0.839409 0.825072 0.809644 0.822280
0.893721 0.880785 0.837061 0.824713 0.808117 0.820572
0.889203 0.881608 0.839676 0.825679 0.810002 0.822456
0.894048 0.880758 0.836008 0.824810 0.807811 0.820218
0.886178 0.883845 0.841784 0.825858 0.810989 0.823309
0.897388 0.872374 0.825314 0.818325 0.803986 0.815494
0.884089 0.885071 0.841249 0.824094 0.811472 0.823351
0.895238 0.877792 0.832875 0.822744 0.807148 0.820163
0.895659 0.877354 0.832507 0.822631 0.807057 0.819889
0.883997 0.885296 0.840977 0.824316 0.811565 0.823310
0.891279 0.882171 0.837853 0.825171 0.809147 0.820737
0.894569 0.876187 0.832477 0.824077 0.807508 0.818327
0.885772 0.884702 0.841824 0.825616 0.811089 0.823483
0.886380 0.884230 0.841605 0.826225 0.810873 0.823144
0.893880 0.877391 0.833593 0.824314 0.807903 0.819269
0.889892 0.883082 0.839482 0.825764 0.809917 0.821812
0.886709 0.885014 0.841498 0.825091 0.811011 0.823385
0.893264 0.880577 0.835891 0.824824 0.808027 0.819955
0.893813 0.879698 0.835641 0.824314 0.807585 0.819881
0.887209 0.884813 0.841281 0.825660 0.810995 0.823265
0.890155 0.883691 0.840512 0.825180 0.809856 0.822670
0.895192 0.879571 0.833727 0.824004 0.807529 0.818899
0.889133 0.884057 0.841187 0.826210 0.810351 0.821927
0.887629 0.884544 0.841600 0.826471 0.810520 0.822394
0.894617 0.879727 0.834810 0.824598 0.807215 0.819311
0.890448 0.883563 0.839962 0.825609 0.809746 0.822250
0.888950 0.884314 0.841293 0.826053 0.810532 0.822540
0.895708 0.880551 0.834172 0.823591 0.807002 0.818766
0.892692 0.883593 0.838480 0.824794 0.808789 0.820995
0.888718 0.884595 0.841528 0.826160 0.810603 0.822579
0.895383 0.879943 0.834359 0.823936 0.807102 0.818827
0.891616 0.883914 0.840319 0.825367 0.809443 0.821532
0.889406 0.884677 0.841242 0.826173 0.810647 0.822521
0.896046 0.880424 0.834015 0.823360 0.807163 0.818594
0.890586 0.884136 0.840694 0.825598 0.809948 0.822418
0.890132 0.884258 0.840855 0.825632 0.810140 0.822534
0.895913 0.880954 0.834647 0.823886 0.807337 0.818917
0.889267 0.884926 0.841266 0.825910 0.810620 0.822765
0.894582 0.883684 0.837916 0.824963 0.807847 0.820185
0.894699 0.883392 0.837683 0.824799 0.807678 0.819876
0.888705 0.885010 0.841465 0.825894 0.810364 0.822735
0.896111 0.881848 0.835079 0.823726 0.807459 0.818558
0.889003 0.884949 0.841373 0.825748 0.810294 0.822581
0.894921 0.883215 0.837639 0.824676 0.807403 0.819942
0.892857 0.883860 0.839789 0.825348 0.808675 0.821277
0.890434 0.884670 0.841098 0.826046 0.809853 0.822307
0.895386 0.882665 0.836642 0.824470 0.807305 0.819001
0.888245 0.885468 0.841781 0.825915 0.810478 0.822464
0.896908 0.880818 0.832920 0.822409 0.806388 0.818037
0.889022 0.885589 0.841195 0.825818 0.810728 0.822999
0.896217 0.882256 0.835623 0.823322 0.806388 0.818666
0.892078 0.884603 0.840198 0.825539 0.809303 0.821655
0.890800 0.884953 0.841125 0.826043 0.809716 0.821676
0.895648 0.882731 0.836779 0.824497 0.807433 0.819069
0.887542 0.886216 0.842152 0.825452 0.810833 0.822781
0.897340 0.879704 0.831538 0.820319 0.805378 0.816817
0.890132 0.886234 0.840745 0.824976 0.810668 0.822757
0.894354 0.883388 0.839007 0.824646 0.807891 0.820649
0.894976 0.882961 0.838367 0.825137 0.807273 0.819999
0.887951 0.886502 0.841862 0.825357 0.810534 0.822149
0.896960 0.881502 0.833352 0.822720 0.806774 0.818244
0.889488 0.885347 0.841578 0.826002 0.810637 0.822599
0.894151 0.884397 0.839424 0.825664 0.808279 0.820451
0.896089 0.883166 0.836619 0.824120 0.807101 0.819500
0.888382 0.885800 0.842021 0.825690 0.810847 0.822644
0.896218 0.881804 0.835423 0.824201 0.806820 0.818297
0.890386 0.885127 0.841657 0.826480 0.809851 0.821822
0.894495 0.884531 0.838789 0.825837 0.808408 0.819398
0.894797 0.883755 0.838613 0.825353 0.807549 0.820031
0.889846 0.885065 0.841746 0.826190 0.810056 0.822088
0.897212 0.882070 0.833734 0.822531 0.806206 0.817661
0.888516 0.886541 0.841674 0.825149 0.810791 0.822652
0.896478 0.877602 0.829613 0.820740 0.804285 0.816833
0.888470 0.886418 0.841879 0.825122 0.810709 0.822812
0.896115 0.883532 0.837624 0.824617 0.807608 0.819057
0.895612 0.883430 0.837810 0.824870 0.807566 0.819275
0.888367 0.886439 0.841874 0.825262 0.810622 0.823183
0.896032 0.881992 0.835570 0.823761 0.806682 0.818729
0.894456 0.885253 0.839361 0.825748 0.808392 0.820299
0.892578 0.885800 0.840561 0.825876 0.809192 0.821241
0.895704 0.882232 0.837034 0.824406 0.807045 0.819076
0.889023 0.886038 0.841997 0.825657 0.810274 0.822472
0.894772 0.884440 0.839013 0.825716 0.808164 0.819154
0.895048 0.884065 0.839039 0.825544 0.807965 0.819078
0.890059 0.885364 0.841589 0.826074 0.809859 0.822097
0.895769 0.882656 0.836774 0.824375 0.806799 0.818801
0.890449 0.885698 0.841573 0.826103 0.809822 0.822097
0.895838 0.883323 0.838416 0.824875 0.807352 0.818914
0.891284 0.884818 0.841276 0.826338 0.809361 0.821441
0.894691 0.884409 0.839201 0.825696 0.808171 0.819704
0.892094 0.884159 0.840810 0.826131 0.808713 0.820987
0.892199 0.883929 0.840776 0.826153 0.808587 0.820751
0.894962 0.884160 0.839334 0.825722 0.807905 0.819628
0.891068 0.884514 0.841278 0.826159 0.809341 0.821546
0.897327 0.882129 0.834975 0.822580 0.805423 0.817871
0.881768 0.887113 0.842505 0.824069 0.810965 0.821945
0.886494 0.837364 0.791010 0.802454 0.772817 0.786342
0.883925 0.885975 0.836737 0.822461 0.808741 0.819696
0.885707 0.885151 0.841430 0.823158 0.810087 0.822061
0.889822 0.861574 0.819019 0.819076 0.797459 0.811427
0.893708 0.875213 0.828616 0.820986 0.805915 0.818249
0.881590 0.887944 0.839355 0.821572 0.808658 0.818765
0.884870 0.886232 0.842306 0.824311 0.809765 0.822018
0.888186 0.871851 0.829810 0.824074 0.800650 0.809880
0.888867 0.868847 0.828493 0.823965 0.799099 0.809011
0.886139 0.884036 0.841984 0.824308 0.809919 0.822735
0.881692 0.886451 0.841779 0.823160 0.810287 0.821169
0.886394 0.885804 0.842609 0.825348 0.810402 0.822398
0.892118 0.877768 0.831585 0.824547 0.806016 0.815166
0.891405 0.875140 0.829618 0.824185 0.803728 0.812955
0.888581 0.882876 0.839970 0.825375 0.809411 0.820759
0.884831 0.886268 0.841996 0.825416 0.811265 0.822993
0.887096 0.886032 0.841069 0.825579 0.811065 0.822891
0.890937 0.883240 0.840032 0.825460 0.808680 0.821160
0.890966 0.882096 0.838782 0.825685 0.808233 0.820199
0.888647 0.884814 0.841416 0.825637 0.810298 0.821878
0.887204 0.885903 0.842107 0.825759 0.810581 0.821963
0.890515 0.884184 0.840795 0.826053 0.809155 0.821014
0.891873 0.881725 0.837234 0.825097 0.808076 0.820533
0.890527 0.882598 0.839959 0.825342 0.808381 0.821387
0.888369 0.885354 0.841804 0.825119 0.810008 0.822842
0.889015 0.884531 0.841470 0.825227 0.809892 0.822230
0.891920 0.882076 0.838868 0.825316 0.808189 0.820422
0.893391 0.882045 0.838185 0.824647 0.807832 0.819797
0.890560 0.884432 0.840363 0.825527 0.809250 0.821299
0.888603 0.885967 0.841578 0.824945 0.809338 0.822634
0.890359 0.883103 0.841004 0.825657 0.808396 0.821574
0.891312 0.881417 0.838619 0.825522 0.807328 0.820478
0.891423 0.883322 0.840283 0.825733 0.808153 0.820907
0.890077 0.886033 0.841265 0.824909 0.810036 0.821751
0.892462 0.885012 0.839675 0.825623 0.808982 0.820498
0.894043 0.883070 0.837827 0.825400 0.807503 0.819211
0.891486 0.883214 0.839570 0.826166 0.808104 0.821325
0.889941 0.884395 0.840938 0.825632 0.809346 0.822363
0.893482 0.884299 0.839469 0.825653 0.808176 0.819957
0.894553 0.884229 0.838172 0.825172 0.807834 0.819150
0.893728 0.885572 0.839629 0.825371 0.808637 0.820125
0.891200 0.885434 0.840801 0.825525 0.809216 0.821981
0.892114 0.883655 0.839263 0.826070 0.808060 0.820777
0.893573 0.883770 0.838592 0.825967 0.807598 0.819360
0.892488 0.885424 0.840269 0.825948 0.808913 0.820340
0.893325 0.885475 0.839846 0.825869 0.808530 0.819858
0.893922 0.884144 0.838679 0.825871 0.807737 0.819328
0.892473 0.883863 0.839011 0.826174 0.807782 0.820362
0.891160 0.884588 0.840673 0.826074 0.808816 0.821463
0.893895 0.884940 0.839546 0.825690 0.807568 0.819863
0.894470 0.885001 0.839200 0.825570 0.807756 0.819405
0.892707 0.885022 0.840075 0.825747 0.808356 0.820791
0.892254 0.884270 0.839531 0.826146 0.808175 0.820863
0.894016 0.884202 0.838298 0.825937 0.807471 0.819649
0.892649 0.884896 0.840163 0.825884 0.808351 0.820918
0.893243 0.885231 0.839994 0.825884 0.808433 0.820647
0.894577 0.884546 0.838579 0.825703 0.807428 0.819727
0.892671 0.884576 0.839398 0.826004 0.808235 0.820659
0.891747 0.884657 0.840247 0.825915 0.808747 0.821391
0.894562 0.884703 0.838875 0.825702 0.807482 0.819825
0.894537 0.885116 0.839353 0.825719 0.807737 0.819996
0.892946 0.885154 0.840076 0.825767 0.808270 0.820848
0.894334 0.884578 0.838692 0.825982 0.807650 0.819811
0.892868 0.884547 0.839364 0.825907 0.808147 0.820687
0.893729 0.885108 0.839823 0.825643 0.807824 0.820600
0.894826 0.885078 0.839323 0.825627 0.807694 0.819941
0.893752 0.885338 0.839953 0.825734 0.807920 0.820656
0.893632 0.884961 0.839571 0.825804 0.807772 0.820443
0.894645 0.884734 0.838804 0.825783 0.807385 0.819788
0.894077 0.885412 0.840000 0.825744 0.807797 0.820398
0.894659 0.885390 0.839687 0.825794 0.807812 0.819962
0.894586 0.885109 0.839470 0.825836 0.807757 0.819865
0.893473 0.885082 0.839966 0.825908 0.807901 0.820592
0.894717 0.885201 0.839496 0.825785 0.807728 0.819886
0.893894 0.885635 0.840162 0.825733 0.807810 0.820528
0.894818 0.885296 0.839411 0.825674 0.807682 0.819947
0.893423 0.885341 0.840097 0.825834 0.807951 0.820857
0.894608 0.885284 0.839535 0.825751 0.807762 0.820105
0.894618 0.885663 0.839680 0.825756 0.807764 0.820254
0.894485 0.885638 0.839798 0.825621 0.807437 0.820243
0.894597 0.885404 0.839579 0.825638 0.807409 0.820113
0.894493 0.885578 0.839732 0.825660 0.807476 0.820308
0.894841 0.885582 0.839537 0.825608 0.807695 0.819864
0.894515 0.885846 0.839857 0.825378 0.807551 0.820322
0.895003 0.885097 0.839373 0.825654 0.807514 0.819393
0.891946 0.885808 0.840750 0.825582 0.808592 0.821678
0.896606 0.883778 0.837001 0.824295 0.806014 0.818365
0.888446 0.886820 0.842301 0.825305 0.810232 0.822749
0.897686 0.878667 0.827805 0.817509 0.801850 0.813535
0.890156 0.887568 0.841862 0.824728 0.809833 0.822262
0.895324 0.885376 0.838485 0.824723 0.807457 0.819367
0.895870 0.881962 0.835782 0.823884 0.805928 0.817767
0.890090 0.887226 0.841592 0.825378 0.809786 0.822328
0.896052 0.884885 0.838241 0.824713 0.807812 0.819038
0.895864 0.883701 0.836867 0.824859 0.807483 0.818611
0.889048 0.886832 0.842097 0.825701 0.809742 0.822127
0.894186 0.883205 0.838476 0.826047 0.807351 0.819318
0.895236 0.884039 0.838698 0.825292 0.807341 0.818861
0.893016 0.887144 0.840958 0.825137 0.809322 0.821388
0.895614 0.884627 0.837672 0.824911 0.807487 0.818561
0.894589 0.884590 0.838336 0.825655 0.807420 0.819007
0.890285 0.886645 0.841240 0.825271 0.809765 0.822541
0.896462 0.884043 0.837846 0.824652 0.806939 0.818591
0.894128 0.886452 0.839979 0.825293 0.808143 0.820335
0.892275 0.886158 0.840700 0.825506 0.808583 0.821420
0.895679 0.883099 0.837818 0.825323 0.806753 0.817989
0.891058 0.886644 0.841231 0.825373 0.809008 0.822250
0.896035 0.884842 0.838603 0.824917 0.807068 0.818889
0.895085 0.885966 0.839548 0.825106 0.807646 0.819486
0.891876 0.886351 0.840783 0.825532 0.808817 0.821947
0.896430 0.882973 0.837107 0.824479 0.805802 0.817551
0.893032 0.886865 0.840589 0.825167 0.808352 0.821439
0.895572 0.885024 0.839178 0.825159 0.806964 0.818478
0.894609 0.884858 0.838950 0.825848 0.807439 0.818851
0.894103 0.886430 0.839993 0.825448 0.807834 0.820535
0.896746 0.884195 0.838158 0.824644 0.806397 0.818568
0.893273 0.886830 0.840734 0.825431 0.808385 0.821284
0.896618 0.883001 0.836812 0.824655 0.806048 0.817138
0.892358 0.886595 0.840820 0.825523 0.808643 0.821540
0.895571 0.885258 0.839188 0.825226 0.806906 0.818417
0.895484 0.885481 0.839510 0.825160 0.807051 0.818643
0.894380 0.886423 0.839990 0.825446 0.807981 0.820252
0.896194 0.883131 0.837614 0.825150 0.806317 0.817417
0.893955 0.886613 0.840320 0.825307 0.807897 0.820873
0.897095 0.883607 0.838024 0.824395 0.805831 0.817459
0.891436 0.886860 0.841456 0.825412 0.809334 0.822337
0.896762 0.882836 0.836837 0.824327 0.805608 0.816855
0.891867 0.887060 0.841508 0.825330 0.809197 0.822037
0.896757 0.883511 0.837940 0.824300 0.806052 0.817303
0.894766 0.886561 0.839897 0.825123 0.807883 0.820483
0.895222 0.885266 0.839696 0.825393 0.807532 0.818865
0.895612 0.884855 0.839557 0.825450 0.807260 0.818190
0.894503 0.886692 0.840106 0.825201 0.808242 0.820650
0.896350 0.883664 0.838768 0.824974 0.806566 0.817731
0.891582 0.886870 0.841271 0.825596 0.809414 0.822016
0.896884 0.883113 0.837226 0.824385 0.805729 0.817042
0.891868 0.887336 0.841905 0.825418 0.809431 0.822062
0.896957 0.883038 0.836713 0.824005 0.805651 0.816756
0.893889 0.887237 0.840633 0.825175 0.808475 0.821079
0.896704 0.883607 0.838158 0.824611 0.806404 0.817185
0.895037 0.886687 0.840006 0.825123 0.808191 0.819982
0.894767 0.885616 0.839910 0.825422 0.807555 0.819514
0.896799 0.883091 0.837400 0.824404 0.806031 0.817276
0.890326 0.887609 0.842310 0.825619 0.809798 0.822274
0.896721 0.882602 0.836459 0.824173 0.805428 0.816609
0.889432 0.886992 0.842577 0.825445 0.809867 0.822462
0.897344 0.882554 0.834875 0.822626 0.804961 0.816849
0.895658 0.887385 0.840200 0.824375 0.808872 0.819863
0.895135 0.885841 0.839275 0.825200 0.808387 0.818962
0.894397 0.883136 0.838343 0.826008 0.807131 0.818210
0.889314 0.887433 0.842363 0.825512 0.809857 0.822551
0.897170 0.884245 0.837715 0.823501 0.806388 0.818178
0.895144 0.886824 0.839911 0.824560 0.808260 0.820112
0.893853 0.884865 0.840032 0.825575 0.807877 0.819917
0.894999 0.882318 0.837688 0.825318 0.806584 0.817184
0.892223 0.887502 0.841196 0.825721 0.809129 0.821450
0.896810 0.885173 0.838814 0.824128 0.806971 0.818073
0.894749 0.886180 0.840406 0.825498 0.808039 0.819813
0.891297 0.885404 0.841222 0.825472 0.808845 0.821245
0.896673 0.883549 0.838236 0.824434 0.806192 0.817213
0.894533 0.887620 0.840781 0.825205 0.808373 0.820779
0.896825 0.883713 0.838488 0.824623 0.806458 0.817502
0.894649 0.885148 0.839971 0.825805 0.807683 0.819440
0.894510 0.886245 0.840128 0.825622 0.808016 0.819986
0.896626 0.884477 0.838855 0.824784 0.806746 0.817874
0.893878 0.887237 0.840863 0.825541 0.808390 0.821073
0.896671 0.883283 0.838216 0.824222 0.805649 0.817248
0.894158 0.887417 0.840725 0.825188 0.807918 0.821380
0.897120 0.883824 0.838169 0.824224 0.805755 0.817292
0.894988 0.886717 0.840238 0.825232 0.807796 0.819948
0.895369 0.885043 0.839883 0.825449 0.807353 0.818723
0.895553 0.885138 0.839863 0.825435 0.807391 0.818648
0.895257 0.886692 0.840198 0.824930 0.808035 0.820119
0.896838 0.883708 0.838649 0.824542 0.806221 0.817493
0.893050 0.886643 0.840984 0.825473 0.808530 0.821413
0.897188 0.883286 0.837468 0.823597 0.805358 0.816778
0.891325 0.887569 0.841968 0.825499 0.809705 0.822271
0.897240 0.881686 0.833349 0.822367 0.804404 0.815703
0.890366 0.887361 0.841837 0.825175 0.810155 0.821775
0.897450 0.882537 0.834833 0.822842 0.805454 0.816742
0.895579 0.886830 0.840185 0.824777 0.808122 0.819531
0.894791 0.886585 0.840284 0.825252 0.808461 0.820050
0.896147 0.882612 0.836694 0.824781 0.806439 0.816795
0.892376 0.887266 0.841695 0.825571 0.809854 0.821243
0.896975 0.883424 0.837497 0.824333 0.806334 0.817107
0.895061 0.885901 0.840167 0.825255 0.807954 0.819472
0.893392 0.886227 0.840887 0.825387 0.808644 0.820869
0.897052 0.883164 0.837711 0.823989 0.805958 0.816924
0.891295 0.887531 0.842199 0.825500 0.809890 0.822295
0.897320 0.882120 0.835266 0.823093 0.804884 0.816242
0.893675 0.886680 0.840975 0.825352 0.808450 0.820934
0.895838 0.884822 0.839638 0.825232 0.807274 0.817970
0.896817 0.884349 0.839082 0.824676 0.806950 0.817859
0.894801 0.887150 0.840665 0.825359 0.808345 0.819949
0.896820 0.882802 0.837080 0.824220 0.805784 0.816806
0.893264 0.886885 0.841274 0.825500 0.808937 0.821297
0.896695 0.883895 0.838843 0.824619 0.806475 0.817468
0.895401 0.886355 0.840266 0.824967 0.807845 0.819271
0.895772 0.885317 0.839916 0.825367 0.807368 0.818753
0.896455 0.884146 0.839276 0.824827 0.806653 0.817604
0.895113 0.886836 0.840525 0.825192 0.808087 0.820137
0.897064 0.883564 0.838113 0.823997 0.805708 0.816730
0.892731 0.887059 0.841684 0.825658 0.808999 0.821454
0.897416 0.882253 0.835526 0.822893 0.804293 0.816192
0.890265 0.887415 0.842466 0.825676 0.809998 0.822522
0.897581 0.881567 0.833030 0.822132 0.804135 0.815661
0.894957 0.887182 0.840972 0.825256 0.808703 0.820403
0.895840 0.884884 0.839642 0.825177 0.807563 0.818127
0.896463 0.883399 0.838034 0.824612 0.806430 0.817268
0.892654 0.887582 0.841644 0.825483 0.809150 0.821307
0.897148 0.882400 0.835485 0.823814 0.805349 0.816185
0.895059 0.886436 0.840286 0.825373 0.808272 0.819452
0.895015 0.886229 0.840553 0.825509 0.808002 0.819425
0.896700 0.883261 0.838148 0.824042 0.805933 0.817084
0.891274 0.887203 0.842268 0.825679 0.809894 0.821670
0.897568 0.882153 0.835263 0.822907 0.804700 0.815916
0.894816 0.887151 0.840783 0.825273 0.808568 0.820615
0.895589 0.884394 0.839815 0.825526 0.807454 0.818640
0.896500 0.883376 0.838215 0.824753 0.806579 0.817309
0.895317 0.887164 0.840575 0.825246 0.808700 0.819857
0.897112 0.883301 0.837841 0.824062 0.805600 0.817067
0.893642 0.886198 0.840815 0.825436 0.808327 0.820481
0.895951 0.884689 0.839707 0.825231 0.807307 0.817944
0.896649 0.885203 0.839398 0.824541 0.806954 0.818154
0.895417 0.886739 0.840430 0.824963 0.808093 0.819404
0.896493 0.883103 0.837765 0.824593 0.805766 0.816997
0.893282 0.886975 0.841484 0.825638 0.808615 0.820923
0.897405 0.883376 0.837718 0.823534 0.805073 0.816561
0.894650 0.887603 0.841084 0.825354 0.808079 0.820083
0.896559 0.883186 0.837755 0.824345 0.805615 0.816871
0.894947 0.887035 0.840598 0.825356 0.808389 0.820025
0.896507 0.884153 0.839116 0.824951 0.806528 0.817659
0.896280 0.885382 0.839690 0.824936 0.807147 0.818385
0.895736 0.885715 0.840066 0.825325 0.807615 0.819044
0.896500 0.883865 0.838903 0.824831 0.806146 0.817379
0.894876 0.887174 0.840928 0.825471 0.808350 0.820036
0.897273 0.882966 0.837166 0.823888 0.804860 0.816237
0.890726 0.887508 0.842419 0.825636 0.810261 0.821809
0.897158 0.881971 0.835234 0.822782 0.803922 0.815783
0.891513 0.887523 0.842159 0.825510 0.809707 0.822370
0.897337 0.882560 0.835717 0.823375 0.804849 0.816268
0.895854 0.886448 0.839944 0.824897 0.808037 0.818963
0.895223 0.886516 0.840244 0.825131 0.808115 0.819813
0.896623 0.882254 0.836037 0.824433 0.805556 0.816648
0.893604 0.887667 0.841193 0.825181 0.809431 0.820246
0.896688 0.884219 0.838721 0.824673 0.806825 0.817670
0.896063 0.884473 0.839197 0.824981 0.807009 0.817771
0.891214 0.887271 0.842045 0.825818 0.809665 0.821874
0.897339 0.881644 0.834287 0.823018 0.804317 0.815237
0.892573 0.887219 0.841909 0.825511 0.809272 0.820993
0.896625 0.884075 0.838423 0.824133 0.806166 0.817455
0.895993 0.885826 0.840020 0.824791 0.807582 0.818509
0.893754 0.886952 0.841206 0.825327 0.809119 0.820500
0.896388 0.883115 0.837450 0.824968 0.806502 0.816969
0.896230 0.885648 0.839891 0.825057 0.807814 0.818359
0.896184 0.884587 0.839418 0.825116 0.807141 0.817991
0.895987 0.883770 0.838480 0.825418 0.807031 0.817359
0.894933 0.886615 0.840541 0.825476 0.808502 0.819194
0.897115 0.884861 0.838747 0.824184 0.805727 0.816787
0.894305 0.887293 0.841086 0.825449 0.808262 0.820535
0.896707 0.883405 0.838592 0.824359 0.805513 0.817195
0.895411 0.885980 0.840409 0.825494 0.807812 0.819653
0.896879 0.884703 0.839145 0.824681 0.806297 0.817657
0.896585 0.885331 0.839542 0.824780 0.807120 0.818146
0.895499 0.884990 0.839870 0.825603 0.807482 0.818270
0.896219 0.884464 0.839304 0.824845 0.806731 0.817394
0.895979 0.887463 0.840340 0.824734 0.808281 0.819047
0.896596 0.883553 0.837600 0.824500 0.805205 0.816725
0.893141 0.887198 0.841483 0.825574 0.808797 0.821401
0.897354 0.883357 0.837364 0.823295 0.804360 0.816656
0.892273 0.887833 0.841590 0.825162 0.809340 0.821916
0.897157 0.881724 0.834619 0.823651 0.804317 0.815069
0.894798 0.887410 0.840791 0.825304 0.808167 0.820426
0.896258 0.884492 0.839276 0.824997 0.806805 0.817711
0.896292 0.885061 0.839428 0.824801 0.807262 0.817904
0.895848 0.886796 0.840232 0.824881 0.808394 0.819105
0.896518 0.884209 0.838784 0.824511 0.806448 0.817383
0.894085 0.887315 0.840881 0.825565 0.808662 0.820395
0.896366 0.883385 0.837514 0.824765 0.805851 0.816761
0.895802 0.885890 0.840234 0.825535 0.807978 0.818806
0.896502 0.885196 0.839762 0.824955 0.806791 0.817834
0.896437 0.884711 0.839333 0.824861 0.806645 0.817505
0.895615 0.886693 0.840422 0.825184 0.808005 0.819468
0.897106 0.884019 0.838392 0.824027 0.805158 0.816805
0.894970 0.887680 0.840722 0.825503 0.808528 0.820360
0.896763 0.882938 0.836949 0.824230 0.804660 0.816125
0.893409 0.887147 0.841235 0.825627 0.808521 0.821074
0.897623 0.882947 0.836264 0.822753 0.804069 0.816016
0.894537 0.887788 0.840776 0.825249 0.808286 0.820779
0.895806 0.883335 0.837692 0.825239 0.806596 0.817042
0.896157 0.885769 0.839815 0.824899 0.807677 0.818332
0.896163 0.886922 0.840166 0.824654 0.808022 0.819201
0.896887 0.883205 0.837144 0.824013 0.804974 0.816662
0.891769 0.886999 0.841672 0.826057 0.809659 0.821243
0.896407 0.884129 0.839035 0.824715 0.806529 0.817054
0.896330 0.887029 0.840159 0.824519 0.807719 0.818623
0.896764 0.884734 0.839095 0.824689 0.806560 0.817518
0.896332 0.884207 0.839341 0.825062 0.806816 0.817459
0.895350 0.886864 0.840462 0.825621 0.808033 0.819494
0.896988 0.884255 0.838571 0.824320 0.805403 0.816663
0.895314 0.887457 0.840624 0.825288 0.808283 0.819665
0.896727 0.884018 0.838278 0.824011 0.804911 0.816850
0.893819 0.887609 0.841203 0.825525 0.808494 0.820864
0.897093 0.883295 0.836924 0.824147 0.804892 0.816264
0.895332 0.887246 0.840491 0.825321 0.808063 0.819657
0.896635 0.883927 0.838248 0.824022 0.805350 0.817287
0.895418 0.887521 0.840503 0.825129 0.807980 0.819296
0.896467 0.884497 0.838255 0.824700 0.806432 0.817094
0.896137 0.886257 0.839918 0.824901 0.807429 0.818206
0.896205 0.885308 0.839962 0.825365 0.807200 0.818080
0.896693 0.883701 0.838469 0.824629 0.805909 0.817113
0.895938 0.887018 0.840250 0.825246 0.808085 0.819253
0.896831 0.885519 0.839484 0.824641 0.806476 0.817132
0.895958 0.886054 0.840385 0.825595 0.807331 0.818315
0.896424 0.883932 0.838703 0.824885 0.805916 0.816946
0.896324 0.885105 0.839692 0.825090 0.806747 0.817601
0.896487 0.886111 0.839907 0.824672 0.806700 0.818172
0.896590 0.885295 0.839517 0.824678 0.806334 0.817509
0.896271 0.885445 0.839868 0.825024 0.806817 0.817924
0.896841 0.884478 0.839190 0.824709 0.805581 0.816927
0.895742 0.887266 0.840491 0.825230 0.807842 0.819172
0.896928 0.883511 0.837749 0.824419 0.804842 0.816083
0.892411 0.887809 0.841926 0.825324 0.809088 0.821380
0.897345 0.881247 0.831748 0.820878 0.801794 0.813859
0.886052 0.887662 0.842394 0.824576 0.809489 0.822126
0.896369 0.878862 0.828748 0.821672 0.802802 0.812879
0.895819 0.886808 0.839953 0.825308 0.808172 0.818645
0.893322 0.887585 0.840851 0.825492 0.808145 0.821067
0.895954 0.878922 0.829639 0.821428 0.802240 0.813235
0.888968 0.887015 0.841534 0.824693 0.810120 0.821267
0.893053 0.887210 0.840937 0.824500 0.809543 0.819219
0.896991 0.883902 0.835986 0.823050 0.806007 0.816917
0.892770 0.887175 0.840388 0.825068 0.808420 0.819045
0.895636 0.881525 0.835031 0.825130 0.806235 0.815465
0.894643 0.883985 0.837270 0.825726 0.807490 0.817008
0.895367 0.885480 0.838986 0.825418 0.807961 0.818311
0.896351 0.883445 0.836809 0.824703 0.805603 0.816580
0.894408 0.886863 0.840981 0.824701 0.808293 0.820650
0.895348 0.886846 0.840911 0.824348 0.808438 0.819804
0.896747 0.885651 0.839258 0.823730 0.806903 0.818776
0.895405 0.886910 0.840582 0.824383 0.808840 0.820179
0.895973 0.884240 0.840073 0.825256 0.807499 0.818554
0.896366 0.883325 0.838658 0.824078 0.805665 0.817452
0.894863 0.885313 0.839886 0.825624 0.807243 0.819969
0.896437 0.884823 0.838952 0.824410 0.805806 0.818301
0.896632 0.884901 0.839203 0.824831 0.806315 0.817808
0.894995 0.886587 0.840562 0.825123 0.808614 0.819564
0.896903 0.885408 0.838859 0.824000 0.805578 0.817196
0.895779 0.887523 0.840282 0.824419 0.807761 0.819959
0.896239 0.885033 0.839271 0.824586 0.806192 0.817661
0.895890 0.884782 0.839592 0.825386 0.806758 0.818367
0.895781 0.885640 0.839928 0.825404 0.806987 0.818854
0.897060 0.884486 0.838971 0.824529 0.805355 0.817377
0.895759 0.885504 0.839950 0.825556 0.807075 0.818076
0.896372 0.884421 0.839396 0.825382 0.806762 0.817485
0.896395 0.884519 0.839416 0.825373 0.806771 0.817556
0.896253 0.885193 0.839632 0.825236 0.807080 0.817898
0.896272 0.883943 0.839150 0.825070 0.806219 0.817549
0.895938 0.884843 0.839724 0.825582 0.807066 0.817921
0.896365 0.884490 0.839262 0.825085 0.806387 0.817426
0.896505 0.885349 0.839313 0.824978 0.806527 0.817425
0.895978 0.885794 0.839800 0.825380 0.806822 0.818522
0.896637 0.884146 0.839196 0.824972 0.805776 0.816928
0.895658 0.885513 0.839854 0.825942 0.806940 0.818328
0.896626 0.884090 0.839112 0.824838 0.805231 0.816727
0.896201 0.885809 0.839778 0.825230 0.806656 0.817752
0.896510 0.884515 0.839357 0.824926 0.805694 0.817036
0.896312 0.886557 0.839890 0.824432 0.806495 0.818070
0.896753 0.885889 0.839682 0.824363 0.805796 0.817528
0.896487 0.886809 0.839787 0.824015 0.806307 0.818064
0.896479 0.885513 0.839622 0.824898 0.806098 0.817520
0.896498 0.885396 0.839605 0.824974 0.806051 0.817396
0.896525 0.885692 0.839523 0.824917 0.806219 0.817183
0.896407 0.885555 0.839744 0.824937 0.806334 0.817363
0.896299 0.885730 0.839829 0.825040 0.806462 0.817791
0.896628 0.885163 0.839610 0.824948 0.806061 0.817147
0.896477 0.885694 0.839689 0.825040 0.806361 0.817639
0.896661 0.884749 0.839539 0.824933 0.805816 0.817122
0.896111 0.887013 0.840033 0.824657 0.806943 0.818856
0.896846 0.884437 0.839121 0.824596 0.805421 0.816694
0.895514 0.887689 0.840455 0.825354 0.807625 0.819973
0.896895 0.883212 0.837963 0.823909 0.804126 0.815502
0.891817 0.887724 0.841976 0.825293 0.809248 0.821225
0.897179 0.881847 0.834737 0.822831 0.802805 0.814562
0.892854 0.887813 0.841437 0.825010 0.808674 0.821033
0.896821 0.883327 0.838179 0.824224 0.805159 0.816349
0.896277 0.885937 0.839623 0.824871 0.807072 0.817735
0.895195 0.887587 0.840650 0.825079 0.808375 0.819189
0.897164 0.882030 0.836102 0.823852 0.804173 0.815419
0.893455 0.887671 0.841320 0.825402 0.809109 0.820453
0.896986 0.883811 0.838669 0.824606 0.805775 0.816778
0.896649 0.885694 0.839808 0.824847 0.806663 0.817688
0.894915 0.887365 0.840804 0.825516 0.808221 0.819944
0.896484 0.882523 0.837091 0.824165 0.804569 0.815410
0.895280 0.886859 0.840734 0.825449 0.808294 0.819980
0.896843 0.885334 0.839719 0.824414 0.805969 0.817562
0.896251 0.887542 0.840295 0.824560 0.807272 0.819203
0.896375 0.885814 0.839113 0.824430 0.806614 0.818295
0.896721 0.884867 0.839475 0.824879 0.805993 0.817487
0.896700 0.885643 0.839880 0.825096 0.805989 0.817942
0.896990 0.884735 0.839283 0.824442 0.805277 0.817141
0.895314 0.887259 0.840761 0.825353 0.807616 0.819886
0.896883 0.883210 0.837371 0.824247 0.804363 0.815260
0.895384 0.888068 0.841141 0.824729 0.807840 0.819696
0.897192 0.884010 0.838380 0.824153 0.804762 0.816315
0.895435 0.887372 0.840443 0.825301 0.807411 0.819761
0.896385 0.884426 0.839331 0.825060 0.806456 0.817610
0.896875 0.885227 0.839445 0.824994 0.806207 0.817278
0.896410 0.887278 0.840187 0.824233 0.806826 0.818625
0.896535 0.884427 0.839112 0.824475 0.805486 0.816976
0.895034 0.887633 0.840725 0.825753 0.807824 0.819392
0.896412 0.885482 0.839746 0.824567 0.806494 0.817476
0.896161 0.886513 0.840254 0.825288 0.807049 0.818316
0.896673 0.884375 0.838859 0.824106 0.805053 0.817289
0.896222 0.886256 0.840066 0.825088 0.806984 0.818752
0.896590 0.886277 0.839698 0.824386 0.806450 0.818162
0.896432 0.887285 0.840026 0.824278 0.806679 0.818530
0.896526 0.885588 0.839848 0.825138 0.806401 0.817633
0.896767 0.885170 0.839700 0.824975 0.805999 0.817212
0.896329 0.887214 0.840032 0.824576 0.806495 0.818355
0.896847 0.885030 0.839469 0.824919 0.805700 0.817296
0.895554 0.887487 0.840549 0.825350 0.807261 0.819765
0.897048 0.884022 0.839163 0.824434 0.805273 0.816825
0.896436 0.887605 0.840283 0.824469 0.806839 0.818772
0.897044 0.884559 0.838864 0.824077 0.804876 0.816462
0.894844 0.887924 0.841216 0.825354 0.808000 0.820275
0.896724 0.883174 0.837965 0.824223 0.804520 0.815770
0.895599 0.887806 0.840631 0.825515 0.807262 0.819970
0.896973 0.883271 0.838275 0.823960 0.804392 0.816275
0.895245 0.887371 0.840795 0.825555 0.808077 0.820286
0.896805 0.885907 0.839560 0.824218 0.806024 0.817459
0.896358 0.887225 0.840199 0.824481 0.806725 0.818593
0.896271 0.886672 0.840039 0.824542 0.806809 0.818214
0.896469 0.883815 0.838702 0.825252 0.805639 0.816904
0.895829 0.886963 0.840275 0.825223 0.807174 0.819227
0.896757 0.885660 0.839916 0.824687 0.805611 0.817230
0.896014 0.887381 0.840448 0.825016 0.807077 0.819483
0.896855 0.884130 0.839310 0.824731 0.805219 0.816694
0.895673 0.887661 0.840638 0.825200 0.807044 0.819569
0.897002 0.884673 0.839180 0.824364 0.805134 0.816735
0.895288 0.887888 0.841061 0.825177 0.807543 0.820237
0.896821 0.883142 0.837403 0.824042 0.804068 0.815165
0.894441 0.888121 0.841594 0.825242 0.807284 0.820677
0.896895 0.883540 0.838392 0.824008 0.804464 0.816393
0.896021 0.887531 0.840397 0.825150 0.807200 0.819117
0.896882 0.884740 0.839473 0.824811 0.805732 0.817089
0.896182 0.887270 0.840218 0.824661 0.806882 0.818214
0.896231 0.887521 0.840339 0.824629 0.806851 0.818345
0.896998 0.884574 0.839234 0.824607 0.805466 0.816746
0.894836 0.887694 0.841004 0.825783 0.807726 0.820217
0.897083 0.884046 0.838975 0.824337 0.804933 0.816521
0.895114 0.888014 0.841256 0.825375 0.807671 0.820475
0.897160 0.883810 0.838562 0.823897 0.804324 0.816261
0.896006 0.887663 0.840592 0.825096 0.807086 0.819324
0.896713 0.885295 0.839901 0.824903 0.805845 0.817459
0.896479 0.886679 0.839991 0.824352 0.806320 0.818042
0.896419 0.886901 0.839982 0.824534 0.806293 0.818120
0.896743 0.885584 0.839826 0.824944 0.805859 0.817350
0.896288 0.887348 0.840318 0.824600 0.806843 0.818787
0.896843 0.884827 0.839759 0.824803 0.805493 0.817029
0.896132 0.887532 0.840555 0.824828 0.806751 0.818935
0.896965 0.884710 0.839235 0.824289 0.804913 0.816404
0.894221 0.887940 0.841475 0.825583 0.807427 0.820654
0.896576 0.882905 0.837352 0.824036 0.804016 0.815393
0.894907 0.888050 0.841454 0.825431 0.807646 0.820397
0.896851 0.883674 0.838381 0.824030 0.804361 0.816355
0.895755 0.887763 0.841127 0.824932 0.807251 0.819874
0.896771 0.885477 0.839598 0.824382 0.805924 0.817342
0.896535 0.886603 0.839912 0.824515 0.806497 0.817907
0.896204 0.887474 0.840496 0.824780 0.806712 0.818694
0.896975 0.883898 0.838999 0.824506 0.804935 0.816461
0.893997 0.887608 0.842610 0.825196 0.808632 0.821048
0.897105 0.884665 0.839166 0.824192 0.804713 0.816745
0.895319 0.887746 0.840919 0.825642 0.806872 0.819570
0.896695 0.884589 0.839821 0.824891 0.805575 0.817207
0.896438 0.886679 0.840085 0.824589 0.806379 0.818373
0.896892 0.886469 0.840133 0.824207 0.805670 0.817652
0.896324 0.887546 0.840437 0.824735 0.806353 0.819028
0.896694 0.884713 0.839651 0.824864 0.805679 0.817269
0.896401 0.887276 0.840270 0.824893 0.806493 0.818816
0.897181 0.884913 0.839393 0.824472 0.804977 0.816898
0.896071 0.887652 0.840707 0.825188 0.806812 0.819708
0.896776 0.883951 0.839221 0.824509 0.804802 0.816547
0.895356 0.888020 0.841188 0.825426 0.806579 0.819875
0.896958 0.883745 0.838637 0.824052 0.804256 0.816203
0.895056 0.887763 0.841253 0.825434 0.807773 0.820207
0.896826 0.884363 0.839084 0.824464 0.804888 0.816655
0.896173 0.887612 0.840603 0.824995 0.806505 0.819300
0.896777 0.885648 0.839816 0.824445 0.805681 0.817545
0.896288 0.886655 0.840193 0.824572 0.806520 0.818131
0.896570 0.886607 0.840162 0.824670 0.806267 0.818085
0.896772 0.886113 0.839951 0.824455 0.805740 0.817639
0.896306 0.887184 0.840508 0.824506 0.806603 0.819013
0.896638 0.885808 0.839970 0.824573 0.805805 0.817727
0.896586 0.886833 0.840300 0.824527 0.806210 0.818332
0.896708 0.885354 0.839995 0.824942 0.805545 0.817371
0.896493 0.887161 0.840146 0.824526 0.805879 0.818004
0.896812 0.886352 0.840097 0.824436 0.805530 0.817551
0.896379 0.887256 0.840387 0.824607 0.806305 0.818528
0.896861 0.885012 0.839882 0.824819 0.805462 0.817227
0.896262 0.887080 0.840215 0.824864 0.806186 0.818641
0.897007 0.885309 0.839758 0.824707 0.805024 0.816915
0.896178 0.887901 0.840768 0.825027 0.806244 0.819609
0.896262 0.883051 0.837783 0.823645 0.803342 0.815209
0.888482 0.887672 0.843783 0.825133 0.809827 0.822164
0.896582 0.882961 0.836962 0.823774 0.802991 0.814906
0.892513 0.887982 0.842512 0.824566 0.807847 0.821503
0.896039 0.880890 0.834781 0.822519 0.801989 0.813649
0.894759 0.886696 0.841627 0.825178 0.807615 0.820295
0.895470 0.887527 0.841201 0.824903 0.807235 0.819390
0.897365 0.883672 0.838135 0.823412 0.804025 0.816352
0.889398 0.888015 0.843127 0.824492 0.808493 0.820769
0.895484 0.882624 0.836210 0.824326 0.803494 0.815635
0.895123 0.884301 0.838353 0.824272 0.805645 0.817533
0.889240 0.887726 0.843844 0.824878 0.809862 0.822150
0.896038 0.883702 0.836875 0.822304 0.802523 0.816075
0.890292 0.887464 0.843354 0.825503 0.808390 0.821436
0.895719 0.884790 0.838025 0.824956 0.806013 0.817778
0.897116 0.883630 0.836158 0.823142 0.804154 0.815612
0.896411 0.887539 0.840717 0.824412 0.806870 0.819673
0.897072 0.885124 0.838893 0.823849 0.804605 0.818378
0.896350 0.884985 0.840206 0.824823 0.805405 0.819480
0.892089 0.886804 0.843106 0.825063 0.809539 0.822231
0.897256 0.885371 0.839091 0.824244 0.805307 0.818052
0.897209 0.884440 0.839396 0.824067 0.804504 0.818217
0.894919 0.887648 0.841064 0.825461 0.807048 0.820567
0.896483 0.883862 0.838806 0.824643 0.804808 0.816860
0.896323 0.886110 0.840066 0.824527 0.806273 0.818299
0.895968 0.887285 0.840490 0.824826 0.806764 0.819276
0.896913 0.884318 0.839024 0.824038 0.805049 0.817851
0.895907 0.887223 0.840702 0.825099 0.807893 0.819364
0.896887 0.886251 0.839789 0.824531 0.806207 0.818367
0.897223 0.885939 0.839429 0.824369 0.805514 0.817533
0.895823 0.887918 0.840722 0.825082 0.806123 0.819408
0.896380 0.884612 0.839580 0.825332 0.805432 0.817071
0.895906 0.886155 0.840407 0.825690 0.806988 0.819291
0.896509 0.886987 0.840284 0.824850 0.805944 0.818328
0.897082 0.886386 0.839977 0.824585 0.805244 0.817895
0.896230 0.886678 0.840565 0.825487 0.806864 0.819239
0.896612 0.884800 0.839799 0.825195 0.805904 0.817736
0.896965 0.885392 0.839996 0.825244 0.805731 0.817692
0.896737 0.887449 0.840198 0.824786 0.805904 0.818802
0.896601 0.884812 0.839513 0.824750 0.805216 0.817540
0.896277 0.886455 0.840276 0.825142 0.806661 0.818889
0.896817 0.886170 0.840146 0.824490 0.806016 0.818293
0.897003 0.885462 0.839939 0.824631 0.805468 0.817503
0.896344 0.887161 0.840421 0.824967 0.806317 0.818988
0.896576 0.884873 0.839762 0.824977 0.805282 0.817274
0.896403 0.887006 0.840236 0.824817 0.806205 0.818298
0.896766 0.886586 0.840075 0.824747 0.805868 0.818145
0.896819 0.885301 0.840023 0.825034 0.805480 0.817656
0.896174 0.887473 0.840438 0.825045 0.806735 0.819479
0.896742 0.885086 0.839860 0.824593 0.805140 0.817124
0.896513 0.887456 0.840548 0.824797 0.806119 0.818833
0.896805 0.885342 0.840008 0.824787 0.805311 0.817416
0.896429 0.886905 0.840273 0.824740 0.806307 0.818494
0.896731 0.886583 0.840214 0.824668 0.805873 0.818127
0.896954 0.886118 0.840227 0.824830 0.805475 0.817784
0.896651 0.887192 0.840378 0.824820 0.806317 0.818519
0.896922 0.885118 0.840007 0.824879 0.805479 0.817467
0.896443 0.887258 0.840505 0.824854 0.806548 0.818607
0.896934 0.885313 0.840042 0.824688 0.805011 0.817144
0.896414 0.887504 0.840608 0.824863 0.806151 0.819173
0.896514 0.884900 0.839989 0.824721 0.805014 0.817150
0.896540 0.887306 0.840304 0.824831 0.806015 0.818557
0.897001 0.885440 0.839985 0.824780 0.805340 0.817520
0.896582 0.887117 0.840259 0.824818 0.806007 0.818507
0.896792 0.885491 0.840040 0.825068 0.805337 0.817456
0.896721 0.886828 0.840174 0.824503 0.805846 0.818212
0.896777 0.886452 0.840171 0.824688 0.805737 0.818093
0.896880 0.886198 0.840094 0.824814 0.805657 0.817789
0.896428 0.887133 0.840323 0.824784 0.806112 0.818375
0.896912 0.885822 0.840072 0.824893 0.805423 0.817472
0.896561 0.887246 0.840326 0.824845 0.805984 0.818503
0.896946 0.885085 0.839944 0.824690 0.804902 0.817051
0.896135 0.887693 0.840785 0.825234 0.806147 0.820001
0.897069 0.884632 0.839628 0.824317 0.804393 0.816610
0.896113 0.887910 0.840978 0.825123 0.806444 0.820335
0.896753 0.884322 0.839414 0.824328 0.804531 0.816649
0.895920 0.887936 0.841096 0.825269 0.806661 0.820360
0.896867 0.884525 0.839439 0.824321 0.804388 0.816436
0.896187 0.887784 0.840743 0.825037 0.806154 0.819095
0.897014 0.885138 0.839949 0.824843 0.805431 0.817487
0.896627 0.886641 0.840224 0.824798 0.805844 0.818134
0.896890 0.887267 0.840252 0.824697 0.805677 0.818440
0.896751 0.885766 0.840064 0.824977 0.805512 0.817475
0.896260 0.887266 0.840477 0.825201 0.806346 0.819547
0.896994 0.884864 0.839831 0.824620 0.804902 0.816783
0.896380 0.887548 0.840588 0.825115 0.805611 0.818857
0.896821 0.884898 0.839771 0.824547 0.804763 0.817054
0.896264 0.887596 0.840788 0.824962 0.805976 0.819814
0.897014 0.884987 0.839803 0.824668 0.804734 0.816734
0.896523 0.887554 0.840478 0.825090 0.805459 0.818787
0.896748 0.885155 0.840071 0.824910 0.805263 0.817522
0.896337 0.887127 0.840385 0.825087 0.806016 0.818817
0.896917 0.886311 0.840170 0.824613 0.805431 0.817940
0.896698 0.886453 0.840309 0.825177 0.805624 0.818309
0.896754 0.885576 0.840219 0.825270 0.805768 0.817718
0.896924 0.885695 0.840038 0.825221 0.805433 0.817459
0.896632 0.887594 0.840443 0.824856 0.805190 0.818750
0.896825 0.884835 0.839872 0.824791 0.804849 0.816794
0.896205 0.887742 0.840702 0.825389 0.805915 0.820266
0.897317 0.884375 0.839314 0.824295 0.804214 0.816513
0.891778 0.887895 0.843436 0.825525 0.808767 0.821897
0.895853 0.882885 0.837414 0.823725 0.802804 0.815326
0.895713 0.888045 0.841312 0.824918 0.806534 0.819413
0.896663 0.883989 0.839566 0.824318 0.804498 0.816457
0.894174 0.887193 0.842789 0.825178 0.807792 0.820495
0.897060 0.885246 0.839767 0.824083 0.804848 0.816752
0.895855 0.887601 0.840675 0.825059 0.805766 0.819398
0.896277 0.884789 0.839750 0.825449 0.805613 0.817314
0.896465 0.885741 0.839714 0.825652 0.806101 0.817750
0.897091 0.885099 0.839799 0.824760 0.804857 0.816868
0.896666 0.885565 0.840139 0.825357 0.805699 0.817816
0.895432 0.885566 0.840991 0.825618 0.806795 0.819251
0.896361 0.885388 0.839939 0.825136 0.805557 0.817648
0.896741 0.887464 0.840382 0.824705 0.805029 0.818996
0.897295 0.885178 0.839620 0.824782 0.804982 0.817009
0.896268 0.885531 0.840383 0.826084 0.806283 0.818395
0.897138 0.884213 0.839660 0.824805 0.804975 0.817248
0.896536 0.887617 0.840544 0.824636 0.805367 0.818969
0.896955 0.885069 0.839852 0.824731 0.804748 0.816883
0.896189 0.887384 0.840624 0.824872 0.805937 0.819641
0.897041 0.885441 0.839978 0.824802 0.805100 0.817557
0.896899 0.886273 0.840106 0.824701 0.805651 0.818229
0.896904 0.885112 0.839975 0.825389 0.805921 0.817800
0.896879 0.885424 0.840038 0.825341 0.805991 0.817812
0.896872 0.887164 0.840330 0.824689 0.805992 0.818723
0.897061 0.885545 0.840019 0.824802 0.805130 0.817510
0.896493 0.887392 0.840531 0.825056 0.806313 0.818832
0.896858 0.884431 0.839625 0.824731 0.804842 0.817083
0.895852 0.887566 0.840852 0.825533 0.806789 0.820346
0.896491 0.883936 0.839187 0.824169 0.803691 0.816268
0.893897 0.887871 0.842444 0.825405 0.807110 0.821113
0.895717 0.882811 0.837950 0.823989 0.803422 0.816120
0.895291 0.887807 0.841788 0.825123 0.806894 0.820208
0.897140 0.884479 0.839421 0.824354 0.804427 0.816808
0.896301 0.887016 0.840624 0.825211 0.805957 0.818983
0.896702 0.886842 0.840383 0.824874 0.806237 0.818676
0.897474 0.883929 0.838870 0.823745 0.803915 0.815853
0.892363 0.887661 0.843356 0.825647 0.808281 0.821673
0.896358 0.883754 0.838582 0.825382 0.804795 0.816550
0.895620 0.887320 0.840896 0.825547 0.806789 0.820032
0.896156 0.886060 0.840467 0.825466 0.806614 0.818418
0.896779 0.884016 0.838802 0.823343 0.803877 0.816349
0.895887 0.887941 0.841300 0.824932 0.806585 0.819951
0.896384 0.883263 0.838232 0.824467 0.804243 0.815947
0.896243 0.886384 0.840460 0.825550 0.805709 0.818798
0.896425 0.885575 0.840290 0.825589 0.805496 0.818425
0.897623 0.883237 0.838327 0.824432 0.804257 0.816251
0.893623 0.887482 0.842771 0.825412 0.807710 0.821173
0.896631 0.884711 0.839336 0.824019 0.804319 0.816564
0.896521 0.886965 0.840423 0.824970 0.805652 0.818711
0.896202 0.886556 0.840383 0.825285 0.806720 0.818089
0.896318 0.883517 0.838503 0.825209 0.805067 0.816119
0.896725 0.887147 0.840405 0.825039 0.806679 0.818600
0.897093 0.885439 0.840354 0.824976 0.805174 0.817947
0.896609 0.887185 0.840480 0.824666 0.806322 0.819290
0.896691 0.886764 0.840121 0.824306 0.805908 0.818327
0.896872 0.885708 0.840055 0.824468 0.805282 0.817526
0.897269 0.885645 0.840228 0.824768 0.805400 0.817840
0.896272 0.886362 0.840505 0.825134 0.806257 0.818149
0.896426 0.884384 0.839388 0.825112 0.805237 0.817429
0.896833 0.887339 0.840738 0.824634 0.805299 0.818991
0.897036 0.885289 0.839940 0.825039 0.804966 0.817511
0.896380 0.885360 0.840353 0.825798 0.805982 0.818333
0.896275 0.886204 0.840463 0.825637 0.806043 0.819502
0.897230 0.884693 0.839806 0.825099 0.805106 0.817165
0.896591 0.887331 0.840526 0.825083 0.805569 0.819149
0.896513 0.884888 0.839796 0.825111 0.805020 0.817559
0.896768 0.886353 0.840296 0.825557 0.805179 0.818423
0.896925 0.885528 0.840159 0.825370 0.804966 0.818403
0.896888 0.885152 0.839892 0.825202 0.805071 0.817971
0.896412 0.887269 0.840661 0.824835 0.805590 0.819421
0.896909 0.885457 0.840130 0.825002 0.805116 0.817533
0.896275 0.887573 0.840722 0.825113 0.805798 0.819254
0.896787 0.884886 0.839878 0.824970 0.804900 0.817077
0.896516 0.887460 0.840649 0.825160 0.805736 0.818951
0.896656 0.885128 0.839948 0.824915 0.804941 0.817612
0.896259 0.887596 0.840896 0.825210 0.805637 0.819485
0.896948 0.885211 0.839769 0.824857 0.804663 0.817143
0.896304 0.887468 0.840805 0.825338 0.805757 0.819657
0.896890 0.884973 0.839968 0.825103 0.804855 0.817457
0.896333 0.887185 0.840461 0.825212 0.805989 0.819250
0.896812 0.885241 0.839818 0.824951 0.804764 0.817296
0.896200 0.887667 0.840771 0.825223 0.805873 0.819167
0.896822 0.884670 0.839991 0.824848 0.805037 0.817046
0.896127 0.887251 0.840879 0.825355 0.806314 0.819539
0.897041 0.884723 0.839656 0.824691 0.804522 0.816755
0.895377 0.887803 0.841267 0.825744 0.806457 0.820896
0.896027 0.883178 0.838432 0.824649 0.803995 0.815968
0.895768 0.887680 0.841119 0.825483 0.806668 0.819454
0.897024 0.883598 0.839088 0.824270 0.804108 0.816289
0.891895 0.887606 0.843338 0.825840 0.808379 0.821910
0.896353 0.883534 0.838081 0.824431 0.804187 0.816356
0.896557 0.887575 0.841001 0.825024 0.805267 0.818873
0.897068 0.885628 0.840290 0.825083 0.805204 0.817776
0.896604 0.884153 0.839905 0.824930 0.804887 0.816890
0.896371 0.887214 0.840726 0.825133 0.805961 0.818639
0.896866 0.885409 0.840192 0.824924 0.804890 0.817700
0.896535 0.885613 0.840390 0.825448 0.805645 0.818346
0.896453 0.885152 0.840281 0.825882 0.806057 0.818000
0.896975 0.883942 0.839224 0.825511 0.805268 0.817237
0.896768 0.887258 0.840414 0.825145 0.805427 0.818714
0.896015 0.884605 0.839541 0.824850 0.804697 0.817354
0.895291 0.887776 0.841064 0.825834 0.806424 0.820359
0.897493 0.884412 0.839480 0.824703 0.804554 0.816486
0.896422 0.887359 0.840534 0.824981 0.805887 0.818908
0.896529 0.885052 0.839900 0.825390 0.805462 0.817841
0.896731 0.886638 0.840258 0.825113 0.805667 0.818371
0.896995 0.884619 0.839921 0.825021 0.804791 0.817071
0.896480 0.886548 0.840309 0.825082 0.806112 0.818983
0.896061 0.885652 0.840473 0.826031 0.806217 0.818281
0.896918 0.885295 0.840227 0.825182 0.805640 0.817801
0.896749 0.887132 0.840321 0.824519 0.805552 0.818760
0.896620 0.885345 0.839784 0.824450 0.804230 0.817450
0.895915 0.887901 0.840780 0.825154 0.806109 0.818785
0.896688 0.883921 0.839521 0.824568 0.804329 0.816245
0.893901 0.887698 0.842639 0.825692 0.807323 0.820967
0.896781 0.883112 0.838536 0.823222 0.802542 0.815074
0.893158 0.888114 0.842394 0.825343 0.807674 0.821266
0.895503 0.882609 0.837686 0.824735 0.804569 0.816372
0.896019 0.887421 0.840701 0.825494 0.807184 0.819428
0.897325 0.885196 0.839954 0.825214 0.805238 0.817559
0.896633 0.884574 0.839790 0.825587 0.805093 0.817282
0.894296 0.887259 0.842216 0.825782 0.807533 0.820594
0.896962 0.884984 0.839868 0.824758 0.804764 0.817074
0.896726 0.887515 0.840435 0.824641 0.804941 0.819236
0.896822 0.886416 0.840127 0.824640 0.804874 0.818232
0.896463 0.885034 0.840056 0.825295 0.805733 0.817626
0.896033 0.887531 0.840779 0.825142 0.806065 0.819048
0.897143 0.884620 0.839239 0.824421 0.804572 0.816649
0.896293 0.887464 0.841205 0.825110 0.806204 0.819652
0.896617 0.884358 0.839754 0.825316 0.805682 0.817215
0.896630 0.885313 0.840139 0.825686 0.805408 0.818184
0.896633 0.885861 0.840388 0.825642 0.805458 0.818449
0.896681 0.884130 0.839557 0.825258 0.804308 0.816854
0.895832 0.887551 0.841270 0.825597 0.806403 0.819660
0.896634 0.884532 0.839658 0.824864 0.804776 0.817303
0.896154 0.887494 0.840779 0.825545 0.806059 0.819267
0.896921 0.884785 0.839661 0.825078 0.804982 0.817175
0.896624 0.885799 0.840243 0.825664 0.805853 0.817948
0.896556 0.885842 0.840538 0.825696 0.805633 0.818257
0.896580 0.885016 0.839840 0.825137 0.804783 0.817158
0.896379 0.887306 0.840891 0.825167 0.805775 0.818882
0.896738 0.885359 0.839777 0.825167 0.805039 0.817536
0.896647 0.885892 0.840482 0.825528 0.805239 0.818203
0.896591 0.886166 0.840417 0.825531 0.805365 0.818058
0.896767 0.884804 0.839988 0.825434 0.804959 0.817145
0.896590 0.887710 0.840613 0.825104 0.805492 0.818900
0.896554 0.884693 0.839731 0.825030 0.804409 0.817157
0.895677 0.887659 0.841375 0.825593 0.806146 0.820051
0.897004 0.883921 0.839010 0.824825 0.804304 0.816352
0.896476 0.887638 0.840922 0.825240 0.805737 0.819013
0.896597 0.885024 0.840024 0.825314 0.804798 0.817450
0.896585 0.887190 0.840460 0.825080 0.805621 0.818655
0.896858 0.886068 0.839954 0.825123 0.805140 0.817757
0.896725 0.885940 0.840474 0.825616 0.805031 0.818095
0.896646 0.885672 0.840474 0.825549 0.805090 0.818109
0.896603 0.885338 0.840133 0.825513 0.805021 0.817470
0.896677 0.886523 0.840395 0.825461 0.805204 0.818261
0.896658 0.885336 0.840116 0.825363 0.804665 0.817592
0.896365 0.886767 0.840540 0.825871 0.805737 0.818941
0.897061 0.884494 0.839644 0.825153 0.804482 0.816804
0.896362 0.887590 0.840890 0.825463 0.805591 0.818923
0.896496 0.884635 0.839532 0.824985 0.804284 0.817060
0.894680 0.887724 0.842465 0.825438 0.807095 0.820943
0.896629 0.883583 0.838263 0.824428 0.803832 0.815694
0.895924 0.887828 0.841334 0.825410 0.805942 0.818899
0.896119 0.883980 0.839364 0.824427 0.804115 0.816755
0.892077 0.887536 0.843614 0.825401 0.808179 0.821840
0.896976 0.883707 0.837980 0.823577 0.802949 0.815123
0.895980 0.887835 0.841163 0.825426 0.805680 0.819376
0.896772 0.884767 0.840161 0.825379 0.805603 0.817227
0.896754 0.884150 0.839886 0.825539 0.804907 0.816343
0.896157 0.886807 0.841099 0.824731 0.805136 0.818340
0.896795 0.885689 0.840379 0.825636 0.804837 0.818375
0.896633 0.885056 0.840083 0.825540 0.805569 0.817988
0.896512 0.885353 0.840075 0.825514 0.805387 0.818080
0.896533 0.885139 0.839335 0.825344 0.804014 0.816955
0.896020 0.886327 0.840785 0.826180 0.805738 0.818401
0.895657 0.884927 0.840705 0.825755 0.805075 0.818817
0.891900 0.887830 0.842965 0.825868 0.807515 0.821862
0.896880 0.882013 0.836469 0.823266 0.802760 0.815360
0.895793 0.887739 0.841079 0.824773 0.806631 0.819203
0.897023 0.883977 0.838574 0.824164 0.804112 0.816391
0.896021 0.886259 0.840276 0.825828 0.806146 0.817866
0.896126 0.886249 0.840565 0.825774 0.805362 0.818503
0.897098 0.883788 0.839660 0.825017 0.804743 0.816392
0.896437 0.886686 0.840612 0.825304 0.805960 0.818688
0.897300 0.884710 0.839570 0.824907 0.804924 0.817649
0.896816 0.886020 0.840283 0.825313 0.806417 0.818705
0.896521 0.885558 0.840083 0.825491 0.806521 0.818280
0.895981 0.884615 0.840158 0.825461 0.806270 0.817591
0.896439 0.885008 0.840323 0.825674 0.806511 0.817731
0.896879 0.884456 0.839882 0.825208 0.804801 0.817264
0.896008 0.886506 0.840534 0.825663 0.806925 0.818848
0.896674 0.885154 0.839813 0.825168 0.805668 0.818089
0.896238 0.886557 0.840532 0.825589 0.805851 0.818911
0.897184 0.885266 0.840066 0.824985 0.804541 0.817322
0.896059 0.887535 0.840730 0.825089 0.805247 0.819406
0.896367 0.885113 0.839454 0.824969 0.804180 0.816879
0.896209 0.887523 0.840912 0.825185 0.805706 0.819290
0.896970 0.884798 0.839725 0.824687 0.804173 0.817002
0.896935 0.886794 0.840370 0.825106 0.805649 0.818909
0.897186 0.884675 0.839943 0.825377 0.804909 0.817713
0.897028 0.885593 0.840146 0.825612 0.804859 0.818174
0.896357 0.886816 0.840605 0.825745 0.805457 0.818789
0.896530 0.885310 0.840020 0.825427 0.804752 0.817471
0.896337 0.887603 0.841181 0.824999 0.805463 0.818736
0.897127 0.885046 0.839865 0.825112 0.804826 0.817099
0.896190 0.887744 0.840967 0.825117 0.806055 0.819710
0.896804 0.884903 0.839797 0.824929 0.804855 0.817583
0.896815 0.886800 0.840558 0.825020 0.805236 0.818725
0.897047 0.884987 0.840233 0.825261 0.804936 0.817933
0.896670 0.885432 0.840419 0.825790 0.805446 0.818253
0.896837 0.885678 0.840413 0.825726 0.805345 0.818034
0.896930 0.885324 0.840173 0.825595 0.804651 0.817810
0.896566 0.886259 0.840508 0.825750 0.805056 0.818713
0.896762 0.885176 0.839917 0.825371 0.804721 0.817342
0.896255 0.887623 0.841209 0.825363 0.805482 0.819306
0.896882 0.884680 0.839543 0.824753 0.804141 0.816512
0.896859 0.884903 0.839818 0.824797 0.804138 0.816897
0.896915 0.885580 0.840159 0.825155 0.804751 0.817718
0.896716 0.886897 0.840406 0.825242 0.805258 0.818694
0.896430 0.887700 0.841059 0.825214 0.805469 0.819386
0.896326 0.887723 0.841199 0.825307 0.805489 0.819507
0.896468 0.887564 0.840864 0.825255 0.805386 0.819390
0.896780 0.886334 0.840291 0.825502 0.805371 0.818305
0.896917 0.885437 0.840086 0.825444 0.804680 0.817670
0.896905 0.885065 0.839930 0.825316 0.804502 0.817424
0.896928 0.885027 0.839921 0.825361 0.804460 0.817399
0.896931 0.885275 0.839995 0.825353 0.804572 0.817557
0.896848 0.885625 0.840203 0.825589 0.804942 0.818041
0.896750 0.886479 0.840510 0.825658 0.805272 0.818486
0.896662 0.886871 0.840593 0.825623 0.805335 0.818985
0.896663 0.886810 0.840591 0.825599 0.805347 0.818953
0.896736 0.886363 0.840521 0.825677 0.805335 0.818480
0.896772 0.885708 0.840199 0.825599 0.805095 0.818019
0.896907 0.885328 0.840229 0.825486 0.804654 0.817732
0.896866 0.885279 0.840055 0.825414 0.804668 0.817495
0.896904 0.885292 0.840110 0.825489 0.804635 0.817547
0.896852 0.885421 0.840252 0.825492 0.804789 0.817799
0.896772 0.885838 0.840180 0.825619 0.805176 0.818084
0.896784 0.886370 0.840467 0.825643 0.805373 0.818402
0.896708 0.886629 0.840619 0.825540 0.805453 0.818587
0.896796 0.886399 0.840531 0.825578 0.805342 0.818396
0.896778 0.885939 0.840346 0.825520 0.805115 0.818262
0.896860 0.885623 0.840150 0.825598 0.804936 0.817967
0.896865 0.885431 0.840212 0.825503 0.804787 0.817846
0.896929 0.885400 0.840160 0.825514 0.804747 0.817862
0.896880 0.885495 0.840183 0.825537 0.804850 0.817827
0.896790 0.885734 0.840185 0.825615 0.805025 0.818006
0.896776 0.885986 0.840201 0.825596 0.805220 0.818153
0.896790 0.886198 0.840314 0.825599 0.805309 0.818278
0.896787 0.886214 0.840316 0.825548 0.805331 0.818278
0.896802 0.886057 0.840156 0.825584 0.805225 0.818209
0.896787 0.885818 0.840192 0.825547 0.805044 0.818059
0.896867 0.885535 0.840222 0.825569 0.804901 0.817952
0.896865 0.885509 0.840214 0.825547 0.804857 0.817861
0.896846 0.885528 0.840182 0.825574 0.804885 0.817907
0.896861 0.885726 0.840230 0.825518 0.804980 0.817983
0.896754 0.885932 0.840200 0.825523 0.805029 0.818121
0.896769 0.886068 0.840175 0.825506 0.805214 0.818215
0.896800 0.886130 0.840164 0.825537 0.805251 0.818216
0.896791 0.886041 0.840204 0.825563 0.805150 0.818225
0.896767 0.885837 0.840201 0.825535 0.805026 0.818065
0.896837 0.885699 0.840219 0.825597 0.804892 0.818006
0.896874 0.885650 0.840245 0.825620 0.804945 0.817952
0.896888 0.885663 0.840254 0.825616 0.804932 0.817946
0.896843 0.885720 0.840226 0.825568 0.804868 0.818005
0.896798 0.885811 0.840184 0.825539 0.804944 0.818053
0.896758 0.885853 0.840182 0.825587 0.805042 0.818119
0.896775 0.885894 0.840190 0.825590 0.805039 0.818191
0.896741 0.885885 0.840180 0.825591 0.805031 0.818131
0.896800 0.885843 0.840194 0.825533 0.804929 0.818045
0.896831 0.885764 0.840220 0.825535 0.804903 0.817995
0.896872 0.885723 0.840224 0.825571 0.804892 0.817974
0.896880 0.885726 0.840247 0.825579 0.804883 0.817972
0.896848 0.885740 0.840222 0.825542 0.804891 0.817956
0.896794 0.885820 0.840201 0.825476 0.804936 0.818026
0.896779 0.885904 0.840181 0.825531 0.804960 0.818094
0.896778 0.885896 0.840178 0.825523 0.804954 0.818148
0.896767 0.885894 0.840186 0.825525 0.804953 0.818149
0.896788 0.885883 0.840192 0.825499 0.804928 0.818050
0.896830 0.885814 0.840204 0.825484 0.804926 0.818004
0.896855 0.885772 0.840204 0.825532 0.804893 0.817972
0.896855 0.885787 0.840218 0.825534 0.804886 0.817963
0.896832 0.885808 0.840216 0.825486 0.804912 0.817998
0.896792 0.885880 0.840225 0.825476 0.804956 0.818016
0.896774 0.885918 0.840190 0.825487 0.804938 0.818103
0.896770 0.885907 0.840190 0.825483 0.804960 0.818128
0.896777 0.885902 0.840190 0.825482 0.804928 0.818098
0.896802 0.885874 0.840221 0.825476 0.804950 0.818031
0.896833 0.885808 0.840224 0.825465 0.804891 0.817990
0.896852 0.885790 0.840235 0.825492 0.804907 0.817982
0.896839 0.885792 0.840233 0.825464 0.804902 0.817991
0.896843 0.885836 0.840221 0.825470 0.804907 0.818026
0.896819 0.885886 0.840209 0.825477 0.804921 0.818086
0.896805 0.885877 0.840187 0.825487 0.804926 0.818103
0.896801 0.885888 0.840190 0.825481 0.804932 0.818102
0.896829 0.885881 0.840191 0.825470 0.804920 0.818080
0.896836 0.885822 0.840221 0.825466 0.804903 0.818024
0.896841 0.885834 0.840231 0.825469 0.804880 0.817986
0.896845 0.885826 0.840231 0.825471 0.804881 0.817995
0.896838 0.885854 0.840220 0.825488 0.804905 0.818032
0.896832 0.885885 0.840195 0.825467 0.804926 0.818076
0.896810 0.885884 0.840194 0.825487 0.804942 0.818088
0.896826 0.885892 0.840194 0.825474 0.804929 0.818089
0.896842 0.885895 0.840193 0.825475 0.804922 0.818075
0.896841 0.885886 0.840207 0.825469 0.804904 0.818064
0.896843 0.885866 0.840214 0.825470 0.804892 0.818036
0.896844 0.885873 0.840213 0.825478 0.804896 0.818040
0.896830 0.885881 0.840221 0.825475 0.804907 0.818062
0.896830 0.885883 0.840213 0.825472 0.804887 0.818065
0.896838 0.885895 0.840200 0.825461 0.804887 0.818065
0.896844 0.885895 0.840208 0.825457 0.804891 0.818056
0.896834 0.885899 0.840208 0.825448 0.804880 0.818064
0.896830 0.885892 0.840210 0.825451 0.804870 0.818068
0.896822 0.885906 0.840189 0.825453 0.804885 0.818068
0.896823 0.885916 0.840199 0.825432 0.804889 0.818051
0.896816 0.885917 0.840208 0.825458 0.804899 0.818064
0.896819 0.885928 0.840195 0.825461 0.804913 0.818060
0.896827 0.885909 0.840214 0.825458 0.804904 0.818050
0.896843 0.885896 0.840213 0.825465 0.804894 0.818053
0.896836 0.885897 0.840192 0.825453 0.804918 0.818058
0.896830 0.885919 0.840195 0.825455 0.804936 0.818073
0.896818 0.885929 0.840197 0.825438 0.804956 0.818058
0.896815 0.885960 0.840198 0.825428 0.804962 0.818060
0.896825 0.885945 0.840198 0.825442 0.804952 0.818052
0.896821 0.885957 0.840202 0.825450 0.804941 0.818048
0.896834 0.885963 0.840192 0.825445 0.804940 0.818040
0.896836 0.885959 0.840196 0.825459 0.804939 0.818039
0.896833 0.885956 0.840200 0.825453 0.804929 0.818038
0.896830 0.885961 0.840196 0.825452 0.804926 0.818034
0.896818 0.885973 0.840196 0.825448 0.804915 0.818034
0.896818 0.885986 0.840188 0.825453 0.804916 0.818053
0.896819 0.885984 0.840187 0.825444 0.804928 0.818060
0.896815 0.886000 0.840192 0.825443 0.804935 0.818062
0.896815 0.885996 0.840186 0.825443 0.804935 0.818058
0.896812 0.885996 0.840184 0.825455 0.804942 0.818061
0.896811 0.885989 0.840174 0.825459 0.804938 0.818061
0.896811 0.885997 0.840177 0.825466 0.804941 0.818056
0.896814 0.885997 0.840177 0.825466 0.804929 0.818073
0.896811 0.886009 0.840181 0.825460 0.804929 0.818069
0.896811 0.886026 0.840181 0.825457 0.804929 0.818056
0.896808 0.886038 0.840178 0.825453 0.804932 0.818064
0.896802 0.886039 0.840182 0.825459 0.804943 0.818073
0.896805 0.886027 0.840178 0.825454 0.804943 0.818068
0.896802 0.886022 0.840178 0.825444 0.804943 0.818065
0.896805 0.886011 0.840178 0.825454 0.804959 0.818063
0.896812 0.886019 0.840171 0.825458 0.804955 0.818068
0.896813 0.886009 0.840184 0.825471 0.804948 0.818068
0.896809 0.886025 0.840184 0.825471 0.804942 0.818065
0.896809 0.886037 0.840175 0.825461 0.804945 0.818070
0.896809 0.886029 0.840175 0.825461 0.804942 0.818079
0.896809 0.886038 0.840175 0.825458 0.804936 0.818070
0.896809 0.886038 0.840168 0.825462 0.804939 0.818078
0.896809 0.886046 0.840171 0.825458 0.804945 0.818087
0.896806 0.886046 0.840182 0.825462 0.804939 0.818087
0.896809 0.886046 0.840186 0.825472 0.804932 0.818079
0.896805 0.886047 0.840190 0.825472 0.804929 0.818083
0.896805 0.886039 0.840195 0.825466 0.804933 0.818090
0.896809 0.886036 0.840199 0.825466 0.804956 0.818087
0.896816 0.886040 0.840195 0.825462 0.804959 0.818085
0.896819 0.886040 0.840200 0.825462 0.804956 0.818086
0.896819 0.886036 0.840200 0.825471 0.804945 0.818086
0.896815 0.886036 0.840192 0.825465 0.804939 0.818085
0.896805 0.886039 0.840176 0.825483 0.804941 0.818076
0.896808 0.886039 0.840187 0.825466 0.804937 0.818085
0.896822 0.886043 0.840182 0.825467 0.804927 0.818085
0.896822 0.886036 0.840198 0.825468 0.804942 0.818090
0.896823 0.886032 0.840202 0.825472 0.804954 0.818078
0.896816 0.886029 0.840194 0.825478 0.804951 0.818074
0.896819 0.886033 0.840194 0.825478 0.804948 0.818078
0.896823 0.886037 0.840191 0.825478 0.804944 0.818074
0.896816 0.886037 0.840187 0.825472 0.804944 0.818086
0.896823 0.886040 0.840187 0.825467 0.804944 0.818077
0.896820 0.886040 0.840190 0.825471 0.804945 0.818073
0.896817 0.886032 0.840200 0.825471 0.804945 0.818073
0.896813 0.886032 0.840197 0.825471 0.804948 0.818076
0.896813 0.886024 0.840196 0.825471 0.804950 0.818077
0.896809 0.886024 0.840204 0.825467 0.804945 0.818070
0.896809 0.886028 0.840200 0.825471 0.804945 0.818070
0.896806 0.886021 0.840207 0.825471 0.804949 0.818073
0.896803 0.886036 0.840207 0.825471 0.804939 0.818082
0.896809 0.886032 0.840203 0.825476 0.804939 0.818082
0.896809 0.886024 0.840203 0.825476 0.804935 0.818082
0.896807 0.886024 0.840210 0.825480 0.804932 0.818078
0.896807 0.886028 0.840206 0.825480 0.804935 0.818074
0.896800 0.886027 0.840213 0.825485 0.804935 0.818069
0.896797 0.886027 0.840213 0.825484 0.804928 0.818077
0.896808 0.886027 0.840217 0.825484 0.804932 0.818087
0.896808 0.886027 0.840221 0.825485 0.804940 0.818082
0.896808 0.886040 0.840213 0.825485 0.804940 0.818078
0.896808 0.886043 0.840204 0.825485 0.804932 0.818070
0.896803 0.886047 0.840204 0.825485 0.804939 0.818070
0.896799 0.886047 0.840205 0.825490 0.804942 0.818073
0.896800 0.886047 0.840205 0.825490 0.804942 0.818083
0.896803 0.886051 0.840197 0.825486 0.804946 0.818081
0.896797 0.886055 0.840205 0.825486 0.804947 0.818085
0.896797 0.886055 0.840210 0.825490 0.804950 0.818085
0.896797 0.886051 0.840205 0.825485 0.804949 0.818090
0.896801 0.886051 0.840201 0.825489 0.804949 0.818099
0.896804 0.886055 0.840200 0.825485 0.804945 0.818099
0.896811 0.886051 0.840204 0.825479 0.804942 0.818104
0.896808 0.886048 0.840200 0.825479 0.804944 0.818101
0.896802 0.886048 0.840204 0.825479 0.804948 0.818101
0.896808 0.886043 0.840191 0.825479 0.804948 0.818105
0.896808 0.886039 0.840195 0.825484 0.804948 0.818101
0.896808 0.886036 0.840191 0.825489 0.804945 0.818089
0.896819 0.886040 0.840199 0.825485 0.804942 0.818093
0.896819 0.886039 0.840183 0.825474 0.804942 0.818097
0.896815 0.886047 0.840178 0.825479 0.804940 0.818101
0.896797 0.886058 0.840183 0.825478 0.804949 0.818109
0.896795 0.886054 0.840179 0.825473 0.804953 0.818105
0.896795 0.886062 0.840191 0.825464 0.804958 0.818102
0.896799 0.886054 0.840188 0.825483 0.804953 0.818098
0.896813 0.886054 0.840191 0.825483 0.804947 0.818098
0.896810 0.886047 0.840201 0.825483 0.804929 0.818098
0.896805 0.886047 0.840197 0.825487 0.804930 0.818107
0.896798 0.886050 0.840201 0.825483 0.804930 0.818103
0.896798 0.886046 0.840200 0.825487 0.804931 0.818103
0.896798 0.886043 0.840205 0.825487 0.804931 0.818098
0.896798 0.886040 0.840205 0.825493 0.804925 0.818103
0.896792 0.886040 0.840201 0.825493 0.804926 0.818096
0.896782 0.886044 0.840202 0.825498 0.804917 0.818095
0.896773 0.886047 0.840198 0.825493 0.804926 0.818089
0.896780 0.886047 0.840192 0.825497 0.804929 0.818089
0.896780 0.886046 0.840192 0.825502 0.804935 0.818084
0.896773 0.886043 0.840196 0.825502 0.804932 0.818089
0.896777 0.886043 0.840206 0.825502 0.804932 0.818089
0.896770 0.886043 0.840210 0.825502 0.804929 0.818099
0.896764 0.886050 0.840201 0.825506 0.804925 0.818095
0.896767 0.886054 0.840201 0.825502 0.804929 0.818085
0.896770 0.886054 0.840197 0.825502 0.804925 0.818080
0.896773 0.886046 0.840185 0.825502 0.804925 0.818071
0.896782 0.886050 0.840193 0.825510 0.804932 0.818079
0.896783 0.886050 0.840205 0.825514 0.804929 0.818076
0.896783 0.886050 0.840207 0.825501 0.804926 0.818080
0.896783 0.886054 0.840207 0.825505 0.804922 0.818077
0.896782 0.886050 0.840203 0.825505 0.804925 0.818077
0.896782 0.886058 0.840203 0.825505 0.804928 0.818098
0.896789 0.886058 0.840211 0.825505 0.804922 0.818100
0.896792 0.886050 0.840207 0.825501 0.804918 0.818091
0.896789 0.886042 0.840203 0.825500 0.804924 0.818095
0.896796 0.886045 0.840203 0.825495 0.804926 0.818115
0.896792 0.886046 0.840207 0.825491 0.804920 0.818115
0.896795 0.886050 0.840203 0.825491 0.804923 0.818111
0.896792 0.886050 0.840207 0.825491 0.804910 0.818103
0.896795 0.886050 0.840212 0.825495 0.804916 0.818107
0.896799 0.886054 0.840223 0.825495 0.804916 0.818116
0.896805 0.886046 0.840218 0.825500 0.804912 0.818115
0.896802 0.886042 0.840210 0.825509 0.804913 0.818120
0.896808 0.886042 0.840205 0.825518 0.804912 0.818111
0.896808 0.886042 0.840210 0.825518 0.804912 0.818111
0.896808 0.886045 0.840214 0.825508 0.804912 0.818107
0.896801 0.886049 0.840221 0.825508 0.804915 0.818099
0.896804 0.886049 0.840213 0.825508 0.804916 0.818095
0.896810 0.886042 0.840217 0.825508 0.804919 0.818104
0.896807 0.886038 0.840212 0.825509 0.804919 0.818105
0.896807 0.886038 0.840221 0.825509 0.804919 0.818100
0.896800 0.886050 0.840213 0.825495 0.804919 0.818100
0.896804 0.886050 0.840213 0.825500 0.804913 0.818104
0.896814 0.886045 0.840213 0.825498 0.804913 0.818097
0.896813 0.886044 0.840216 0.825487 0.804912 0.818094
0.896812 0.886036 0.840216 0.825488 0.804917 0.818057
0.896809 0.886035 0.840223 0.825498 0.804926 0.818051
0.896809 0.886028 0.840227 0.825492 0.804919 0.818062
0.896813 0.886032 0.840231 0.825479 0.804917 0.818080
0.896814 0.886032 0.840220 0.825482 0.804922 0.818099
0.896814 0.886025 0.840216 0.825486 0.804915 0.818097
0.896816 0.886024 0.840211 0.825474 0.804913 0.818068
0.896815 0.886027 0.840206 0.825487 0.804901 0.818067
0.896815 0.886027 0.840213 0.825493 0.804901 0.818067
0.896826 0.886025 0.840209 0.825500 0.804896 0.818089
0.896817 0.886029 0.840219 0.825501 0.804902 0.818110
0.896828 0.886033 0.840219 0.825492 0.804899 0.818100
0.896824 0.886028 0.840219 0.825499 0.804902 0.818081
0.896823 0.886011 0.840218 0.825511 0.804902 0.818079
0.896823 0.886010 0.840217 0.825520 0.804907 0.818074
0.896819 0.886005 0.840208 0.825515 0.804904 0.818073
0.896819 0.886014 0.840217 0.825521 0.804902 0.818065
0.896834 0.886022 0.840218 0.825521 0.804910 0.818066
0.896831 0.886026 0.840214 0.825521 0.804900 0.818066
0.896827 0.886022 0.840212 0.825516 0.804902 0.818062
0.896834 0.886005 0.840223 0.825509 0.804896 0.818052
0.896826 0.886005 0.840219 0.825518 0.804902 0.818056
0.896830 0.886005 0.840207 0.825522 0.804902 0.818055
0.896833 0.886005 0.840212 0.825527 0.804899 0.818060
0.896830 0.886009 0.840200 0.825527 0.804906 0.818063
0.896827 0.886008 0.840218 0.825536 0.804903 0.818059
0.896823 0.886015 0.840221 0.825551 0.804912 0.818062
0.896823 0.886018 0.840220 0.825539 0.804909 0.818056
0.896837 0.886010 0.840213 0.825552 0.804903 0.818056
0.896834 0.885999 0.840217 0.825549 0.804916 0.818056
0.896831 0.886007 0.840225 0.825543 0.804905 0.818057
0.896834 0.885982 0.840228 0.825541 0.804915 0.818067
0.896840 0.885993 0.840224 0.825577 0.804919 0.818062
0.896850 0.885981 0.840224 0.825586 0.804919 0.818047
0.896850 0.885969 0.840228 0.825580 0.804911 0.818050
0.896844 0.885973 0.840235 0.825573 0.804919 0.818045
0.896844 0.885973 0.840235 0.825573 0.804916 0.818037
0.896840 0.885974 0.840231 0.825574 0.804935 0.818045
0.896844 0.885975 0.840228 0.825574 0.804939 0.818045
0.896847 0.885983 0.840231 0.825577 0.804935 0.818040
0.896837 0.885982 0.840226 0.825576 0.804924 0.818059
0.896837 0.885978 0.840223 0.825585 0.804920 0.818058
0.896837 0.885982 0.840210 0.825595 0.804907 0.818062
0.896850 0.885990 0.840206 0.825586 0.804914 0.818075
0.896857 0.886007 0.840199 0.825587 0.804915 0.818066
0.896857 0.886020 0.840199 0.825609 0.804909 0.818071
0.896857 0.886029 0.840195 0.825604 0.804915 0.818067
0.896854 0.886025 0.840199 0.825600 0.804904 0.818064
0.896844 0.886021 0.840203 0.825604 0.804923 0.818056
0.896851 0.886017 0.840207 0.825605 0.804915 0.818048
0.896847 0.886021 0.840207 0.825604 0.804912 0.818053
0.896850 0.886021 0.840199 0.825610 0.804908 0.818053
0.896846 0.886026 0.840191 0.825619 0.804913 0.818067
0.896842 0.886026 0.840200 0.825623 0.804914 0.818067
0.896847 0.886016 0.840213 0.825636 0.804901 0.818061
0.896836 0.886016 0.840202 0.825635 0.804907 0.818056
0.896840 0.886011 0.840213 0.825634 0.804900 0.818048
0.896839 0.886007 0.840213 0.825632 0.804903 0.818056
0.896836 0.886016 0.840217 0.825633 0.804911 0.818064
0.896836 0.886033 0.840210 0.825641 0.804913 0.818062
0.896840 0.886030 0.840199 0.825605 0.804923 0.818059
0.896840 0.886043 0.840195 0.825611 0.804915 0.818052
0.896843 0.886042 0.840187 0.825610 0.804897 0.818051
0.896846 0.886043 0.840183 0.825609 0.804896 0.818046
0.896844 0.886031 0.840179 0.825614 0.804901 0.818059
0.896840 0.886043 0.840176 0.825631 0.804911 0.818055
0.896843 0.886038 0.840171 0.825654 0.804914 0.818045
0.896856 0.886034 0.840174 0.825648 0.804922 0.818059
0.896860 0.886027 0.840163 0.825621 0.804927 0.818069
0.896853 0.886033 0.840164 0.825623 0.804932 0.818067
0.896857 0.886038 0.840158 0.825620 0.804926 0.818076
0.896850 0.886030 0.840166 0.825610 0.804916 0.818071
0.896847 0.886021 0.840185 0.825641 0.804913 0.818070
0.896846 0.886013 0.840189 0.825645 0.804913 0.818072
0.896846 0.886005 0.840179 0.825648 0.804916 0.818067
0.896849 0.886009 0.840187 0.825653 0.804913 0.818058
0.896849 0.886026 0.840184 0.825653 0.804910 0.818067
0.896846 0.886028 0.840193 0.825635 0.804897 0.818057
0.896850 0.886040 0.840197 0.825627 0.804900 0.818061
0.896853 0.886040 0.840202 0.825631 0.804910 0.818073
0.896859 0.886036 0.840198 0.825635 0.804906 0.818073
0.896853 0.886028 0.840206 0.825644 0.804899 0.818050
0.896856 0.886040 0.840206 0.825644 0.804907 0.818050
0.896860 0.886041 0.840206 0.825644 0.804910 0.818045
0.896866 0.886033 0.840206 0.825648 0.804917 0.818045
0.896863 0.886022 0.840195 0.825648 0.804903 0.818050
0.896856 0.886018 0.840198 0.825643 0.804900 0.818050
0.896854 0.886031 0.840195 0.825643 0.804910 0.818047
0.896853 0.886039 0.840207 0.825639 0.804910 0.818043
0.896860 0.886031 0.840208 0.825648 0.804907 0.818033
0.896869 0.886037 0.840202 0.825647 0.804900 0.818028
0.896869 0.886022 0.840206 0.825651 0.804907 0.818052
0.896856 0.886023 0.840207 0.825637 0.804900 0.818045
0.896859 0.886027 0.840211 0.825641 0.804898 0.818033
0.896862 0.886023 0.840211 0.825635 0.804900 0.818038
0.896862 0.886030 0.840211 0.825634 0.804892 0.818060
0.896862 0.886018 0.840207 0.825643 0.804897 0.818070
0.896865 0.886018 0.840208 0.825653 0.804904 0.818059
0.896865 0.886022 0.840211 0.825647 0.804913 0.818059
0.896866 0.886022 0.840208 0.825648 0.804922 0.818052
0.896869 0.886027 0.840204 0.825653 0.804926 0.818043
0.896873 0.886023 0.840189 0.825649 0.804944 0.818051
0.896873 0.886020 0.840184 0.825655 0.804946 0.818037
0.896866 0.886037 0.840197 0.825656 0.804946 0.818037
0.896870 0.886034 0.840205 0.825657 0.804934 0.818030
0.896870 0.886042 0.840213 0.825656 0.804931 0.818017
0.896870 0.886041 0.840205 0.825656 0.804934 0.818044
0.896870 0.886037 0.840192 0.825673 0.804926 0.818046
0.896873 0.886037 0.840182 0.825662 0.804919 0.818057
0.896877 0.886037 0.840185 0.825656 0.804922 0.818056
0.896873 0.886041 0.840202 0.825662 0.804929 0.818048
0.896867 0.886053 0.840215 0.825663 0.804939 0.818045
0.896867 0.886041 0.840212 0.825668 0.804938 0.818045
0.896874 0.886037 0.840205 0.825656 0.804934 0.818048
0.896873 0.886045 0.840207 0.825661 0.804931 0.818054
0.896880 0.886040 0.840206 0.825668 0.804936 0.818045
0.896873 0.886037 0.840210 0.825668 0.804932 0.818051
0.896874 0.886030 0.840206 0.825662 0.804930 0.818035
0.896874 0.886021 0.840206 0.825655 0.804922 0.818033
0.896880 0.886022 0.840198 0.825650 0.804914 0.818039
0.896873 0.886034 0.840214 0.825650 0.804908 0.818035
0.896870 0.886034 0.840217 0.825651 0.804909 0.818041
0.896883 0.886026 0.840232 0.825654 0.804923 0.818029
0.896886 0.886017 0.840233 0.825653 0.804922 0.818032
0.896871 0.886024 0.840232 0.825651 0.804927 0.818034
0.896882 0.886020 0.840224 0.825650 0.804916 0.818039
0.896869 0.886029 0.840220 0.825663 0.804917 0.818036
0.896891 0.886039 0.840217 0.825660 0.804911 0.818038
0.896901 0.886044 0.840225 0.825666 0.804915 0.818048
0.896891 0.886036 0.840217 0.825666 0.804917 0.818038
0.896887 0.886036 0.840217 0.825669 0.804919 0.818042
0.896884 0.886030 0.840212 0.825675 0.804912 0.818037
0.896880 0.886033 0.840208 0.825668 0.804914 0.818044
0.896879 0.886025 0.840203 0.825661 0.804913 0.818048
0.896887 0.886027 0.840212 0.825663 0.804915 0.818043
0.896891 0.886028 0.840213 0.825674 0.804906 0.818036
0.896891 0.886025 0.840214 0.825675 0.804907 0.818045
0.896888 0.886025 0.840217 0.825685 0.804914 0.818032
0.896891 0.886016 0.840209 0.825677 0.804913 0.818047
0.896883 0.886012 0.840216 0.825666 0.804905 0.818047
0.896886 0.886016 0.840216 0.825661 0.804898 0.818047
0.896890 0.886021 0.840213 0.825663 0.804903 0.818040
0.896883 0.886034 0.840212 0.825674 0.804901 0.818045
0.896880 0.886034 0.840224 0.825671 0.804904 0.818050
0.896880 0.886021 0.840233 0.825666 0.804899 0.818052
0.896873 0.886026 0.840236 0.825666 0.804892 0.818043
0.896881 0.886033 0.840241 0.825661 0.804883 0.818043
0.896877 0.886037 0.840238 0.825661 0.804883 0.818044
0.896877 0.886036 0.840238 0.825666 0.804885 0.818049
0.896886 0.886036 0.840237 0.825670 0.804891 0.818044
0.896889 0.886010 0.840232 0.825665 0.804891 0.818035
0.896895 0.886016 0.840239 0.825664 0.804898 0.818034
0.896902 0.886007 0.840239 0.825659 0.804888 0.818034
0.896905 0.886016 0.840239 0.825660 0.804896 0.818051
0.896902 0.886012 0.840239 0.825655 0.804907 0.818048
0.896899 0.886002 0.840222 0.825655 0.804901 0.818044
0.896896 0.886005 0.840223 0.825655 0.804884 0.818043
0.896899 0.886013 0.840227 0.825655 0.804884 0.818039
0.896906 0.886017 0.840222 0.825649 0.804897 0.818043
0.896906 0.886022 0.840230 0.825655 0.804894 0.818044
0.896899 0.886018 0.840230 0.825656 0.804896 0.818041
0.896906 0.886039 0.840219 0.825662 0.804880 0.818046
0.896903 0.886039 0.840223 0.825661 0.804891 0.818037
0.896896 0.886040 0.840223 0.825671 0.804906 0.818046
0.896893 0.886036 0.840216 0.825666 0.804896 0.818047
0.896886 0.886032 0.840215 0.825666 0.804890 0.818047
0.896880 0.886047 0.840227 0.825671 0.804880 0.818051
0.896883 0.886051 0.840218 0.825675 0.804876 0.818054
0.896883 0.886043 0.840225 0.825668 0.804874 0.818050
0.896882 0.886048 0.840217 0.825679 0.804881 0.818049
0.896876 0.886044 0.840222 0.825675 0.804890 0.818051
0.896867 0.886049 0.840235 0.825666 0.804898 0.818048
0.896880 0.886061 0.840238 0.825680 0.804894 0.818048
0.896882 0.886065 0.840235 0.825680 0.804890 0.818043
0.896879 0.886065 0.840238 0.825681 0.804890 0.818051
0.896870 0.886049 0.840246 0.825671 0.804893 0.818053
0.896870 0.886049 0.840249 0.825667 0.804879 0.818053
0.896867 0.886049 0.840238 0.825682 0.804882 0.818053
0.896860 0.886061 0.840235 0.825681 0.804889 0.818057
0.896863 0.886069 0.840239 0.825677 0.804889 0.818049
0.896867 0.886057 0.840248 0.825664 0.804883 0.818063
0.896867 0.886074 0.840244 0.825669 0.804886 0.818065
0.896860 0.886078 0.840247 0.825669 0.804883 0.818070
0.896867 0.886074 0.840252 0.825669 0.804886 0.818065
0.896867 0.886070 0.840244 0.825673 0.804880 0.818062
0.896871 0.886062 0.840239 0.825668 0.804880 0.818066
0.896867 0.886057 0.840241 0.825662 0.804900 0.818065
0.896863 0.886072 0.840241 0.825657 0.804896 0.818064
0.896860 0.886077 0.840234 0.825662 0.804903 0.818064
0.896863 0.886081 0.840227 0.825683 0.804909 0.818061
0.896860 0.886085 0.840240 0.825677 0.804901 0.818066
0.896863 0.886060 0.840247 0.825667 0.804906 0.818057
0.896866 0.886059 0.840229 0.825670 0.804917 0.818068
0.896870 0.886063 0.840241 0.825666 0.804918 0.818057
0.896863 0.886076 0.840258 0.825668 0.804910 0.818057
0.896860 0.886085 0.840258 0.825668 0.804910 0.818057
0.896860 0.886085 0.840258 0.825677 0.804901 0.818053
0.896869 0.886064 0.840262 0.825687 0.804918 0.818053
0.896869 0.886071 0.840254 0.825696 0.804923 0.818057
0.896859 0.886071 0.840249 0.825686 0.804933 0.818053
0.896863 0.886063 0.840252 0.825697 0.804934 0.818057
0.896870 0.886067 0.840254 0.825684 0.804915 0.818057
0.896864 0.886073 0.840256 0.825679 0.804920 0.818051
0.896867 0.886081 0.840248 0.825679 0.804913 0.818045
0.896860 0.886072 0.840248 0.825689 0.804910 0.818053
0.896867 0.886068 0.840246 0.825693 0.804923 0.818053
0.896863 0.886079 0.840243 0.825696 0.804919 0.818039
0.896857 0.886072 0.840231 0.825677 0.804920 0.818057
0.896857 0.886080 0.840232 0.825685 0.804916 0.818044
0.896850 0.886080 0.840245 0.825690 0.804913 0.818028
0.896856 0.886072 0.840227 0.825679 0.804915 0.818034
0.896863 0.886063 0.840224 0.825673 0.804908 0.818043
0.896869 0.886068 0.840231 0.825674 0.804915 0.818043
0.896856 0.886080 0.840241 0.825678 0.804917 0.818046
0.896853 0.886085 0.840253 0.825679 0.804914 0.818037
0.896856 0.886085 0.840249 0.825678 0.804913 0.818026
0.896856 0.886093 0.840245 0.825684 0.804913 0.818001
0.896853 0.886074 0.840238 0.825670 0.804913 0.818009
0.896853 0.886074 0.840241 0.825679 0.804925 0.818001
0.896859 0.886081 0.840244 0.825688 0.804912 0.818011
0.896863 0.886085 0.840244 0.825684 0.804921 0.818017
0.896856 0.886070 0.840241 0.825679 0.804907 0.818001
0.896856 0.886074 0.840246 0.825675 0.804901 0.817999
0.896856 0.886070 0.840246 0.825675 0.804895 0.817998
0.896863 0.886077 0.840246 0.825679 0.804896 0.818001
0.896870 0.886073 0.840249 0.825684 0.804912 0.818000
0.896870 0.886074 0.840257 0.825679 0.804917 0.817997
0.896863 0.886074 0.840250 0.825680 0.804906 0.817989
0.896863 0.886075 0.840254 0.825680 0.804907 0.817989
0.896876 0.886070 0.840254 0.825679 0.804900 0.817997
0.896879 0.886081 0.840250 0.825684 0.804893 0.818013
0.896876 0.886081 0.840249 0.825688 0.804892 0.818020
0.896876 0.886077 0.840242 0.825693 0.804906 0.818020
0.896870 0.886075 0.840235 0.825688 0.804908 0.818010
0.896870 0.886072 0.840239 0.825694 0.804915 0.817998
0.896863 0.886076 0.840230 0.825694 0.804918 0.817998
0.896862 0.886079 0.840234 0.825694 0.804916 0.818020
0.896863 0.886075 0.840238 0.825694 0.804909 0.818020
0.896870 0.886071 0.840238 0.825703 0.804913 0.818023
0.896866 0.886075 0.840238 0.825694 0.804910 0.818020
0.896866 0.886072 0.840239 0.825698 0.804899 0.818020
0.896863 0.886072 0.840247 0.825703 0.804902 0.818016
0.896860 0.886075 0.840251 0.825712 0.804897 0.818020
0.896856 0.886084 0.840247 0.825704 0.804896 0.818030
0.896853 0.886073 0.840248 0.825709 0.804892 0.818031
0.896853 0.886062 0.840240 0.825709 0.804899 0.818036
0.896849 0.886061 0.840243 0.825708 0.804893 0.818026
0.896845 0.886084 0.840243 0.825712 0.804913 0.818029
0.896849 0.886084 0.840243 0.825707 0.804901 0.818030
0.896843 0.886074 0.840269 0.825699 0.804897 0.818031
0.896839 0.886087 0.840265 0.825694 0.804898 0.818031
0.896836 0.886087 0.840252 0.825696 0.804901 0.818026
0.896846 0.886091 0.840263 0.825705 0.804897 0.818034
0.896842 0.886087 0.840259 0.825701 0.804898 0.818037
0.896846 0.886079 0.840274 0.825707 0.804890 0.818037
