0.000000 0.000000 0.000000 0.000000 0.000000 0.000000
0.519577 0.484156 0.491106 0.598216 0.486408 0.526117
0.341863 0.265271 0.298259 0.382695 0.345393 0.371714
0.594957 0.519174 0.526772 0.644790 0.530778 0.583177
0.000000 0.000000 0.000000 0.000000 0.000000 0.000000
0.000000 0.000000 0.000000 0.000000 0.000000 0.000000
0.000000 0.000000 0.000000 0.000000 0.000000 0.000000
0.000000 0.000000 0.000000 0.000000 0.000000 0.000000
0.000000 0.000000 0.000000 0.000000 0.000000 0.000000
0.585150 0.576441 0.552902 0.630726 0.530548 0.569865
0.572674 0.545811 0.536998 0.636699 0.523461 0.565946
0.575534 0.531416 0.531583 0.637928 0.524472 0.569612
0.581722 0.531300 0.532796 0.642052 0.528379 0.575008
0.588225 0.533352 0.535459 0.646259 0.532484 0.580359
0.598896 0.538502 0.544570 0.652071 0.538420 0.588128
0.623839 0.563030 0.561692 0.666416 0.561230 0.609380
0.672680 0.593490 0.584326 0.687262 0.590865 0.642914
0.699462 0.619955 0.601870 0.696239 0.604632 0.659253
0.718439 0.626296 0.609194 0.701507 0.613288 0.667699
0.728330 0.615868 0.598828 0.700167 0.613989 0.668913
0.728859 0.600539 0.589296 0.698146 0.612047 0.666975
0.731396 0.610252 0.600400 0.702892 0.616910 0.673868
0.734873 0.627854 0.615395 0.708814 0.624221 0.679166
0.750340 0.641533 0.629087 0.718489 0.634828 0.692539
0.772597 0.661065 0.646362 0.728633 0.648471 0.709395
0.764999 0.676676 0.652885 0.728872 0.647767 0.708390
0.754424 0.675903 0.650049 0.722046 0.640045 0.695157
0.758070 0.676479 0.651813 0.726512 0.643685 0.700755
0.753097 0.691305 0.659676 0.723934 0.641943 0.697738
0.741014 0.695471 0.647883 0.708995 0.632670 0.690846
0.781144 0.678560 0.660235 0.736239 0.658311 0.718814
0.757176 0.701440 0.662777 0.724981 0.644804 0.704574
0.758642 0.706674 0.663105 0.725167 0.644089 0.714509
0.781850 0.700743 0.659949 0.730547 0.650986 0.722689
0.750068 0.711517 0.662000 0.718252 0.639356 0.708264
0.769271 0.700168 0.665012 0.729769 0.652477 0.713594
0.786324 0.686263 0.659920 0.734575 0.658846 0.716546
0.795026 0.685151 0.658281 0.735707 0.661148 0.721501
0.777759 0.708585 0.664573 0.728302 0.652802 0.723457
0.746515 0.713112 0.647859 0.703879 0.635581 0.706518
0.780248 0.708076 0.670682 0.731078 0.656345 0.723167
0.788011 0.691544 0.663347 0.735389 0.661754 0.719990
0.783943 0.693227 0.663768 0.733672 0.659763 0.718160
0.771144 0.701698 0.667066 0.729764 0.655514 0.714080
0.762025 0.707101 0.668453 0.725140 0.648421 0.712226
0.766884 0.714948 0.670039 0.722069 0.645760 0.716550
0.779307 0.714520 0.671221 0.728670 0.650362 0.722131
0.774177 0.708292 0.671714 0.729854 0.654362 0.720890
0.773032 0.706292 0.670221 0.730479 0.655544 0.719628
0.778113 0.704064 0.669334 0.733530 0.657574 0.722066
0.783622 0.703163 0.669448 0.735474 0.658305 0.723481
0.783334 0.711824 0.671011 0.731456 0.652126 0.723087
0.764834 0.712209 0.662103 0.720508 0.641902 0.715479
0.763655 0.712269 0.663283 0.719222 0.641796 0.714822
0.775002 0.708727 0.669394 0.729680 0.650454 0.720513
0.776883 0.706020 0.670889 0.735440 0.654619 0.722034
0.767228 0.705847 0.669356 0.729883 0.650226 0.717790
0.763397 0.711377 0.670301 0.724497 0.646352 0.716105
0.784040 0.713150 0.668822 0.728259 0.647596 0.720109
0.784357 0.714031 0.665832 0.726272 0.645841 0.720313
0.776885 0.715970 0.666982 0.724292 0.645534 0.720174
0.782823 0.714190 0.672195 0.729798 0.650592 0.723347
0.787348 0.708879 0.672383 0.734572 0.656137 0.726045
0.775897 0.711792 0.672910 0.729638 0.650773 0.722654
0.769324 0.715214 0.669968 0.724257 0.645992 0.718628
0.787234 0.714829 0.667542 0.728102 0.648695 0.721745
0.782876 0.714534 0.666678 0.726509 0.649784 0.721868
0.781998 0.713475 0.666124 0.726237 0.650092 0.721306
0.788445 0.713782 0.668144 0.728620 0.652350 0.724244
0.792901 0.714441 0.667504 0.729737 0.650900 0.724267
0.779536 0.716115 0.668326 0.726798 0.648239 0.721677
0.787302 0.715665 0.667973 0.729615 0.650393 0.722605
0.786041 0.715884 0.668957 0.729701 0.650869 0.723284
0.781508 0.716175 0.669031 0.728435 0.650287 0.723245
0.793434 0.715342 0.668146 0.730765 0.651532 0.724974
0.791998 0.715830 0.667576 0.729743 0.651647 0.725001
0.782976 0.716276 0.668049 0.727375 0.651177 0.724141
0.786517 0.716163 0.669213 0.729178 0.651776 0.725138
0.785384 0.716448 0.669749 0.729796 0.651629 0.724947
0.783871 0.717486 0.670561 0.729401 0.651224 0.724219
0.791108 0.716982 0.670328 0.730456 0.651677 0.724717
0.783968 0.717922 0.668834 0.728046 0.650656 0.723972
0.794049 0.717562 0.667993 0.729692 0.650791 0.724939
0.785650 0.717603 0.667482 0.727390 0.650599 0.724238
0.794653 0.718151 0.668792 0.729733 0.650938 0.724727
0.784170 0.717850 0.668138 0.727832 0.650423 0.723945
0.795564 0.717972 0.666587 0.730133 0.650483 0.724636
0.776058 0.718785 0.665407 0.723669 0.647048 0.721439
0.808381 0.709191 0.663216 0.728186 0.655130 0.726293
0.769469 0.715798 0.660749 0.715795 0.643687 0.716005
0.800026 0.715337 0.667298 0.729664 0.653045 0.727240
0.801544 0.714626 0.665951 0.729569 0.652593 0.727102
0.769341 0.716229 0.659448 0.716081 0.643210 0.715801
0.789214 0.718745 0.668268 0.728309 0.649949 0.722755
0.800515 0.714065 0.670379 0.732625 0.655178 0.725326
0.775419 0.719361 0.664946 0.722283 0.646989 0.719807
0.777598 0.718939 0.665164 0.725291 0.648435 0.720859
0.800092 0.714746 0.669257 0.731754 0.654074 0.725571
0.786666 0.719215 0.667245 0.728148 0.650885 0.722995
0.777137 0.718865 0.664857 0.720660 0.646794 0.719765
0.795955 0.717924 0.669515 0.730956 0.652661 0.724815
0.798239 0.716840 0.668708 0.730505 0.652238 0.725502
0.778712 0.719271 0.664258 0.723476 0.647903 0.721060
0.786696 0.719279 0.666926 0.726313 0.650496 0.723857
0.801683 0.716888 0.668191 0.730967 0.653650 0.725545
0.783877 0.718484 0.665560 0.726429 0.649643 0.721409
0.780144 0.718625 0.664376 0.725780 0.648639 0.720441
0.801049 0.716982 0.667851 0.731146 0.652335 0.725810
0.788205 0.718872 0.666880 0.727401 0.650676 0.723801
0.782933 0.718124 0.665215 0.725032 0.648899 0.721718
0.802982 0.717740 0.667812 0.730326 0.652565 0.725578
0.793492 0.719352 0.666765 0.727775 0.650660 0.723790
0.782606 0.718483 0.664851 0.725315 0.649027 0.721288
0.803095 0.717282 0.668749 0.730861 0.653348 0.725901
0.790489 0.719195 0.667365 0.727119 0.650525 0.723111
0.784345 0.718814 0.665140 0.725617 0.649282 0.721714
0.804556 0.717456 0.667529 0.730037 0.653049 0.725622
0.787964 0.719117 0.666280 0.726611 0.650306 0.723360
0.786782 0.719054 0.666019 0.726215 0.650236 0.722962
0.804469 0.718201 0.668813 0.730921 0.653845 0.725902
0.784073 0.719203 0.664932 0.725271 0.649145 0.721748
0.798979 0.720008 0.666985 0.729079 0.650658 0.723919
0.800447 0.719805 0.667988 0.729357 0.651008 0.724789
0.783344 0.719176 0.664751 0.724997 0.648748 0.721287
0.804917 0.718534 0.667281 0.729822 0.652974 0.725179
0.784201 0.718970 0.664858 0.724870 0.648901 0.721315
0.801423 0.719651 0.668340 0.729534 0.651308 0.725056
0.795725 0.719702 0.668019 0.728479 0.651162 0.724506
0.787943 0.719454 0.666458 0.726950 0.650189 0.722820
0.802974 0.719330 0.668870 0.730329 0.652603 0.725325
0.781875 0.718945 0.664680 0.723428 0.647805 0.719144
0.807576 0.717541 0.666632 0.729522 0.653795 0.726240
0.783923 0.718983 0.663043 0.723178 0.648187 0.720548
0.805618 0.719056 0.668828 0.729765 0.652377 0.726045
0.792474 0.719728 0.666450 0.727183 0.650591 0.723308
0.789124 0.719454 0.666188 0.726664 0.649340 0.721540
0.803988 0.719563 0.669168 0.730396 0.653452 0.725536
0.780460 0.719135 0.664977 0.720433 0.646737 0.717549
0.809134 0.716121 0.665759 0.727633 0.653948 0.726119
0.786524 0.719601 0.663054 0.720854 0.648004 0.720127
0.800093 0.719458 0.668657 0.728783 0.651890 0.725243
0.802289 0.719540 0.670084 0.730521 0.652128 0.725276
0.780965 0.718873 0.662270 0.719598 0.645077 0.715676
0.807714 0.718180 0.668032 0.729794 0.654553 0.726023
0.786280 0.719065 0.666576 0.724116 0.649531 0.721373
0.799320 0.720123 0.666901 0.729163 0.650779 0.723745
0.805389 0.719624 0.667577 0.729519 0.651869 0.725952
0.783267 0.718861 0.665412 0.722254 0.648471 0.719332
0.805973 0.719120 0.670599 0.731754 0.654391 0.725522
0.788437 0.719046 0.666706 0.726739 0.649759 0.721200
0.800544 0.720215 0.665813 0.729574 0.651166 0.722776
0.801864 0.719751 0.667616 0.729832 0.650932 0.724379
0.787687 0.718655 0.666536 0.725811 0.649890 0.721379
0.808619 0.718676 0.667487 0.729388 0.654157 0.725573
0.782780 0.718339 0.661223 0.719414 0.646740 0.717353
0.809512 0.714956 0.667472 0.730622 0.655540 0.727614
0.782655 0.719029 0.664137 0.719664 0.646828 0.718083
0.804366 0.719676 0.667582 0.729427 0.652009 0.724444
0.803737 0.719832 0.668303 0.729876 0.651942 0.724868
0.783620 0.719998 0.665257 0.720819 0.647345 0.719160
0.805908 0.719332 0.670971 0.730665 0.654190 0.726108
0.798160 0.720769 0.665888 0.728187 0.649850 0.722037
0.793766 0.720526 0.666211 0.726160 0.649393 0.721145
0.805025 0.719469 0.670815 0.730857 0.654005 0.725823
0.785787 0.719601 0.666104 0.723090 0.648705 0.719646
0.801307 0.720248 0.666966 0.729538 0.651231 0.723156
0.802108 0.719936 0.667716 0.729722 0.651697 0.723639
0.788310 0.719382 0.666251 0.725787 0.649678 0.721357
0.805580 0.719593 0.670235 0.730685 0.653527 0.725578
0.789103 0.719288 0.665332 0.725164 0.649172 0.720775
0.804642 0.719494 0.669566 0.730189 0.652947 0.724629
0.792372 0.719403 0.667528 0.727832 0.650484 0.722573
0.801539 0.720179 0.666751 0.729549 0.651329 0.723384
0.795816 0.719386 0.668389 0.729017 0.651018 0.723761
0.795928 0.719265 0.669553 0.729429 0.651680 0.723784
0.801909 0.719787 0.667535 0.729756 0.651431 0.723579
0.792849 0.718900 0.667422 0.727688 0.650762 0.722896
0.809888 0.718677 0.668833 0.729386 0.653824 0.726015
0.763510 0.714755 0.654681 0.711683 0.638644 0.707713
0.804491 0.667384 0.640531 0.726620 0.646949 0.710011
0.767743 0.706151 0.638526 0.707134 0.631348 0.706197
0.775839 0.714854 0.665339 0.715281 0.644547 0.715730
0.803436 0.698111 0.664716 0.737629 0.659253 0.727880
0.803405 0.710942 0.664967 0.730232 0.654980 0.726613
0.759701 0.715444 0.648370 0.707043 0.633408 0.700657
0.775061 0.717806 0.665887 0.717619 0.642484 0.715296
0.791497 0.708449 0.670492 0.735282 0.654973 0.717351
0.794694 0.705967 0.670822 0.739644 0.657318 0.720086
0.781049 0.718856 0.671130 0.721710 0.649774 0.720617
0.766169 0.715429 0.655975 0.712276 0.639256 0.707646
0.779605 0.719765 0.666133 0.721851 0.647464 0.718484
0.798198 0.715114 0.670715 0.734877 0.657133 0.722528
0.798151 0.712689 0.670944 0.736643 0.658118 0.721347
0.786491 0.718390 0.672269 0.727098 0.652268 0.722146
0.773702 0.717875 0.661038 0.719064 0.645741 0.716275
0.780428 0.719253 0.661134 0.721483 0.647535 0.718576
0.793430 0.719044 0.668631 0.729000 0.652925 0.725029
0.792730 0.718684 0.671854 0.731205 0.654162 0.724519
0.784264 0.719266 0.668466 0.723910 0.650334 0.720398
0.778880 0.718977 0.665127 0.722057 0.646863 0.717505
0.790086 0.719835 0.667086 0.728180 0.650844 0.722188
0.797297 0.718468 0.669803 0.730520 0.654144 0.725757
0.793121 0.718880 0.669581 0.728994 0.651928 0.724669
0.783074 0.720772 0.668095 0.722648 0.648943 0.720066
0.784768 0.720056 0.670326 0.723754 0.650691 0.720531
0.794168 0.719284 0.671812 0.730649 0.654817 0.724366
0.797694 0.719001 0.670264 0.730308 0.655204 0.724861
0.789280 0.719946 0.667398 0.727541 0.651902 0.722125
0.784024 0.720544 0.666196 0.722670 0.649180 0.719072
0.790674 0.719494 0.670598 0.728755 0.652118 0.723619
0.794137 0.718809 0.672049 0.731821 0.654216 0.725367
0.792996 0.719933 0.670777 0.728784 0.652730 0.722889
0.788042 0.720820 0.667202 0.722270 0.649603 0.719126
0.794430 0.720462 0.666510 0.727173 0.651666 0.721214
0.800931 0.720239 0.668619 0.730794 0.653921 0.724246
0.794522 0.719996 0.670056 0.730650 0.652804 0.724768
0.789403 0.720008 0.669152 0.726099 0.652171 0.722268
0.797312 0.720975 0.668873 0.729074 0.652738 0.722542
0.800032 0.720823 0.667825 0.729192 0.653258 0.723439
0.797128 0.721217 0.666982 0.726546 0.650991 0.720915
0.791534 0.720836 0.668281 0.725170 0.650867 0.721027
0.796159 0.720300 0.669817 0.730227 0.652638 0.723868
0.799816 0.720500 0.669118 0.730686 0.652711 0.722994
0.795174 0.720612 0.666914 0.727485 0.650715 0.721120
0.797136 0.720719 0.666513 0.727639 0.650362 0.720932
0.800409 0.720507 0.668654 0.730129 0.652496 0.722730
0.797428 0.720149 0.669105 0.730247 0.652058 0.723110
0.793293 0.720189 0.668885 0.727760 0.651436 0.722488
0.799750 0.720919 0.668224 0.728830 0.650957 0.722276
0.801048 0.720809 0.667887 0.728986 0.651714 0.722532
0.796594 0.720244 0.667778 0.727548 0.650817 0.722446
0.796612 0.719927 0.668656 0.729270 0.651764 0.723321
0.801026 0.720669 0.668508 0.730605 0.652354 0.723221
0.796982 0.719977 0.667818 0.727933 0.651148 0.722764
0.798116 0.720396 0.667460 0.728028 0.651359 0.722529
0.801908 0.720660 0.668056 0.729801 0.652017 0.723459
0.797423 0.720197 0.668169 0.728920 0.651858 0.723088
0.794935 0.719663 0.668199 0.727721 0.651684 0.723022
0.801765 0.720740 0.668117 0.729475 0.652044 0.723244
0.801190 0.720634 0.667771 0.728759 0.651534 0.722629
0.797342 0.720153 0.667772 0.727617 0.651120 0.722474
0.801279 0.720530 0.668333 0.729860 0.652078 0.722708
0.797800 0.719929 0.668192 0.728651 0.651684 0.722793
0.799120 0.720396 0.667923 0.727822 0.650886 0.722444
0.801907 0.720477 0.667974 0.728596 0.651625 0.722905
0.799074 0.720487 0.667709 0.727716 0.650725 0.722360
0.799175 0.720481 0.668095 0.728342 0.651195 0.722509
0.801846 0.720588 0.668126 0.729376 0.651524 0.722893
0.799768 0.720552 0.667682 0.727673 0.650615 0.722062
0.801404 0.720810 0.667893 0.728422 0.651305 0.722398
0.801428 0.720738 0.667936 0.728689 0.651573 0.722369
0.798863 0.720455 0.668047 0.728146 0.651080 0.722464
0.801719 0.720796 0.668020 0.728560 0.651632 0.722563
0.799485 0.720715 0.667650 0.727349 0.650416 0.721946
0.802060 0.720765 0.667966 0.728404 0.651597 0.722745
0.798843 0.720562 0.668105 0.727762 0.651039 0.722616
0.801584 0.720997 0.668200 0.728488 0.651781 0.722613
0.801405 0.721184 0.667923 0.728109 0.651325 0.722292
0.801228 0.721141 0.667959 0.727857 0.650564 0.722219
0.801695 0.720983 0.668059 0.728319 0.651034 0.722561
0.801254 0.720959 0.668019 0.727896 0.650796 0.722145
0.802088 0.720967 0.668044 0.727965 0.651606 0.722289
0.801159 0.721108 0.667903 0.726995 0.650497 0.721507
0.803020 0.720681 0.668398 0.728839 0.652078 0.722934
0.795445 0.720348 0.668055 0.725713 0.650658 0.721519
0.808090 0.720145 0.668468 0.729752 0.653152 0.724619
0.785400 0.719157 0.665477 0.720771 0.646614 0.717699
0.813190 0.715462 0.664597 0.727631 0.655043 0.725125
0.787174 0.718733 0.663090 0.718620 0.643410 0.716764
0.803464 0.721018 0.668109 0.726537 0.651920 0.721762
0.807828 0.719261 0.670001 0.732076 0.653512 0.726202
0.788067 0.719710 0.664817 0.721518 0.646166 0.717546
0.805285 0.720363 0.668410 0.727990 0.653262 0.723218
0.806014 0.719878 0.668996 0.729998 0.654104 0.724066
0.786282 0.719472 0.666898 0.722285 0.646671 0.717157
0.802885 0.719680 0.669800 0.732295 0.653257 0.724672
0.804486 0.719931 0.669280 0.730439 0.652796 0.724545
0.794355 0.720118 0.665215 0.722918 0.647073 0.718589
0.804553 0.720745 0.668881 0.729051 0.653089 0.722898
0.802527 0.720745 0.668932 0.729838 0.652386 0.722483
0.790183 0.720001 0.666058 0.722382 0.648643 0.719975
0.807470 0.719879 0.668924 0.730089 0.653432 0.724943
0.799693 0.721015 0.667721 0.725587 0.650919 0.720671
0.795637 0.720258 0.668394 0.725138 0.650810 0.720873
0.806528 0.719422 0.670220 0.731853 0.653961 0.724635
0.792487 0.720234 0.666649 0.723508 0.649019 0.720013
0.805935 0.720582 0.669095 0.728786 0.653066 0.723709
0.802390 0.721156 0.668856 0.726534 0.651990 0.720892
0.794200 0.720178 0.667983 0.724664 0.650445 0.720327
0.808343 0.719565 0.670158 0.731634 0.653460 0.724795
0.795980 0.720305 0.666038 0.723805 0.648609 0.719247
0.804773 0.720737 0.669348 0.728723 0.652418 0.722739
0.802620 0.720454 0.669022 0.729606 0.652560 0.721832
0.799981 0.720887 0.667784 0.725849 0.650424 0.720070
0.808316 0.719612 0.668661 0.729726 0.652804 0.724677
0.795993 0.720067 0.666676 0.724268 0.648655 0.718913
0.808965 0.719494 0.669630 0.732055 0.654038 0.724340
0.795463 0.719761 0.667300 0.724449 0.649462 0.719816
0.804668 0.720520 0.668795 0.728543 0.651975 0.722541
0.803795 0.720683 0.668745 0.727989 0.651758 0.722208
0.799278 0.720962 0.668020 0.726068 0.650594 0.719455
0.807230 0.719643 0.669770 0.732070 0.653535 0.724020
0.797340 0.720616 0.667659 0.725122 0.649195 0.718828
0.808917 0.719740 0.669920 0.730466 0.653049 0.723941
0.791726 0.719562 0.667665 0.723212 0.648686 0.719143
0.809407 0.719362 0.670359 0.731838 0.653975 0.724350
0.792959 0.719335 0.667009 0.722846 0.647516 0.718883
0.808685 0.719798 0.670172 0.730539 0.653303 0.724026
0.801002 0.721030 0.667780 0.725636 0.650502 0.720838
0.803233 0.720850 0.669280 0.728409 0.652139 0.721798
0.804310 0.720727 0.669724 0.729466 0.652411 0.722171
0.799011 0.721008 0.667892 0.725541 0.650642 0.720039
0.807043 0.719875 0.670466 0.730908 0.653244 0.723795
0.792194 0.719757 0.667775 0.724110 0.649431 0.718952
0.809287 0.719654 0.670409 0.731701 0.653692 0.724288
0.792259 0.719033 0.666107 0.722485 0.646325 0.718317
0.809689 0.719623 0.670152 0.731399 0.653705 0.724210
0.797270 0.720103 0.666920 0.723924 0.647775 0.718586
0.808016 0.719863 0.670423 0.730774 0.653104 0.723407
0.800772 0.720682 0.667999 0.725618 0.650571 0.719747
0.800313 0.720830 0.668782 0.727564 0.650879 0.720515
0.809015 0.719873 0.670365 0.731715 0.653806 0.724405
0.787071 0.718576 0.665511 0.721678 0.644876 0.716106
0.809581 0.719503 0.670898 0.732253 0.653843 0.724337
0.786801 0.718712 0.668104 0.722160 0.646135 0.717951
0.810708 0.719255 0.668905 0.730163 0.654179 0.725198
0.802040 0.719839 0.666217 0.723152 0.648760 0.719212
0.803147 0.720468 0.669013 0.727139 0.652114 0.719991
0.804029 0.719887 0.671580 0.733225 0.653441 0.723778
0.786726 0.718557 0.665859 0.720996 0.644474 0.717355
0.808516 0.719763 0.668988 0.728398 0.653173 0.724251
0.799656 0.720685 0.667840 0.724588 0.650480 0.719432
0.799809 0.720512 0.669906 0.727890 0.651884 0.720298
0.806045 0.719620 0.671878 0.733588 0.654369 0.724504
0.791491 0.719667 0.667606 0.724131 0.647203 0.716672
0.806757 0.720230 0.669666 0.727455 0.652361 0.721994
0.801009 0.720509 0.669611 0.726525 0.650849 0.719696
0.794136 0.719269 0.669760 0.725379 0.651135 0.720472
0.808108 0.719828 0.670436 0.730659 0.653176 0.723710
0.797988 0.719428 0.665571 0.723240 0.645929 0.718543
0.807668 0.719747 0.670207 0.730327 0.652980 0.723143
0.801996 0.720697 0.669530 0.728802 0.651506 0.721149
0.801087 0.720755 0.668661 0.726785 0.650666 0.719935
0.807560 0.720124 0.669835 0.729468 0.652967 0.722634
0.797218 0.719941 0.667809 0.724661 0.647992 0.718185
0.808907 0.719818 0.671143 0.730987 0.653258 0.724137
0.798096 0.720557 0.667243 0.724028 0.647473 0.719159
0.809290 0.719846 0.670329 0.730243 0.652567 0.723655
0.800315 0.720534 0.668683 0.725620 0.649392 0.719072
0.803626 0.720749 0.670515 0.728930 0.652057 0.721435
0.803765 0.720659 0.670138 0.729002 0.651897 0.721856
0.800797 0.720681 0.668605 0.724982 0.650121 0.719217
0.808316 0.719869 0.670696 0.730443 0.653099 0.723369
0.795767 0.719851 0.668603 0.724692 0.649110 0.718895
0.810115 0.719737 0.670660 0.730352 0.653461 0.723939
0.789764 0.718067 0.664348 0.721189 0.644183 0.716692
0.811672 0.718841 0.669526 0.731617 0.655156 0.724911
0.787624 0.717128 0.663871 0.719827 0.643481 0.715933
0.810944 0.719075 0.669356 0.730207 0.653961 0.724462
0.801725 0.720488 0.668611 0.724599 0.649659 0.719046
0.799679 0.720080 0.668902 0.725240 0.649965 0.718261
0.808165 0.719445 0.671674 0.732648 0.654005 0.723900
0.792474 0.718223 0.665801 0.722256 0.645483 0.716298
0.809100 0.719684 0.670347 0.730593 0.653682 0.723507
0.801844 0.720336 0.669432 0.726655 0.650785 0.719960
0.796948 0.719938 0.669597 0.725278 0.650554 0.719419
0.809384 0.719545 0.671282 0.730720 0.654291 0.723876
0.789619 0.718207 0.665148 0.721226 0.644252 0.717391
0.811194 0.719219 0.671159 0.731670 0.655002 0.724911
0.797194 0.719758 0.668918 0.724797 0.649099 0.718878
0.804913 0.720260 0.670333 0.729162 0.651819 0.721913
0.807323 0.719870 0.670483 0.729286 0.652547 0.722477
0.799060 0.719628 0.668124 0.724839 0.647898 0.717263
0.809683 0.719591 0.671269 0.731653 0.653954 0.723970
0.796008 0.719501 0.668612 0.724292 0.648787 0.717961
0.808066 0.719898 0.670877 0.730186 0.653010 0.723045
0.801623 0.720895 0.669621 0.725863 0.650923 0.719117
0.803997 0.720645 0.670154 0.728261 0.651646 0.720977
0.807444 0.720123 0.671027 0.730246 0.652386 0.722938
0.800700 0.720355 0.668285 0.725155 0.649358 0.718842
0.809396 0.719926 0.670992 0.730283 0.653674 0.723162
0.794453 0.718493 0.667164 0.723580 0.646643 0.717671
0.811760 0.719321 0.670773 0.731027 0.654507 0.724899
0.788004 0.717449 0.664757 0.721175 0.644267 0.716493
0.812408 0.718875 0.669715 0.731149 0.654866 0.724834
0.798965 0.719200 0.667684 0.724016 0.647248 0.717425
0.804959 0.720301 0.670508 0.728872 0.651866 0.721353
0.808191 0.719889 0.671465 0.731001 0.653272 0.723520
0.791508 0.718677 0.665246 0.722580 0.644599 0.715934
0.810481 0.719339 0.671053 0.731955 0.654825 0.723988
0.800713 0.720372 0.669066 0.725586 0.650043 0.718035
0.802081 0.720341 0.668857 0.726575 0.649137 0.719632
0.808985 0.719759 0.671734 0.730633 0.654255 0.723891
0.790305 0.717991 0.665905 0.721805 0.645023 0.717211
0.811580 0.719028 0.670959 0.731162 0.654815 0.724467
0.799590 0.720078 0.668209 0.724426 0.648318 0.718233
0.804320 0.719954 0.670973 0.730110 0.651932 0.722117
0.807783 0.719622 0.671293 0.731086 0.653423 0.723077
0.800030 0.719702 0.667423 0.724218 0.648136 0.717223
0.809865 0.719745 0.671250 0.730378 0.653212 0.723582
0.798001 0.720206 0.669237 0.725255 0.649580 0.718514
0.805266 0.720224 0.670698 0.728838 0.651693 0.720831
0.806751 0.720337 0.670249 0.727711 0.652056 0.721289
0.801600 0.720592 0.668817 0.725075 0.649528 0.718284
0.808777 0.719555 0.671207 0.731728 0.652967 0.723584
0.795981 0.719602 0.668572 0.724594 0.648123 0.717938
0.810377 0.719683 0.670802 0.730045 0.653541 0.723578
0.798898 0.719663 0.667144 0.724125 0.646158 0.717232
0.809255 0.719633 0.671388 0.731285 0.653451 0.723600
0.800515 0.720046 0.668540 0.724963 0.648712 0.717442
0.807689 0.719673 0.670826 0.730141 0.652518 0.722652
0.805524 0.720383 0.670159 0.727740 0.651019 0.720646
0.803622 0.720362 0.669764 0.727143 0.650440 0.719402
0.807996 0.719824 0.671060 0.730427 0.652104 0.722644
0.799260 0.719804 0.667728 0.724756 0.648092 0.717398
0.810723 0.719481 0.671180 0.731388 0.653796 0.723634
0.789103 0.718124 0.665253 0.721756 0.645030 0.716337
0.811790 0.719331 0.671635 0.731487 0.654387 0.724826
0.790447 0.718289 0.665429 0.721580 0.644338 0.717220
0.811276 0.719621 0.671391 0.731225 0.654196 0.724304
0.803492 0.720140 0.669447 0.725375 0.649993 0.718267
0.801301 0.720561 0.668952 0.725188 0.649211 0.717813
0.809912 0.719315 0.671752 0.732834 0.654408 0.724124
0.793829 0.718704 0.664448 0.722016 0.644655 0.715103
0.807719 0.719755 0.670709 0.729732 0.652816 0.722465
0.806513 0.719673 0.670630 0.729784 0.651382 0.722200
0.790251 0.718614 0.667004 0.722999 0.646068 0.717037
0.811896 0.718744 0.671177 0.732495 0.654946 0.724278
0.793310 0.718450 0.666269 0.722884 0.645704 0.716959
0.808641 0.719663 0.670913 0.729907 0.653175 0.723456
0.805513 0.720401 0.669442 0.727512 0.650497 0.720921
0.797289 0.718992 0.668735 0.724272 0.647886 0.717667
0.807869 0.719269 0.671493 0.731985 0.653938 0.722806
0.804534 0.719840 0.668665 0.727602 0.649746 0.719995
0.806589 0.719599 0.669944 0.729768 0.650969 0.722073
0.806897 0.719598 0.670458 0.731534 0.652419 0.722243
0.800295 0.719538 0.668315 0.725390 0.649081 0.717476
0.808796 0.720122 0.669898 0.728682 0.651541 0.721136
0.798566 0.719788 0.667111 0.724241 0.647025 0.717963
0.808909 0.719607 0.672037 0.730704 0.652851 0.723336
0.801711 0.720305 0.670361 0.727158 0.650238 0.718932
0.807533 0.719795 0.670390 0.729483 0.651567 0.722095
0.806777 0.720085 0.669614 0.728079 0.650710 0.720855
0.804726 0.720149 0.669814 0.729060 0.650551 0.720416
0.807409 0.719915 0.670179 0.729667 0.651553 0.721922
0.802882 0.719618 0.666655 0.723866 0.647695 0.717255
0.809322 0.719677 0.670952 0.731262 0.652839 0.723142
0.796819 0.719722 0.668051 0.724205 0.648034 0.718405
0.811322 0.719762 0.670868 0.729981 0.652720 0.724043
0.790542 0.717792 0.663042 0.720936 0.643171 0.716271
0.811498 0.719084 0.671535 0.733062 0.654681 0.723418
0.798688 0.719487 0.667327 0.724112 0.645858 0.717034
0.807203 0.719564 0.670593 0.730032 0.651451 0.722370
0.806232 0.720074 0.670731 0.728432 0.651548 0.720552
0.802246 0.719921 0.669030 0.725043 0.649546 0.717544
0.808163 0.719534 0.670713 0.729697 0.652368 0.722395
0.797761 0.719522 0.667135 0.724267 0.646964 0.716658
0.808489 0.719537 0.671374 0.731930 0.653387 0.722933
0.803605 0.719890 0.669611 0.727405 0.650690 0.719040
0.806925 0.719560 0.669293 0.729040 0.649750 0.721701
0.807310 0.719532 0.670375 0.729859 0.651682 0.722015
0.802376 0.719906 0.669002 0.725643 0.649823 0.718409
0.809640 0.719675 0.670777 0.729833 0.652501 0.722578
0.799670 0.719318 0.666280 0.724066 0.645979 0.716344
0.810312 0.719673 0.671752 0.732138 0.653023 0.723288
0.795989 0.718864 0.667760 0.724307 0.646584 0.717395
0.812005 0.719589 0.670317 0.729961 0.653049 0.723929
0.797403 0.719135 0.665389 0.723287 0.644588 0.716388
0.807327 0.719700 0.671863 0.732411 0.653485 0.722892
0.804504 0.720489 0.669998 0.727018 0.650977 0.718707
0.803416 0.719896 0.667632 0.724375 0.648951 0.717905
0.810419 0.719771 0.671221 0.730966 0.652950 0.723570
0.792951 0.718079 0.668098 0.724135 0.647207 0.716837
0.807449 0.719468 0.670653 0.729882 0.651802 0.721574
0.804249 0.720015 0.667812 0.724398 0.648661 0.718203
0.807881 0.719486 0.669750 0.729294 0.651088 0.721666
0.807212 0.719513 0.670609 0.730126 0.651567 0.721707
0.801840 0.719890 0.668877 0.725950 0.648774 0.717718
0.809036 0.719799 0.670851 0.729827 0.652075 0.721982
0.801461 0.719784 0.666733 0.724447 0.647426 0.717332
0.809736 0.719745 0.671054 0.730212 0.652164 0.723110
0.796832 0.719395 0.667123 0.724032 0.645919 0.716912
0.810124 0.719559 0.671592 0.731541 0.653011 0.722703
0.800049 0.719392 0.667912 0.724874 0.647264 0.716752
0.809608 0.719993 0.670580 0.730244 0.652024 0.723475
0.802554 0.719616 0.667537 0.724488 0.646756 0.717376
0.808001 0.719878 0.670551 0.730089 0.652421 0.721177
0.805346 0.719751 0.669414 0.726647 0.649885 0.719059
0.806073 0.719459 0.669298 0.729074 0.649761 0.720511
0.808640 0.719626 0.670843 0.730751 0.652309 0.722603
0.802576 0.719951 0.668582 0.725431 0.649086 0.717991
0.807522 0.719594 0.669616 0.728279 0.650286 0.720253
0.804902 0.719442 0.668619 0.727939 0.648549 0.719237
0.808255 0.719401 0.670856 0.730984 0.651847 0.721998
0.806547 0.719688 0.670372 0.729082 0.650340 0.719780
0.806369 0.719645 0.669604 0.726815 0.649021 0.719755
0.807650 0.719571 0.669889 0.728630 0.650321 0.720915
0.806590 0.719624 0.669624 0.728625 0.649853 0.720035
0.808659 0.719586 0.670322 0.729819 0.650673 0.721500
0.802482 0.719696 0.668011 0.725099 0.647781 0.717216
0.809965 0.719646 0.671198 0.731434 0.652650 0.722452
0.793008 0.718340 0.664921 0.722190 0.644263 0.716358
0.813525 0.718253 0.668656 0.730144 0.653259 0.724140
0.772561 0.713398 0.659870 0.714851 0.635159 0.709746
0.812694 0.716796 0.668857 0.734233 0.655764 0.723541
0.802259 0.719653 0.669238 0.725785 0.648899 0.717575
0.792076 0.718200 0.665789 0.722853 0.643819 0.715561
0.812288 0.716972 0.669883 0.733714 0.655845 0.724486
0.782956 0.715641 0.663194 0.718232 0.643012 0.715090
0.794331 0.718338 0.667237 0.720714 0.645495 0.715938
0.809661 0.719703 0.668676 0.728967 0.652856 0.723497
0.792018 0.718623 0.664891 0.722263 0.644938 0.712612
0.807887 0.718687 0.671858 0.735077 0.654653 0.722103
0.803334 0.719032 0.670992 0.731222 0.653129 0.719433
0.802989 0.719035 0.668431 0.727807 0.651160 0.718986
0.809066 0.718783 0.670399 0.732074 0.653254 0.723044
0.799156 0.719053 0.666546 0.722339 0.647202 0.718164
0.801558 0.718901 0.667551 0.722239 0.648564 0.718762
0.807034 0.719347 0.668397 0.725261 0.651847 0.721294
0.800735 0.718668 0.667342 0.723112 0.649410 0.718275
0.804796 0.719350 0.670150 0.729796 0.652331 0.721884
0.808102 0.719910 0.670899 0.730434 0.652685 0.724067
0.800871 0.720095 0.668590 0.728950 0.650464 0.722203
0.806867 0.720158 0.668766 0.728506 0.650711 0.722635
0.806971 0.720170 0.669048 0.728090 0.651084 0.720875
0.800796 0.719519 0.667354 0.723661 0.648479 0.717429
0.808022 0.720196 0.668257 0.726726 0.649766 0.720441
0.802928 0.719995 0.666060 0.722572 0.647301 0.717887
0.807162 0.720336 0.669637 0.728372 0.650937 0.721414
0.805105 0.720056 0.670551 0.729312 0.651433 0.720867
0.803480 0.720143 0.669518 0.728306 0.649964 0.719842
0.808613 0.719600 0.670076 0.729483 0.650540 0.722056
0.802493 0.719497 0.668660 0.728863 0.648815 0.719123
0.806613 0.719665 0.669988 0.730129 0.651352 0.720472
0.806779 0.719531 0.669805 0.729921 0.651287 0.720079
0.806224 0.719672 0.669035 0.728595 0.650176 0.719481
0.807947 0.719337 0.670585 0.730526 0.651531 0.722458
0.805685 0.719597 0.669990 0.729802 0.650702 0.720480
0.806939 0.719510 0.670504 0.729955 0.651514 0.721495
0.806665 0.719436 0.669874 0.728948 0.650819 0.720743
0.804238 0.719378 0.669278 0.728151 0.649341 0.720029
0.807734 0.719308 0.670464 0.730205 0.651417 0.721673
0.804310 0.719824 0.669416 0.729398 0.649931 0.720117
0.808357 0.719388 0.670067 0.730047 0.651057 0.721786
0.806352 0.719897 0.668929 0.728551 0.649627 0.720006
0.807978 0.719556 0.669641 0.729608 0.650445 0.721438
0.806534 0.720053 0.668573 0.726105 0.648597 0.719821
0.807847 0.720504 0.669289 0.727139 0.649484 0.720356
0.806514 0.720490 0.668718 0.725127 0.648582 0.719331
0.807110 0.720111 0.669763 0.728486 0.649743 0.720277
0.807293 0.719887 0.669739 0.728803 0.649711 0.720294
0.807412 0.719961 0.669183 0.728499 0.650033 0.720215
0.807219 0.719540 0.669394 0.728623 0.649981 0.720404
0.806846 0.719640 0.669421 0.728528 0.649700 0.720318
0.807802 0.719597 0.670036 0.729096 0.650255 0.720651
0.806957 0.719697 0.669604 0.728453 0.649840 0.720126
0.808059 0.719618 0.670748 0.729744 0.650644 0.721192
0.805651 0.720311 0.669537 0.725885 0.649009 0.718968
0.809049 0.719759 0.671094 0.730010 0.651696 0.721575
0.801960 0.719456 0.666923 0.724950 0.646280 0.717371
0.810689 0.719948 0.671995 0.731037 0.652871 0.722524
0.790643 0.716389 0.663983 0.721039 0.642760 0.715042
0.812589 0.719119 0.671535 0.732177 0.653678 0.723518
0.792151 0.716456 0.663070 0.720209 0.641015 0.714787
0.809749 0.719498 0.672231 0.731000 0.652767 0.722352
0.806338 0.719283 0.670078 0.727433 0.649564 0.719480
0.799670 0.718418 0.665720 0.723064 0.645394 0.715832
0.811563 0.718997 0.671678 0.732563 0.654301 0.723292
0.793795 0.717653 0.664489 0.721854 0.643799 0.714885
0.808955 0.719487 0.671361 0.730044 0.651758 0.721430
0.807266 0.719536 0.669290 0.728128 0.648918 0.720640
0.800487 0.719704 0.667968 0.724762 0.646764 0.717375
0.810156 0.719006 0.672642 0.732627 0.653644 0.722842
0.801694 0.719142 0.668793 0.725455 0.648526 0.718332
0.808227 0.719369 0.669768 0.728266 0.649976 0.721355
0.804928 0.719845 0.667371 0.724120 0.646875 0.717850
0.806833 0.719964 0.670037 0.727268 0.650723 0.720033
0.807871 0.719170 0.670312 0.729568 0.650495 0.721448
0.807141 0.719425 0.668319 0.728413 0.647893 0.720785
0.809013 0.719545 0.669489 0.729442 0.649638 0.721837
0.802438 0.719804 0.668205 0.725382 0.647041 0.717899
0.810728 0.719339 0.671436 0.731742 0.652575 0.721763
0.799640 0.718162 0.664094 0.721912 0.642674 0.715958
0.810260 0.719478 0.670438 0.730144 0.651345 0.721841
0.803215 0.720311 0.668293 0.725607 0.647244 0.718735
0.807045 0.719133 0.670700 0.730361 0.651612 0.721805
0.807298 0.719024 0.669758 0.729350 0.649867 0.720507
0.805801 0.719945 0.667316 0.724282 0.647274 0.718772
0.809090 0.719349 0.669821 0.729669 0.650947 0.721962
0.801940 0.719215 0.666416 0.725270 0.646268 0.717023
0.807325 0.719980 0.670169 0.727937 0.651097 0.720285
0.805369 0.719708 0.667968 0.727273 0.647448 0.719187
0.809358 0.719719 0.670228 0.729513 0.650666 0.723090
0.805475 0.719757 0.669419 0.727371 0.648685 0.719953
0.806652 0.719984 0.669663 0.726565 0.649481 0.719974
0.805832 0.719807 0.667616 0.724620 0.646933 0.718509
0.807213 0.719182 0.669561 0.729177 0.649386 0.720819
0.808031 0.719140 0.670239 0.729626 0.650152 0.721046
0.805726 0.720209 0.667739 0.725347 0.647184 0.718914
0.808499 0.719312 0.669779 0.729606 0.649660 0.721557
0.803439 0.719926 0.667733 0.725468 0.646389 0.718230
0.809380 0.719441 0.671186 0.730279 0.651208 0.721862
0.804558 0.719748 0.667172 0.724499 0.646191 0.718089
0.809869 0.719292 0.669894 0.729450 0.650272 0.721759
0.800163 0.719632 0.666312 0.724262 0.644704 0.716939
0.810147 0.719735 0.671960 0.731513 0.652531 0.722214
0.801232 0.718754 0.665981 0.724666 0.642848 0.716279
0.810461 0.719516 0.671763 0.730787 0.651800 0.722854
0.800585 0.719468 0.667436 0.725527 0.646811 0.718095
0.808005 0.719788 0.670855 0.726874 0.650208 0.719759
0.805892 0.719817 0.667761 0.724803 0.647369 0.718701
0.806342 0.719905 0.669066 0.725972 0.648728 0.719446
0.808456 0.719370 0.671344 0.731620 0.651705 0.721889
0.804280 0.719805 0.668522 0.726032 0.647932 0.718696
0.808190 0.719579 0.668931 0.728570 0.648588 0.721083
0.804598 0.719895 0.667353 0.725061 0.646697 0.718438
0.809001 0.719933 0.671758 0.730378 0.651585 0.721703
0.802854 0.719929 0.667423 0.725252 0.645711 0.718046
0.809309 0.719248 0.670313 0.729703 0.650319 0.721800
0.800902 0.719394 0.665588 0.723802 0.644385 0.717268
0.810869 0.719979 0.671850 0.731766 0.652872 0.722120
0.797244 0.718261 0.664859 0.722455 0.640401 0.715348
0.810376 0.719816 0.672023 0.730731 0.652189 0.722759
0.803383 0.719655 0.667500 0.725237 0.645899 0.717862
0.808800 0.719328 0.670880 0.729901 0.650219 0.721332
0.805886 0.719961 0.668001 0.725178 0.647381 0.718371
0.805339 0.719751 0.667305 0.724711 0.646463 0.718317
0.809146 0.719297 0.670719 0.729718 0.650638 0.721407
0.800823 0.719557 0.667072 0.725195 0.645586 0.717766
0.809716 0.719645 0.671462 0.730260 0.651304 0.721958
0.799893 0.719233 0.666061 0.723641 0.643437 0.716711
0.810562 0.720053 0.672139 0.730404 0.652048 0.722551
0.803327 0.719650 0.666947 0.724963 0.645168 0.717473
0.807772 0.719155 0.670539 0.729509 0.649035 0.720983
0.807003 0.719991 0.669911 0.726124 0.648847 0.719398
0.806678 0.719958 0.669140 0.725817 0.648180 0.719085
0.807917 0.719302 0.670072 0.729008 0.649108 0.720596
0.805655 0.719968 0.667818 0.724938 0.647060 0.718315
0.808566 0.719252 0.670966 0.729978 0.650197 0.721486
0.804519 0.719878 0.667684 0.725194 0.646137 0.718566
0.809680 0.719375 0.670740 0.729709 0.650795 0.721780
0.798887 0.718440 0.665871 0.723433 0.641819 0.716398
0.810662 0.719707 0.672391 0.731968 0.652750 0.722438
0.798765 0.718672 0.665561 0.723262 0.641521 0.715850
0.810366 0.719565 0.671903 0.730679 0.651915 0.722656
0.801290 0.718828 0.666406 0.723450 0.642814 0.716583
0.808068 0.720005 0.671718 0.727518 0.650362 0.719792
0.807022 0.719970 0.669610 0.726288 0.648916 0.719136
0.804714 0.719450 0.667266 0.724767 0.645278 0.718047
0.809628 0.719693 0.671674 0.730490 0.651531 0.721840
0.797900 0.718779 0.667880 0.722809 0.645587 0.717693
0.809855 0.719391 0.671413 0.729463 0.650677 0.722095
0.802566 0.719037 0.666993 0.724917 0.643757 0.716653
0.808330 0.719556 0.671507 0.730245 0.650745 0.721362
0.806169 0.720051 0.669586 0.726188 0.648773 0.719278
0.808236 0.720040 0.669306 0.726709 0.648701 0.720111
0.805744 0.719428 0.667525 0.724859 0.644833 0.718209
0.808477 0.719769 0.671689 0.730234 0.650935 0.721732
0.805418 0.719828 0.668666 0.725694 0.646569 0.718673
0.809416 0.719376 0.670805 0.729542 0.649912 0.721567
0.803512 0.719718 0.667469 0.725065 0.644907 0.717889
0.809639 0.719948 0.672323 0.730426 0.651619 0.722073
0.801203 0.718468 0.665781 0.723651 0.640522 0.715880
0.810388 0.719775 0.671900 0.730628 0.652146 0.722447
0.800450 0.719321 0.666527 0.724220 0.644863 0.717192
0.809520 0.719632 0.671491 0.730229 0.651210 0.721984
0.803383 0.718985 0.666875 0.724527 0.643450 0.716902
0.808155 0.720033 0.671312 0.727674 0.649790 0.720250
0.806228 0.719972 0.669861 0.725938 0.648650 0.719024
0.807025 0.719780 0.669181 0.726474 0.648110 0.719280
0.808048 0.719917 0.670128 0.727361 0.648849 0.720191
0.805809 0.720430 0.668928 0.725187 0.647465 0.718754
0.807874 0.719840 0.670807 0.728077 0.650001 0.720744
0.806704 0.719664 0.668289 0.725989 0.647456 0.719131
0.808286 0.719156 0.670286 0.729358 0.649465 0.720948
0.806759 0.719887 0.669002 0.725740 0.647106 0.718775
0.808175 0.719818 0.670047 0.726984 0.648577 0.719557
0.806247 0.719983 0.668188 0.725308 0.647003 0.718711
0.808556 0.719514 0.671278 0.729711 0.650042 0.721220
0.805585 0.719932 0.668680 0.725804 0.647037 0.718701
0.809149 0.719293 0.670554 0.729345 0.649286 0.720951
0.803310 0.718718 0.665877 0.723998 0.641780 0.716524
0.810809 0.719948 0.672728 0.731519 0.652473 0.722868
0.783166 0.715113 0.665059 0.717570 0.638656 0.713999
0.810852 0.719231 0.672337 0.731709 0.652027 0.722107
0.789216 0.716043 0.663880 0.717899 0.635496 0.712523
0.811805 0.718802 0.672543 0.733090 0.654051 0.723473
0.800884 0.719141 0.669694 0.724914 0.647080 0.719019
0.800806 0.718133 0.665979 0.722994 0.643609 0.716098
0.811058 0.719983 0.671859 0.729896 0.651722 0.722836
0.782468 0.714041 0.661256 0.714505 0.634269 0.708898
0.808767 0.719288 0.672514 0.732159 0.653224 0.720527
0.804842 0.719339 0.671730 0.728606 0.652311 0.719245
0.784231 0.716809 0.664493 0.718354 0.642300 0.714428
0.810793 0.720151 0.669871 0.729032 0.650776 0.724155
0.790357 0.717537 0.667628 0.721378 0.641277 0.713908
0.805471 0.719282 0.670949 0.729555 0.649699 0.718759
0.809850 0.718890 0.670557 0.729300 0.652436 0.719992
0.803616 0.718618 0.665499 0.722512 0.645128 0.718387
0.809614 0.720206 0.668406 0.728009 0.649084 0.723580
0.807132 0.719988 0.670346 0.729089 0.649020 0.723474
0.793552 0.718180 0.670029 0.722750 0.648057 0.719306
0.808305 0.719944 0.670495 0.728098 0.650678 0.721303
0.809463 0.719556 0.670474 0.729017 0.649677 0.722927
0.799616 0.718492 0.665876 0.723996 0.641306 0.715507
0.809283 0.719094 0.671828 0.731345 0.651028 0.722641
0.805964 0.719841 0.670227 0.726667 0.649223 0.719910
0.802938 0.719936 0.667492 0.725140 0.645521 0.718314
0.809348 0.719833 0.671716 0.729788 0.651219 0.723215
0.802741 0.720221 0.668709 0.725090 0.646719 0.717374
0.807310 0.720398 0.670792 0.726618 0.650175 0.719537
0.808579 0.719400 0.670288 0.727260 0.649772 0.719956
0.802025 0.718053 0.665152 0.723488 0.641000 0.716603
0.807878 0.718948 0.670575 0.730477 0.650324 0.721597
0.804814 0.719277 0.669438 0.727902 0.648756 0.719936
0.805309 0.719432 0.668136 0.725917 0.646391 0.718750
0.807396 0.719357 0.668938 0.726892 0.646694 0.719943
0.804570 0.719707 0.668411 0.726787 0.646747 0.718963
0.807395 0.719666 0.670528 0.729579 0.650306 0.721270
0.807503 0.719085 0.669962 0.729232 0.648845 0.720535
0.805742 0.719442 0.666796 0.724791 0.644743 0.717935
0.808811 0.719785 0.670978 0.729511 0.650461 0.722063
0.805819 0.720256 0.669972 0.727046 0.648720 0.719152
0.807036 0.719700 0.670549 0.727006 0.648815 0.719615
0.808171 0.719463 0.670572 0.728685 0.649309 0.720479
0.805586 0.719920 0.668512 0.725495 0.646462 0.718438
0.808351 0.719515 0.670977 0.729505 0.649792 0.721158
0.806219 0.719866 0.668839 0.725825 0.647543 0.718379
0.807374 0.719782 0.668986 0.726693 0.648378 0.719300
0.808028 0.719151 0.669870 0.729120 0.649356 0.720634
0.804948 0.720108 0.668365 0.725673 0.646869 0.718168
0.808648 0.719768 0.670956 0.729159 0.650046 0.721010
0.805815 0.719889 0.667540 0.725135 0.645585 0.718353
0.808376 0.719701 0.670671 0.729250 0.649714 0.721053
0.806287 0.720163 0.669639 0.726187 0.648392 0.718923
0.807196 0.719990 0.669522 0.726536 0.648514 0.719247
0.807826 0.719823 0.669692 0.727765 0.648466 0.719850
0.805758 0.720082 0.668499 0.725720 0.647498 0.718357
0.808222 0.719450 0.670799 0.729511 0.650072 0.720916
0.805828 0.720164 0.668419 0.725598 0.647611 0.718373
0.808905 0.719401 0.670159 0.728951 0.649261 0.720756
0.805785 0.719887 0.667477 0.725108 0.645529 0.718547
0.808512 0.719482 0.671091 0.729465 0.650218 0.721030
0.806059 0.719676 0.668325 0.725538 0.646156 0.718231
0.808463 0.719305 0.670303 0.728981 0.649129 0.720536
0.806448 0.720253 0.668690 0.725840 0.647301 0.718581
0.808014 0.719321 0.670559 0.729077 0.648951 0.720315
0.806945 0.719722 0.669301 0.725854 0.647714 0.718701
0.807320 0.719599 0.669485 0.726854 0.648036 0.719360
0.807921 0.719756 0.669963 0.727784 0.648709 0.719870
0.806129 0.720159 0.668762 0.725768 0.647454 0.718554
0.808220 0.719467 0.670106 0.728537 0.648637 0.720165
0.806092 0.719983 0.668304 0.725581 0.646708 0.718363
0.809076 0.719617 0.671111 0.729369 0.649817 0.720763
0.804238 0.719268 0.667056 0.725070 0.643036 0.717600
0.809975 0.719555 0.671954 0.729586 0.650640 0.721497
0.803035 0.718963 0.666234 0.724152 0.641939 0.716974
0.809858 0.719714 0.671999 0.729922 0.651139 0.721902
0.801913 0.718863 0.665785 0.723925 0.641353 0.716680
0.809838 0.720219 0.672428 0.729861 0.651160 0.721690
0.803475 0.718699 0.666262 0.724267 0.641789 0.716411
0.808436 0.719299 0.670943 0.729367 0.649514 0.720517
0.806808 0.719994 0.669974 0.726375 0.648593 0.718790
0.806476 0.719753 0.667902 0.725321 0.645986 0.718234
0.808157 0.719449 0.669698 0.728642 0.648518 0.720254
0.805469 0.720022 0.668143 0.725581 0.646315 0.718117
0.809388 0.719757 0.671393 0.729763 0.650710 0.721049
0.804215 0.719185 0.667712 0.725285 0.643123 0.717422
0.809291 0.720096 0.671792 0.729479 0.650212 0.721525
0.803907 0.719775 0.667264 0.724804 0.643233 0.717497
0.809354 0.719849 0.671949 0.729746 0.650323 0.721098
0.804735 0.719084 0.667074 0.725308 0.643325 0.717790
0.808398 0.719420 0.670501 0.729110 0.649446 0.720692
0.805933 0.720322 0.668643 0.725822 0.646756 0.718556
0.807971 0.719971 0.670618 0.727036 0.648849 0.719820
0.806686 0.719043 0.669487 0.727174 0.646489 0.718877
0.807736 0.719413 0.670340 0.729245 0.648995 0.720184
0.808160 0.719305 0.670102 0.729190 0.648569 0.720146
0.805177 0.719326 0.667597 0.725222 0.642839 0.717930
0.809192 0.719742 0.671588 0.729624 0.650292 0.721088
0.803719 0.719190 0.666917 0.725096 0.642062 0.717528
0.810484 0.719560 0.671837 0.729848 0.650672 0.721817
0.790475 0.717297 0.666642 0.720705 0.639192 0.715539
0.810302 0.720068 0.673938 0.732105 0.652427 0.722890
0.800946 0.717146 0.663455 0.721890 0.638571 0.714874
0.809900 0.719163 0.671340 0.729794 0.650825 0.721484
0.799203 0.718215 0.668959 0.723306 0.645152 0.717163
0.809110 0.719546 0.671686 0.728176 0.650278 0.720513
0.801892 0.719118 0.667038 0.724583 0.642233 0.716560
0.807333 0.719920 0.671441 0.730178 0.649942 0.720615
0.806911 0.719382 0.669277 0.729345 0.649187 0.719751
0.808859 0.718963 0.669724 0.729200 0.649557 0.720676
0.806796 0.719067 0.669181 0.729246 0.648589 0.720098
0.804442 0.719249 0.670827 0.728754 0.649120 0.720263
0.807325 0.720411 0.670400 0.729393 0.649172 0.721186
0.805061 0.719546 0.666594 0.724679 0.643638 0.717958
0.809290 0.719794 0.670140 0.729090 0.649593 0.721007
0.805548 0.719271 0.669366 0.729324 0.647955 0.719503
0.809212 0.719509 0.671333 0.729897 0.650966 0.721554
0.804546 0.719611 0.667384 0.724460 0.643165 0.717827
0.809064 0.720094 0.671597 0.729231 0.649552 0.720834
0.805218 0.720725 0.668402 0.725203 0.644702 0.718762
0.808768 0.719652 0.670626 0.728622 0.648345 0.720562
0.807554 0.719718 0.670032 0.726766 0.647925 0.719508
0.807998 0.719614 0.670641 0.729343 0.649486 0.720199
0.807836 0.719368 0.670518 0.729133 0.649187 0.720155
0.806542 0.720289 0.668283 0.725204 0.646266 0.718404
0.808608 0.719917 0.670796 0.728545 0.649400 0.720719
0.805418 0.719700 0.668135 0.725276 0.645488 0.718240
0.809235 0.719453 0.671164 0.729957 0.650802 0.721443
0.802396 0.719010 0.666609 0.724953 0.643059 0.717432
0.810426 0.720406 0.673136 0.730505 0.651626 0.722616
0.795736 0.717055 0.665828 0.721944 0.638247 0.714599
0.810185 0.719970 0.673570 0.732170 0.652686 0.723582
0.799961 0.717888 0.666022 0.722281 0.639819 0.716019
0.810191 0.719480 0.672166 0.729594 0.650664 0.721822
0.805538 0.719933 0.669715 0.725750 0.645451 0.718319
0.805091 0.719182 0.668873 0.725274 0.646592 0.718256
0.811635 0.720386 0.672954 0.730041 0.651921 0.722421
0.792521 0.716923 0.666416 0.721449 0.639708 0.714987
0.808746 0.719566 0.672367 0.732131 0.651961 0.721732
0.801849 0.718768 0.668417 0.725624 0.643587 0.717192
0.805529 0.719146 0.669671 0.727864 0.646977 0.719546
0.811288 0.720287 0.672250 0.729605 0.651740 0.723648
0.801940 0.719194 0.666497 0.723216 0.640679 0.717092
0.810090 0.719903 0.672968 0.732002 0.652236 0.722366
0.805204 0.719592 0.669555 0.727719 0.644513 0.718683
0.805244 0.719103 0.669693 0.728863 0.646051 0.719513
0.810530 0.719740 0.672434 0.731648 0.652428 0.722400
0.795918 0.718446 0.668357 0.723488 0.643161 0.717079
0.809903 0.720502 0.672446 0.729663 0.650992 0.722463
0.806305 0.719176 0.667534 0.725390 0.643421 0.718500
0.805474 0.719575 0.669491 0.726173 0.647265 0.718342
0.809198 0.719331 0.671997 0.731987 0.652421 0.721624
0.805837 0.719483 0.667615 0.724810 0.646588 0.717963
0.808250 0.718864 0.669342 0.728318 0.647471 0.720806
0.805547 0.720487 0.668778 0.724949 0.645284 0.718395
0.806837 0.721213 0.670118 0.725695 0.648913 0.718963
0.808179 0.719832 0.670373 0.727406 0.649471 0.720134
0.808314 0.718839 0.669069 0.728069 0.647380 0.719927
0.806106 0.719176 0.670271 0.726989 0.646609 0.718361
0.808408 0.720322 0.672110 0.730600 0.651139 0.721296
0.805779 0.719896 0.668427 0.724775 0.642994 0.718102
0.808714 0.719702 0.670492 0.728974 0.648404 0.720767
0.806653 0.719309 0.670455 0.729496 0.648516 0.720624
0.804660 0.718203 0.669071 0.727798 0.645075 0.719872
0.809194 0.719509 0.671037 0.729980 0.650511 0.721237
0.805609 0.720170 0.668255 0.725403 0.644288 0.718490
0.808355 0.720057 0.671055 0.730067 0.649945 0.721522
0.806080 0.718487 0.669150 0.728476 0.643933 0.719241
0.807249 0.718871 0.669536 0.728985 0.646528 0.720329
0.808464 0.720040 0.670868 0.729658 0.649271 0.721316
0.805667 0.719645 0.669059 0.725448 0.644150 0.719213
0.808338 0.719521 0.670448 0.728889 0.648019 0.720474
0.805415 0.719720 0.668400 0.725174 0.643556 0.718516
0.809005 0.719944 0.671636 0.729771 0.650092 0.720912
0.805300 0.719307 0.668666 0.725388 0.643243 0.717786
0.808484 0.720086 0.671389 0.729328 0.648742 0.720947
0.804915 0.719971 0.668615 0.725285 0.642777 0.718301
0.809016 0.720068 0.671630 0.729352 0.648828 0.720823
0.804540 0.719195 0.668362 0.725478 0.642963 0.718261
0.808526 0.719078 0.670987 0.729453 0.648121 0.720619
0.805228 0.720418 0.669032 0.725788 0.645310 0.718692
0.808760 0.720526 0.671496 0.729529 0.649382 0.721156
0.804711 0.719199 0.667565 0.725136 0.642674 0.717673
0.809042 0.719522 0.671452 0.729698 0.650143 0.720663
0.803998 0.719201 0.668314 0.725395 0.645035 0.718350
0.809718 0.719928 0.672055 0.729899 0.650682 0.721355
0.801018 0.718775 0.666691 0.724626 0.640414 0.716497
0.809983 0.719897 0.673341 0.732182 0.652353 0.722633
0.801295 0.717963 0.665709 0.723566 0.640357 0.716091
0.810951 0.719447 0.672656 0.730837 0.651645 0.722441
0.792031 0.718624 0.668744 0.722545 0.640725 0.716081
0.809726 0.720531 0.673772 0.732048 0.652598 0.722384
0.804161 0.718593 0.667035 0.724378 0.641100 0.716692
0.808193 0.718267 0.668678 0.728195 0.646414 0.719463
0.809205 0.719299 0.671545 0.730134 0.650778 0.721185
0.804825 0.719592 0.668529 0.725436 0.645003 0.718116
0.808345 0.720161 0.670796 0.728790 0.648839 0.720887
0.807237 0.720146 0.669706 0.728663 0.647174 0.720609
0.806703 0.719946 0.670540 0.729736 0.648441 0.720246
0.808693 0.719469 0.671173 0.731542 0.651090 0.721020
0.805792 0.719252 0.668296 0.725797 0.643517 0.718245
0.808946 0.720030 0.671613 0.730266 0.650527 0.722620
0.801090 0.719403 0.667084 0.725010 0.641251 0.717016
0.810042 0.720036 0.671432 0.729719 0.650696 0.720907
0.805560 0.720556 0.668420 0.724952 0.645147 0.718271
0.807858 0.719494 0.670711 0.729341 0.648168 0.720685
0.805366 0.718877 0.669385 0.726478 0.644517 0.718368
0.809084 0.719787 0.672403 0.729534 0.649786 0.720829
0.807002 0.720851 0.669854 0.726843 0.647607 0.719613
0.805629 0.718988 0.670728 0.729280 0.646969 0.719563
0.806844 0.718840 0.671111 0.729323 0.648012 0.719680
0.807114 0.721456 0.669583 0.725408 0.646658 0.718676
0.809224 0.720858 0.670863 0.728888 0.648787 0.721695
0.802239 0.718851 0.665798 0.724564 0.641977 0.716311
0.810043 0.719030 0.672063 0.730533 0.650743 0.721463
0.798988 0.717719 0.666581 0.723140 0.641310 0.716201
0.811628 0.719505 0.673609 0.730583 0.651888 0.723125
0.792919 0.716399 0.665388 0.720492 0.636536 0.714140
0.809152 0.719834 0.673976 0.733451 0.653393 0.723424
0.802501 0.719746 0.668067 0.724915 0.643783 0.717482
0.807654 0.718601 0.669848 0.728919 0.647483 0.720235
0.807961 0.719769 0.672102 0.730597 0.649743 0.721043
0.798743 0.719213 0.668844 0.724293 0.643680 0.716816
0.809163 0.720562 0.671237 0.729262 0.649838 0.721079
0.806031 0.720765 0.667633 0.724387 0.644225 0.718215
0.808016 0.721457 0.670264 0.726836 0.647955 0.719549
0.807166 0.720614 0.671882 0.729263 0.649808 0.719947
0.804494 0.719715 0.668997 0.725005 0.642739 0.717913
0.810584 0.719970 0.672197 0.729739 0.650809 0.722252
0.803548 0.719742 0.668663 0.725064 0.643840 0.718587
0.808264 0.720443 0.672880 0.730936 0.651567 0.721360
0.807031 0.719398 0.670410 0.729494 0.646756 0.720443
0.806378 0.719232 0.668604 0.728095 0.644591 0.719519
0.809347 0.719498 0.672373 0.731187 0.650660 0.721797
0.802429 0.718809 0.667332 0.725265 0.641973 0.717345
0.809173 0.719204 0.671636 0.730023 0.650020 0.721605
0.803431 0.719751 0.667454 0.724963 0.642989 0.716982
0.808666 0.720446 0.672375 0.730125 0.650556 0.720861
0.806193 0.719379 0.670112 0.728564 0.646608 0.719282
0.806217 0.718605 0.668477 0.728023 0.644299 0.718870
0.808639 0.719994 0.671938 0.729679 0.648846 0.720802
0.804400 0.719873 0.669208 0.725703 0.644119 0.718251
0.808219 0.720425 0.671205 0.729474 0.648916 0.720530
0.806882 0.719489 0.668620 0.728063 0.645320 0.719455
0.806704 0.720047 0.668775 0.727958 0.645987 0.719442
0.807978 0.720113 0.671148 0.729812 0.649293 0.720126
0.805004 0.720014 0.668078 0.724922 0.642621 0.717613
0.809322 0.719827 0.672057 0.730334 0.649256 0.721782
0.802025 0.719678 0.668222 0.724943 0.641973 0.717693
0.810163 0.720184 0.673122 0.731430 0.651577 0.721440
0.804597 0.719870 0.668303 0.724997 0.642368 0.717357
0.808509 0.719376 0.671533 0.729466 0.647779 0.720459
0.805882 0.720357 0.669626 0.725723 0.645051 0.718322
0.807607 0.720799 0.671168 0.728369 0.647974 0.719620
0.806859 0.719364 0.669298 0.728274 0.645029 0.719404
0.806742 0.719029 0.669197 0.728340 0.645487 0.719534
0.807499 0.720138 0.671337 0.729603 0.648329 0.720007
0.806349 0.719517 0.669906 0.727683 0.644627 0.719073
0.807944 0.719578 0.670433 0.729156 0.646919 0.720107
0.805547 0.720034 0.669210 0.727654 0.644525 0.719108
0.808998 0.719865 0.672031 0.730272 0.649733 0.720488
0.803990 0.719777 0.668663 0.725344 0.642323 0.717047
0.809433 0.720071 0.672575 0.730347 0.649625 0.721800
0.799282 0.719136 0.668170 0.723562 0.640914 0.716815
0.810658 0.720342 0.673676 0.731792 0.652315 0.721913
0.801677 0.717991 0.665538 0.723709 0.638396 0.714885
0.809692 0.719686 0.673223 0.730657 0.651072 0.722470
0.792237 0.718541 0.669062 0.721458 0.640300 0.716531
0.810886 0.720617 0.673615 0.730869 0.651910 0.721553
0.802240 0.718142 0.665766 0.723906 0.638791 0.715567
0.808241 0.718694 0.670731 0.730078 0.649738 0.720207
0.808748 0.719283 0.671745 0.730193 0.650272 0.719767
0.804395 0.718945 0.670340 0.725159 0.644561 0.718345
0.806669 0.719148 0.669160 0.728633 0.644710 0.719729
0.807234 0.719217 0.670673 0.729520 0.647509 0.719967
0.807705 0.720078 0.670290 0.729755 0.649164 0.720670
0.808392 0.719832 0.670073 0.730180 0.649226 0.720746
0.804753 0.718458 0.668200 0.728219 0.644712 0.719048
0.805206 0.718464 0.670179 0.730079 0.646976 0.720872
0.791369 0.718505 0.668049 0.722912 0.639163 0.715694
0.811972 0.719608 0.673495 0.732282 0.652861 0.723660
0.800947 0.719870 0.667693 0.723962 0.641120 0.715911
0.811253 0.719985 0.673121 0.730819 0.651181 0.722637
0.806107 0.718160 0.667851 0.728167 0.644679 0.718827
0.805634 0.718349 0.668878 0.727852 0.644326 0.719196
0.809438 0.718717 0.671749 0.730537 0.650749 0.720805
0.804084 0.719363 0.667634 0.726417 0.645250 0.719177
0.808615 0.719502 0.671664 0.729882 0.649896 0.721280
0.805189 0.719229 0.670115 0.728409 0.645937 0.719104
0.806520 0.719586 0.670694 0.729790 0.647649 0.719760
0.807274 0.719720 0.671695 0.730495 0.650001 0.721061
0.806699 0.719125 0.670802 0.729639 0.648130 0.720039
0.808776 0.718991 0.671763 0.730217 0.648483 0.720845
0.804564 0.719819 0.669583 0.727520 0.645883 0.718629
0.807339 0.720469 0.671808 0.729817 0.649729 0.720633
0.803747 0.719961 0.669024 0.727273 0.645027 0.718590
0.808487 0.719200 0.669493 0.728701 0.646504 0.720418
0.805137 0.720574 0.667270 0.724921 0.643135 0.718230
0.808925 0.720683 0.672390 0.730155 0.648963 0.720571
0.804140 0.719340 0.668122 0.725211 0.641442 0.716977
0.809680 0.719615 0.672906 0.729757 0.648836 0.720797
0.806264 0.720094 0.670063 0.726476 0.645749 0.718563
0.808159 0.719586 0.672283 0.730237 0.649608 0.720470
0.807407 0.719023 0.670549 0.729518 0.646213 0.719914
0.805645 0.719503 0.667988 0.727223 0.643886 0.718180
0.808140 0.719830 0.670426 0.729657 0.648541 0.720456
0.804045 0.718973 0.666418 0.724419 0.642250 0.717239
0.808949 0.719755 0.671688 0.729949 0.649976 0.720651
0.803809 0.720262 0.667680 0.724694 0.642405 0.717486
0.808947 0.720507 0.672555 0.730327 0.649967 0.721513
0.805574 0.719767 0.669825 0.726627 0.643535 0.718792
0.807981 0.719157 0.671600 0.729536 0.647516 0.720533
0.806712 0.719543 0.670638 0.729494 0.646664 0.719841
0.806718 0.719246 0.670836 0.729592 0.646070 0.719499
0.807836 0.719521 0.670829 0.729925 0.646949 0.720257
0.806307 0.719806 0.668581 0.728258 0.644171 0.719410
0.808738 0.720246 0.671663 0.730116 0.649098 0.720420
0.803705 0.719345 0.667422 0.725025 0.641819 0.717002
0.809980 0.720027 0.672936 0.730457 0.650351 0.720846
0.809549 0.720000 0.672735 0.729972 0.649317 0.720512
0.808191 0.719931 0.671474 0.728964 0.647522 0.719713
0.806354 0.720142 0.669611 0.726706 0.644741 0.718671
0.804400 0.720077 0.668205 0.725098 0.642228 0.717453
0.803903 0.719901 0.668142 0.725046 0.641759 0.717305
0.804678 0.720299 0.668800 0.725564 0.643013 0.717824
0.806684 0.720056 0.670472 0.728340 0.646071 0.719148
0.808007 0.719930 0.671732 0.729710 0.647532 0.719907
0.808580 0.719892 0.672315 0.730285 0.648654 0.720422
0.808714 0.719865 0.672473 0.730446 0.648671 0.720482
0.808260 0.719813 0.671751 0.729872 0.647801 0.720127
0.807338 0.719696 0.670797 0.729286 0.646590 0.719727
0.806358 0.720043 0.669609 0.728153 0.644798 0.719089
0.805737 0.719981 0.669058 0.727386 0.643533 0.718856
0.805787 0.719899 0.669067 0.727386 0.643665 0.718868
0.806373 0.719916 0.669660 0.728242 0.645104 0.719186
0.807104 0.719802 0.670544 0.728992 0.646686 0.719617
0.807899 0.719658 0.671472 0.729610 0.647362 0.719972
0.808077 0.719794 0.671595 0.729840 0.647963 0.719997
0.808053 0.719745 0.671558 0.729834 0.647748 0.719939
0.807574 0.719643 0.671153 0.729345 0.647074 0.719716
0.806893 0.719659 0.670310 0.728827 0.646317 0.719480
0.806509 0.719966 0.669820 0.728190 0.645357 0.719192
0.806237 0.720068 0.669587 0.727725 0.644780 0.719059
0.806523 0.719952 0.669619 0.728018 0.645046 0.719158
0.806834 0.719691 0.670066 0.728488 0.645783 0.719607
0.807388 0.719835 0.670535 0.729072 0.646833 0.719675
0.807673 0.719711 0.671031 0.729415 0.647115 0.719833
0.807841 0.719737 0.671077 0.729504 0.647195 0.719972
0.807602 0.719803 0.670933 0.729410 0.647065 0.719715
0.807149 0.719900 0.670604 0.729165 0.646677 0.719648
0.806805 0.719790 0.670194 0.728729 0.646105 0.719460
0.806650 0.719885 0.669833 0.728433 0.645657 0.719293
0.806642 0.719919 0.669922 0.728342 0.645754 0.719293
0.806840 0.719839 0.670092 0.728662 0.646087 0.719457
0.807072 0.719811 0.670527 0.728849 0.646426 0.719620
0.807433 0.719724 0.670841 0.729237 0.646932 0.719727
0.807547 0.719751 0.670948 0.729310 0.647040 0.719715
0.807471 0.719736 0.670814 0.729283 0.647017 0.719721
0.807348 0.719823 0.670708 0.728917 0.646741 0.719637
0.806971 0.719829 0.670369 0.728654 0.646218 0.719536
0.806848 0.719837 0.670158 0.728463 0.646160 0.719442
0.806864 0.719878 0.670104 0.728467 0.646138 0.719375
0.806931 0.719876 0.670277 0.728615 0.646163 0.719518
0.807032 0.719730 0.670488 0.728779 0.646348 0.719572
0.807289 0.719696 0.670732 0.729189 0.646515 0.719695
0.807443 0.719796 0.670889 0.729326 0.646890 0.719727
0.807468 0.719815 0.670898 0.729317 0.646845 0.719726
0.807303 0.719732 0.670726 0.729125 0.646476 0.719715
0.807140 0.719758 0.670485 0.728847 0.646312 0.719650
0.806958 0.719661 0.670298 0.728808 0.646227 0.719590
0.806951 0.719674 0.670265 0.728763 0.646102 0.719614
0.806926 0.719695 0.670283 0.728798 0.646180 0.719579
0.807131 0.719726 0.670443 0.728786 0.646241 0.719572
0.807258 0.719722 0.670628 0.728934 0.646430 0.719626
0.807382 0.719712 0.670732 0.729118 0.646534 0.719659
0.807405 0.719725 0.670783 0.729137 0.646528 0.719663
0.807304 0.719673 0.670667 0.728995 0.646450 0.719571
0.807152 0.719704 0.670512 0.728729 0.646356 0.719567
0.807062 0.719773 0.670402 0.728731 0.646224 0.719553
0.807031 0.719690 0.670366 0.728674 0.646143 0.719571
0.807035 0.719704 0.670405 0.728689 0.646179 0.719584
0.807122 0.719769 0.670476 0.728694 0.646263 0.719528
0.807243 0.719708 0.670571 0.728748 0.646388 0.719539
0.807316 0.719674 0.670648 0.728940 0.646412 0.719533
0.807316 0.719712 0.670687 0.728956 0.646417 0.719523
0.807251 0.719712 0.670646 0.728801 0.646401 0.719538
0.807143 0.719786 0.670607 0.728691 0.646376 0.719511
0.807079 0.719813 0.670509 0.728664 0.646281 0.719580
0.807058 0.719756 0.670485 0.728655 0.646277 0.719602
0.807088 0.719781 0.670509 0.728658 0.646277 0.719575
0.807160 0.719760 0.670598 0.728691 0.646359 0.719524
0.807247 0.719677 0.670637 0.728794 0.646347 0.719506
0.807291 0.719656 0.670688 0.728864 0.646399 0.719509
0.807263 0.719648 0.670670 0.728798 0.646380 0.719504
0.807251 0.719701 0.670622 0.728725 0.646332 0.719519
0.807189 0.719755 0.670554 0.728669 0.646302 0.719571
0.807152 0.719713 0.670500 0.728664 0.646284 0.719578
0.807146 0.719741 0.670509 0.728660 0.646298 0.719582
0.807209 0.719753 0.670532 0.728668 0.646323 0.719570
0.807238 0.719657 0.670622 0.728697 0.646327 0.719523
0.807256 0.719715 0.670655 0.728765 0.646317 0.719484
0.807260 0.719697 0.670655 0.728760 0.646314 0.719494
0.807233 0.719724 0.670628 0.728739 0.646320 0.719520
0.807216 0.719758 0.670562 0.728674 0.646320 0.719563
0.807168 0.719734 0.670544 0.728684 0.646333 0.719567
0.807202 0.719745 0.670544 0.728658 0.646311 0.719565
0.807236 0.719761 0.670547 0.728674 0.646316 0.719549
0.807240 0.719752 0.670583 0.728707 0.646305 0.719543
0.807249 0.719716 0.670604 0.728745 0.646311 0.719512
0.807248 0.719733 0.670607 0.728764 0.646316 0.719517
0.807223 0.719748 0.670625 0.728751 0.646329 0.719530
0.807223 0.719739 0.670610 0.728740 0.646292 0.719524
0.807233 0.719764 0.670589 0.728728 0.646292 0.719524
0.807247 0.719764 0.670607 0.728717 0.646297 0.719511
0.807229 0.719768 0.670607 0.728700 0.646281 0.719526
0.807223 0.719748 0.670598 0.728693 0.646265 0.719533
0.807200 0.719761 0.670562 0.728689 0.646283 0.719516
0.807196 0.719765 0.670571 0.728642 0.646271 0.719476
0.807184 0.719759 0.670580 0.728695 0.646286 0.719493
0.807192 0.719786 0.670562 0.728708 0.646309 0.719486
0.807216 0.719744 0.670604 0.728715 0.646305 0.719478
0.807249 0.719723 0.670610 0.728736 0.646304 0.719487
0.807237 0.719717 0.670577 0.728726 0.646328 0.719492
0.807223 0.719748 0.670586 0.728722 0.646339 0.719506
0.807195 0.719748 0.670580 0.728686 0.646356 0.719475
0.807188 0.719787 0.670574 0.728653 0.646356 0.719471
0.807207 0.719750 0.670574 0.728677 0.646335 0.719457
0.807201 0.719775 0.670583 0.728696 0.646322 0.719451
0.807228 0.719800 0.670574 0.728690 0.646324 0.719437
0.807237 0.719790 0.670583 0.728713 0.646327 0.719439
0.807231 0.719777 0.670589 0.728709 0.646311 0.719441
0.807223 0.719782 0.670583 0.728711 0.646304 0.719436
0.807196 0.719801 0.670583 0.728700 0.646285 0.719434
0.807195 0.719823 0.670568 0.728709 0.646283 0.719455
0.807192 0.719804 0.670571 0.728692 0.646296 0.719454
0.807187 0.719830 0.670577 0.728694 0.646308 0.719450
0.807187 0.719823 0.670577 0.728694 0.646305 0.719442
0.807181 0.719823 0.670583 0.728722 0.646319 0.719452
0.807183 0.719806 0.670556 0.728733 0.646315 0.719452
0.807183 0.719817 0.670565 0.728754 0.646322 0.719446
0.807189 0.719817 0.670565 0.728754 0.646308 0.719471
0.807183 0.719842 0.670574 0.728748 0.646311 0.719466
0.807183 0.719868 0.670574 0.728737 0.646311 0.719448
0.807176 0.719890 0.670562 0.728726 0.646315 0.719461
0.807163 0.719884 0.670571 0.728733 0.646331 0.719473
0.807169 0.719862 0.670562 0.728724 0.646331 0.719468
0.807163 0.719858 0.670562 0.728709 0.646331 0.719459
0.807168 0.719831 0.670562 0.728724 0.646349 0.719448
0.807179 0.719845 0.670544 0.728735 0.646345 0.719451
0.807177 0.719812 0.670562 0.728760 0.646333 0.719451
0.807173 0.719841 0.670562 0.728760 0.646319 0.719442
0.807173 0.719868 0.670550 0.728746 0.646324 0.719447
0.807173 0.719848 0.670550 0.728746 0.646317 0.719457
0.807173 0.719860 0.670550 0.728735 0.646303 0.719447
0.807173 0.719857 0.670532 0.728743 0.646310 0.719459
0.807173 0.719875 0.670541 0.728735 0.646326 0.719471
0.807167 0.719875 0.670568 0.728743 0.646310 0.719471
0.807173 0.719875 0.670577 0.728758 0.646298 0.719457
0.807168 0.719872 0.670586 0.728758 0.646294 0.719464
0.807168 0.719852 0.670589 0.728734 0.646296 0.719463
0.807172 0.719841 0.670595 0.728734 0.646323 0.719456
0.807183 0.719849 0.670586 0.728726 0.646330 0.719460
0.807189 0.719849 0.670592 0.728726 0.646323 0.719458
0.807189 0.719841 0.670592 0.728743 0.646309 0.719458
0.807185 0.719841 0.670574 0.728736 0.646310 0.719460
0.807168 0.719852 0.670544 0.728770 0.646322 0.719450
0.807175 0.719852 0.670571 0.728754 0.646317 0.719460
0.807200 0.719859 0.670568 0.728752 0.646299 0.719460
0.807200 0.719839 0.670601 0.728749 0.646317 0.719463
0.807196 0.719831 0.670607 0.728758 0.646330 0.719444
0.807183 0.719818 0.670592 0.728764 0.646323 0.719437
0.807189 0.719826 0.670592 0.728764 0.646316 0.719444
0.807196 0.719836 0.670580 0.728764 0.646312 0.719437
0.807184 0.719836 0.670574 0.728758 0.646312 0.719458
0.807195 0.719846 0.670574 0.728752 0.646312 0.719446
0.807188 0.719846 0.670583 0.728760 0.646309 0.719441
0.807180 0.719831 0.670613 0.728760 0.646309 0.719441
0.807176 0.719834 0.670604 0.728760 0.646316 0.719448
0.807176 0.719817 0.670607 0.728760 0.646326 0.719446
0.807171 0.719814 0.670622 0.728752 0.646324 0.719431
0.807172 0.719821 0.670613 0.728760 0.646324 0.719431
0.807165 0.719804 0.670634 0.728760 0.646328 0.719439
0.807159 0.719839 0.670634 0.728760 0.646310 0.719451
0.807171 0.719831 0.670628 0.728769 0.646312 0.719451
0.807171 0.719814 0.670628 0.728769 0.646305 0.719451
0.807163 0.719814 0.670646 0.728777 0.646301 0.719444
0.807163 0.719824 0.670640 0.728777 0.646305 0.719437
0.807151 0.719827 0.670657 0.728785 0.646305 0.719434
0.807143 0.719830 0.670657 0.728788 0.646296 0.719446
0.807159 0.719830 0.670663 0.728788 0.646298 0.719456
0.807159 0.719827 0.670672 0.728785 0.646307 0.719451
0.807159 0.719849 0.670657 0.728785 0.646307 0.719444
0.807159 0.719862 0.670645 0.728785 0.646298 0.719431
0.807157 0.719872 0.670645 0.728785 0.646312 0.719431
0.807152 0.719872 0.670642 0.728792 0.646317 0.719439
0.807151 0.719872 0.670642 0.728792 0.646317 0.719449
0.807156 0.719879 0.670627 0.728783 0.646321 0.719438
0.807142 0.719886 0.670642 0.728783 0.646319 0.719443
0.807142 0.719886 0.670646 0.728792 0.646326 0.719443
0.807142 0.719879 0.670642 0.728785 0.646328 0.719448
0.807147 0.719879 0.670636 0.728794 0.646331 0.719458
0.807154 0.719883 0.670639 0.728785 0.646324 0.719458
0.807164 0.719876 0.670648 0.728779 0.646319 0.719464
0.807158 0.719866 0.670639 0.728779 0.646329 0.719454
0.807144 0.719866 0.670648 0.728779 0.646333 0.719454
0.807158 0.719859 0.670627 0.728779 0.646333 0.719462
0.807158 0.719852 0.670636 0.728788 0.646333 0.719454
0.807156 0.719841 0.670630 0.728794 0.646326 0.719435
0.807173 0.719849 0.670642 0.728785 0.646319 0.719440
0.807173 0.719854 0.670612 0.728773 0.646319 0.719447
0.807168 0.719872 0.670609 0.728779 0.646324 0.719454
0.807142 0.719899 0.670615 0.728782 0.646345 0.719467
0.807134 0.719889 0.670606 0.728775 0.646349 0.719462
0.807132 0.719906 0.670630 0.728759 0.646351 0.719452
0.807136 0.719889 0.670618 0.728790 0.646349 0.719445
0.807158 0.719889 0.670630 0.728790 0.646336 0.719445
0.807153 0.719872 0.670660 0.728790 0.646308 0.719445
0.807151 0.719872 0.670651 0.728799 0.646306 0.719456
0.807139 0.719882 0.670660 0.728790 0.646306 0.719448
0.807139 0.719875 0.670663 0.728799 0.646303 0.719450
0.807139 0.719862 0.670669 0.728799 0.646303 0.719445
0.807138 0.719849 0.670669 0.728805 0.646289 0.719450
0.807123 0.719846 0.670660 0.728805 0.646284 0.719434
0.807106 0.719856 0.670654 0.728811 0.646263 0.719436
0.807101 0.719869 0.670648 0.728805 0.646284 0.719433
0.807115 0.719872 0.670648 0.728813 0.646291 0.719435
0.807115 0.719875 0.670648 0.728822 0.646305 0.719430
0.807101 0.719864 0.670654 0.728822 0.646301 0.719435
0.807107 0.719864 0.670663 0.728822 0.646301 0.719433
0.807095 0.719864 0.670672 0.728822 0.646294 0.719443
0.807081 0.719882 0.670660 0.728830 0.646287 0.719436
0.807088 0.719892 0.670660 0.728822 0.646294 0.719428
0.807095 0.719892 0.670651 0.728822 0.646289 0.719423
0.807101 0.719877 0.670630 0.728822 0.646289 0.719412
0.807123 0.719885 0.670645 0.728841 0.646298 0.719425
0.807121 0.719885 0.670669 0.728849 0.646291 0.719417
0.807120 0.719885 0.670681 0.728824 0.646284 0.719423
0.807121 0.719892 0.670681 0.728832 0.646280 0.719413
0.807123 0.719882 0.670675 0.728832 0.646287 0.719413
0.807123 0.719899 0.670675 0.728832 0.646296 0.719445
0.807136 0.719902 0.670690 0.728832 0.646282 0.719441
0.807141 0.719885 0.670681 0.728824 0.646275 0.719429
0.807135 0.719870 0.670675 0.728826 0.646292 0.719436
0.807148 0.719880 0.670675 0.728818 0.646301 0.719470
0.807143 0.719877 0.670681 0.728809 0.646287 0.719470
0.807149 0.719885 0.670675 0.728809 0.646294 0.719463
0.807143 0.719885 0.670684 0.728809 0.646269 0.719448
0.807149 0.719885 0.670687 0.728818 0.646283 0.719456
0.807155 0.719892 0.670714 0.728818 0.646283 0.719468
0.807168 0.719877 0.670708 0.728826 0.646278 0.719470
0.807163 0.719870 0.670696 0.728843 0.646276 0.719475
0.807176 0.719870 0.670690 0.728860 0.646278 0.719463
0.807177 0.719870 0.670696 0.728860 0.646278 0.719463
0.807177 0.719880 0.670702 0.728845 0.646281 0.719456
0.807165 0.719887 0.670720 0.728845 0.646285 0.719443
0.807172 0.719887 0.670705 0.728845 0.646283 0.719436
0.807186 0.719867 0.670714 0.728845 0.646290 0.719446
0.807180 0.719857 0.670711 0.728843 0.646292 0.719444
0.807178 0.719857 0.670723 0.728843 0.646292 0.719439
0.807166 0.719882 0.670705 0.728818 0.646290 0.719439
0.807173 0.719885 0.670705 0.728826 0.646276 0.719446
0.807192 0.719880 0.670705 0.728831 0.646276 0.719432
0.807194 0.719886 0.670717 0.728818 0.646281 0.719438
0.807197 0.719874 0.670720 0.728836 0.646297 0.719397
0.807192 0.719877 0.670738 0.728851 0.646318 0.719394
0.807190 0.719857 0.670747 0.728844 0.646307 0.719402
0.807194 0.719864 0.670753 0.728819 0.646297 0.719423
0.807192 0.719861 0.670726 0.728812 0.646299 0.719443
0.807192 0.719841 0.670720 0.728821 0.646285 0.719432
0.807200 0.719847 0.670717 0.728811 0.646293 0.719403
0.807204 0.719860 0.670714 0.728838 0.646282 0.719405
0.807204 0.719860 0.670732 0.728842 0.646282 0.719405
0.807220 0.719844 0.670723 0.728846 0.646263 0.719433
0.807198 0.719848 0.670732 0.728844 0.646262 0.719450
0.807215 0.719858 0.670729 0.728827 0.646255 0.719439
0.807211 0.719854 0.670729 0.728848 0.646262 0.719421
0.807213 0.719833 0.670735 0.728876 0.646279 0.719425
0.807214 0.719839 0.670738 0.728893 0.646295 0.719421
0.807208 0.719835 0.670729 0.728887 0.646289 0.719423
0.807208 0.719846 0.670738 0.728891 0.646277 0.719409
0.807228 0.719861 0.670735 0.728891 0.646286 0.719407
0.807221 0.719868 0.670729 0.728891 0.646267 0.719407
0.807216 0.719861 0.670735 0.728884 0.646277 0.719402
0.807229 0.719832 0.670761 0.728881 0.646263 0.719392
0.807218 0.719835 0.670752 0.728897 0.646277 0.719399
0.807225 0.719835 0.670731 0.728908 0.646277 0.719401
0.807232 0.719835 0.670735 0.728914 0.646272 0.719406
0.807224 0.719845 0.670714 0.728914 0.646281 0.719415
0.807217 0.719850 0.670758 0.728931 0.646274 0.719408
0.807212 0.719871 0.670770 0.728954 0.646295 0.719417
0.807212 0.719883 0.670773 0.728944 0.646291 0.719414
0.807236 0.719866 0.670755 0.728970 0.646274 0.719416
0.807227 0.719836 0.670761 0.728959 0.646283 0.719414
0.807220 0.719853 0.670779 0.728953 0.646252 0.719412
0.807228 0.719812 0.670788 0.728957 0.646271 0.719438
0.807241 0.719846 0.670782 0.729025 0.646290 0.719434
0.807260 0.719818 0.670782 0.729042 0.646292 0.719421
0.807261 0.719794 0.670791 0.729038 0.646283 0.719430
0.807247 0.719801 0.670809 0.729036 0.646290 0.719425
0.807247 0.719801 0.670809 0.729036 0.646283 0.719413
0.807241 0.719795 0.670800 0.729034 0.646305 0.719425
0.807248 0.719792 0.670791 0.729034 0.646310 0.719425
0.807253 0.719810 0.670800 0.729045 0.646305 0.719420
0.807236 0.719812 0.670797 0.729047 0.646292 0.719456
0.807236 0.719805 0.670785 0.729064 0.646287 0.719460
0.807236 0.719815 0.670767 0.729079 0.646262 0.719465
0.807260 0.719830 0.670761 0.729062 0.646273 0.719482
0.807272 0.719853 0.670740 0.729059 0.646271 0.719457
0.807272 0.719872 0.670740 0.729084 0.646254 0.719460
0.807271 0.719884 0.670734 0.729076 0.646268 0.719453
0.807264 0.719877 0.670740 0.729067 0.646255 0.719446
0.807247 0.719866 0.670749 0.729076 0.646277 0.719431
0.807259 0.719856 0.670755 0.729073 0.646254 0.719417
0.807253 0.719864 0.670755 0.729076 0.646245 0.719422
0.807261 0.719864 0.670743 0.729082 0.646240 0.719422
0.807257 0.719871 0.670728 0.729099 0.646259 0.719453
0.807252 0.719865 0.670737 0.729107 0.646257 0.719453
0.807255 0.719835 0.670755 0.729115 0.646229 0.719436
0.807237 0.719835 0.670728 0.729117 0.646228 0.719431
0.807244 0.719831 0.670755 0.729119 0.646217 0.719419
0.807245 0.719821 0.670755 0.729124 0.646224 0.719431
0.807240 0.719832 0.670761 0.729122 0.646230 0.719444
0.807237 0.719858 0.670743 0.729121 0.646225 0.719432
0.807241 0.719845 0.670717 0.729053 0.646227 0.719423
0.807241 0.719864 0.670708 0.729060 0.646218 0.719409
0.807249 0.719867 0.670696 0.729062 0.646210 0.719411
0.807256 0.719864 0.670687 0.729064 0.646212 0.719406
0.807248 0.719840 0.670678 0.729070 0.646214 0.719425
0.807243 0.719864 0.670669 0.729106 0.646213 0.719418
0.807249 0.719857 0.670666 0.729149 0.646223 0.719408
0.807276 0.719850 0.670675 0.729145 0.646246 0.719423
0.807281 0.719827 0.670648 0.729094 0.646248 0.719434
0.807268 0.719823 0.670645 0.729087 0.646248 0.719422
0.807273 0.719827 0.670624 0.729076 0.646234 0.719433
0.807260 0.719813 0.670639 0.729062 0.646216 0.719427
0.807255 0.719801 0.670678 0.729121 0.646209 0.719431
0.807256 0.719787 0.670687 0.729132 0.646209 0.719443
0.807257 0.719772 0.670678 0.729145 0.646216 0.719438
0.807265 0.719779 0.670693 0.729151 0.646209 0.719427
0.807265 0.719803 0.670684 0.729151 0.646199 0.719438
0.807256 0.719794 0.670693 0.729117 0.646174 0.719412
0.807261 0.719813 0.670702 0.729098 0.646181 0.719419
0.807269 0.719813 0.670705 0.729106 0.646199 0.719439
0.807283 0.719809 0.670699 0.729117 0.646197 0.719441
0.807269 0.719791 0.670714 0.729134 0.646186 0.719413
0.807275 0.719813 0.670714 0.729134 0.646195 0.719413
0.807281 0.719810 0.670711 0.729134 0.646199 0.719408
0.807295 0.719793 0.670711 0.729142 0.646211 0.719408
0.807288 0.719766 0.670687 0.729142 0.646190 0.719413
0.807275 0.719756 0.670696 0.729136 0.646183 0.719413
0.807267 0.719774 0.670684 0.729136 0.646185 0.719404
0.807268 0.719789 0.670708 0.729128 0.646185 0.719396
0.807281 0.719774 0.670705 0.729142 0.646178 0.719388
0.807303 0.719803 0.670705 0.729147 0.646181 0.719383
0.807303 0.719766 0.670714 0.729155 0.646195 0.719424
0.807276 0.719757 0.670708 0.729132 0.646181 0.719410
0.807283 0.719764 0.670714 0.729141 0.646171 0.719388
0.807289 0.719757 0.670714 0.729137 0.646166 0.719393
0.807289 0.719777 0.670714 0.729139 0.646157 0.719438
0.807291 0.719756 0.670708 0.729156 0.646174 0.719464
0.807297 0.719756 0.670705 0.729171 0.646185 0.719456
0.807297 0.719763 0.670714 0.729165 0.646192 0.719458
0.807296 0.719763 0.670705 0.729162 0.646196 0.719441
0.807301 0.719767 0.670696 0.729171 0.646200 0.719429
0.807307 0.719757 0.670663 0.729160 0.646225 0.719443
0.807307 0.719741 0.670657 0.729166 0.646220 0.719413
0.807293 0.719768 0.670675 0.729162 0.646218 0.719411
0.807300 0.719755 0.670693 0.729159 0.646190 0.719396
0.807300 0.719772 0.670708 0.729162 0.646183 0.719377
0.807299 0.719775 0.670693 0.729164 0.646190 0.719427
0.807297 0.719768 0.670672 0.729200 0.646181 0.719438
0.807304 0.719768 0.670669 0.729188 0.646170 0.719462
0.807309 0.719768 0.670678 0.729181 0.646179 0.719464
0.807304 0.719778 0.670705 0.729188 0.646190 0.719449
0.807291 0.719802 0.670723 0.729185 0.646190 0.719440
0.807291 0.719775 0.670711 0.729191 0.646178 0.719440
0.807303 0.719768 0.670693 0.729181 0.646173 0.719449
0.807305 0.719788 0.670708 0.729190 0.646183 0.719468
0.807317 0.719780 0.670711 0.729211 0.646199 0.719457
0.807304 0.719770 0.670720 0.729211 0.646178 0.719461
0.807303 0.719750 0.670714 0.729205 0.646169 0.719432
0.807303 0.719736 0.670714 0.729204 0.646160 0.719438
0.807317 0.719730 0.670696 0.729197 0.646153 0.719454
0.807305 0.719755 0.670729 0.729197 0.646139 0.719449
0.807299 0.719755 0.670741 0.729195 0.646134 0.719450
0.807323 0.719740 0.670773 0.729206 0.646157 0.719431
0.807332 0.719728 0.670771 0.729208 0.646162 0.719440
0.807312 0.719751 0.670773 0.729213 0.646179 0.719451
0.807328 0.719744 0.670758 0.729215 0.646165 0.719456
0.807301 0.719753 0.670750 0.729223 0.646160 0.719447
0.807334 0.719756 0.670741 0.729212 0.646113 0.719441
0.807350 0.719761 0.670753 0.729216 0.646117 0.719451
0.807332 0.719743 0.670741 0.729216 0.646127 0.719441
0.807327 0.719746 0.670741 0.729227 0.646136 0.719448
0.807322 0.719747 0.670735 0.729233 0.646127 0.719445
0.807317 0.719760 0.670729 0.729231 0.646136 0.719459
0.807320 0.719746 0.670723 0.729227 0.646139 0.719467
0.807329 0.719734 0.670735 0.729223 0.646134 0.719461
0.807332 0.719726 0.670732 0.729235 0.646111 0.719447
0.807331 0.719713 0.670729 0.729233 0.646108 0.719457
0.807324 0.719713 0.670738 0.729247 0.646120 0.719440
0.807334 0.719701 0.670726 0.729246 0.646122 0.719469
0.807323 0.719697 0.670744 0.729236 0.646116 0.719469
0.807331 0.719701 0.670744 0.729227 0.646102 0.719469
0.807335 0.719703 0.670732 0.729223 0.646104 0.719452
0.807323 0.719725 0.670735 0.729235 0.646094 0.719457
0.807316 0.719725 0.670758 0.729242 0.646101 0.719463
0.807317 0.719703 0.670771 0.729236 0.646099 0.719474
0.807305 0.719710 0.670779 0.729236 0.646088 0.719461
0.807314 0.719730 0.670786 0.729227 0.646067 0.719461
0.807308 0.719738 0.670774 0.729227 0.646067 0.719459
0.807311 0.719741 0.670774 0.729236 0.646062 0.719465
0.807332 0.719741 0.670777 0.729244 0.646073 0.719459
0.807340 0.719676 0.670773 0.729238 0.646073 0.719449
0.807353 0.719674 0.670791 0.729240 0.646087 0.719451
0.807365 0.719660 0.670791 0.729232 0.646069 0.719451
0.807372 0.719674 0.670791 0.729230 0.646075 0.719476
0.807364 0.719661 0.670791 0.729223 0.646074 0.719467
0.807357 0.719631 0.670764 0.729223 0.646058 0.719459
0.807351 0.719641 0.670761 0.729223 0.646031 0.719461
0.807357 0.719656 0.670767 0.729223 0.646031 0.719454
0.807369 0.719663 0.670764 0.729217 0.646056 0.719461
0.807369 0.719667 0.670782 0.729223 0.646049 0.719459
0.807357 0.719657 0.670782 0.729221 0.646042 0.719450
0.807368 0.719694 0.670755 0.729225 0.646009 0.719455
0.807363 0.719694 0.670761 0.729227 0.646023 0.719445
0.807351 0.719688 0.670761 0.729242 0.646041 0.719455
0.807344 0.719678 0.670744 0.729236 0.646022 0.719453
0.807331 0.719671 0.670746 0.729236 0.646011 0.719453
0.807317 0.719708 0.670767 0.729242 0.645990 0.719461
0.807324 0.719715 0.670758 0.729253 0.645988 0.719468
0.807325 0.719698 0.670776 0.729249 0.645993 0.719463
0.807327 0.719705 0.670761 0.729261 0.646004 0.719465
0.807312 0.719695 0.670767 0.729253 0.646009 0.719461
0.807292 0.719694 0.670785 0.729236 0.646018 0.719451
0.807317 0.719719 0.670794 0.729259 0.646013 0.719451
0.807327 0.719729 0.670785 0.729259 0.646011 0.719446
0.807319 0.719729 0.670797 0.729257 0.646011 0.719459
0.807299 0.719700 0.670812 0.729242 0.646018 0.719455
0.807297 0.719697 0.670821 0.729234 0.645995 0.719455
0.807292 0.719700 0.670797 0.729254 0.646002 0.719455
0.807280 0.719722 0.670785 0.729257 0.646013 0.719462
0.807287 0.719736 0.670791 0.729246 0.646013 0.719447
0.807292 0.719711 0.670803 0.729221 0.646000 0.719463
0.807292 0.719740 0.670797 0.729227 0.646004 0.719459
0.807280 0.719748 0.670806 0.729227 0.646000 0.719464
0.807291 0.719740 0.670812 0.729229 0.646006 0.719459
0.807289 0.719730 0.670797 0.729237 0.645990 0.719450
0.807296 0.719716 0.670791 0.729231 0.645990 0.719457
0.807291 0.719711 0.670806 0.729225 0.646044 0.719459
0.807287 0.719749 0.670806 0.729219 0.646042 0.719461
0.807280 0.719753 0.670788 0.729225 0.646053 0.719461
0.807285 0.719758 0.670767 0.729252 0.646050 0.719452
0.807279 0.719768 0.670788 0.729246 0.646024 0.719457
0.807287 0.719724 0.670806 0.729234 0.646043 0.719444
0.807295 0.719730 0.670785 0.729244 0.646074 0.719468
0.807300 0.719740 0.670809 0.729236 0.646071 0.719444
0.807287 0.719759 0.670833 0.729231 0.646048 0.719444
0.807280 0.719771 0.670833 0.729231 0.646045 0.719444
0.807280 0.719771 0.670833 0.729246 0.646024 0.719437
0.807301 0.719734 0.670842 0.729260 0.646054 0.719439
0.807303 0.719757 0.670827 0.729277 0.646071 0.719444
0.807283 0.719757 0.670821 0.729263 0.646092 0.719439
0.807285 0.719740 0.670833 0.729275 0.646104 0.719444
0.807297 0.719747 0.670827 0.729250 0.646064 0.719444
0.807284 0.719746 0.670818 0.729241 0.646064 0.719428
0.807291 0.719761 0.670803 0.729241 0.646038 0.719410
0.807279 0.719749 0.670803 0.729256 0.646029 0.719422
0.807292 0.719742 0.670809 0.729267 0.646071 0.719437
0.807287 0.719772 0.670800 0.729277 0.646069 0.719422
0.807273 0.719752 0.670776 0.729246 0.646066 0.719444
0.807272 0.719766 0.670773 0.729247 0.646045 0.719412
0.807260 0.719763 0.670792 0.729254 0.646038 0.719385
0.807275 0.719752 0.670767 0.729241 0.646047 0.719403
0.807288 0.719740 0.670758 0.729237 0.646053 0.719429
0.807301 0.719745 0.670776 0.729235 0.646064 0.719429
0.807275 0.719763 0.670786 0.729244 0.646059 0.719423
0.807268 0.719771 0.670807 0.729241 0.646050 0.719411
0.807275 0.719771 0.670798 0.729244 0.646055 0.719389
0.807276 0.719782 0.670792 0.729250 0.646055 0.719350
0.807268 0.719738 0.670774 0.729224 0.646052 0.719349
0.807269 0.719738 0.670783 0.729241 0.646066 0.719335
0.807283 0.719761 0.670794 0.729258 0.646057 0.719360
0.807288 0.719771 0.670794 0.729250 0.646078 0.719379
0.807276 0.719730 0.670783 0.729241 0.646055 0.719350
0.807276 0.719738 0.670789 0.729233 0.646024 0.719339
0.807275 0.719728 0.670789 0.729233 0.646011 0.719341
0.807288 0.719751 0.670789 0.729241 0.646025 0.719350
0.807300 0.719743 0.670798 0.729250 0.646074 0.719354
0.807300 0.719740 0.670813 0.729241 0.646074 0.719345
0.807288 0.719738 0.670795 0.729239 0.646041 0.719330
0.807288 0.719735 0.670804 0.729239 0.646038 0.719330
0.807315 0.719730 0.670804 0.729241 0.646029 0.719345
0.807320 0.719761 0.670795 0.729250 0.646018 0.719371
0.807313 0.719761 0.670798 0.729258 0.646020 0.719386
0.807312 0.719751 0.670780 0.729267 0.646027 0.719386
0.807299 0.719732 0.670759 0.729258 0.646019 0.719362
0.807297 0.719719 0.670768 0.729264 0.646031 0.719341
0.807288 0.719726 0.670756 0.729264 0.646038 0.719343
0.807289 0.719739 0.670765 0.729264 0.646042 0.719386
0.807288 0.719735 0.670771 0.729264 0.646033 0.719388
0.807300 0.719725 0.670771 0.729281 0.646038 0.719395
0.807293 0.719729 0.670771 0.729264 0.646029 0.719386
0.807293 0.719719 0.670768 0.729273 0.645998 0.719386
0.807287 0.719719 0.670783 0.729281 0.646005 0.719381
0.807281 0.719729 0.670792 0.729298 0.646003 0.719386
0.807275 0.719744 0.670783 0.729279 0.645991 0.719396
0.807268 0.719711 0.670777 0.729285 0.645984 0.719392
0.807269 0.719683 0.670765 0.729285 0.645996 0.719397
0.807264 0.719686 0.670774 0.729287 0.645999 0.719389
0.807260 0.719741 0.670777 0.729298 0.646038 0.719398
0.807265 0.719741 0.670774 0.729290 0.646008 0.719396
0.807251 0.719705 0.670810 0.729270 0.645986 0.719394
0.807245 0.719724 0.670804 0.729264 0.645984 0.719392
0.807238 0.719724 0.670786 0.729277 0.645991 0.719389
0.807258 0.719734 0.670813 0.729294 0.646003 0.719403
0.807253 0.719724 0.670804 0.729286 0.646001 0.719411
0.807257 0.719707 0.670816 0.729290 0.645975 0.719411
