2.136510
5.921350
1.544616
8.900147
1.726499
1.506194
1.681587
1.590283
1.449726
1.371022
1.331190
1.267911
1.212300
1.207000
1.216777
1.172912
1.115638
1.080502
1.069341
1.060826
1.030724
1.025526
1.011102
1.000292
0.968788
0.954080
0.932354
0.912018
0.893158
0.870986
0.868168
0.892068
0.902854
0.842427
0.895553
0.852688
0.866650
0.855175
0.848501
0.841158
0.856926
0.827416
0.834085
0.838376
0.828460
0.822500
0.826281
0.826163
0.815431
0.818894
0.819273
0.814137
0.811589
0.814168
0.811485
0.807492
0.809460
0.808245
0.805654
0.805283
0.805441
0.804881
0.803379
0.804056
0.802273
0.802435
0.801832
0.801182
0.801350
0.800502
0.799762
0.799736
0.799480
0.798940
0.798668
0.798329
0.798055
0.797910
0.797422
0.797090
0.797021
0.796835
0.796467
0.796226
0.795945
0.795692
0.795489
0.795595
0.797339
0.807620
0.809880
0.797925
0.799749
0.802908
0.795461
0.800259
0.797428
0.796445
0.798860
0.794428
0.797412
0.794825
0.795376
0.795698
0.793493
0.795403
0.793444
0.793834
0.794792
0.792637
0.793635
0.793769
0.792153
0.793483
0.793915
0.791733
0.792621
0.793727
0.791559
0.791607
0.793255
0.792120
0.790829
0.790895
0.791719
0.792666
0.791422
0.790368
0.789785
0.790072
0.791036
0.791628
0.792995
0.792201
0.791055
0.789001
0.789173
0.790850
0.792270
0.794275
0.791604
0.788835
0.789211
0.791538
0.792430
0.789737
0.787901
0.789399
0.790191
0.790610
0.788300
0.787597
0.787425
0.788553
0.790957
0.792208
0.795796
0.791427
0.787540
0.787652
0.790125
0.789714
0.786995
0.787221
0.789112
0.787979
0.786312
0.786186
0.787312
0.787946
0.787370
0.786528
0.785644
0.785236
0.784854
0.784750
0.784690
0.784988
0.789046
0.813271
0.892174
0.838794
0.816799
0.824155
0.807912
0.821110
0.806473
0.810169
0.809926
0.798133
0.811923
0.798785
0.799705
0.804113
0.795957
0.798383
0.797306
0.797342
0.794865
0.794946
0.796168
0.791193
0.794747
0.792330
0.792028
0.792375
0.791420
0.791495
0.790834
0.791249
0.789643
0.790824
0.789237
0.789603
0.789283
0.789053
0.788581
0.789101
0.787994
0.788553
0.787939
0.787810
0.787723
0.787468
0.787295
0.787274
0.787037
0.786934
0.786902
0.786588
0.786656
0.786382
0.786283
0.786266
0.786005
0.785989
0.785905
0.785692
0.785722
0.785577
0.785460
0.785379
0.785332
0.785158
0.785088
0.785053
0.784901
0.784799
0.784752
0.784648
0.784546
0.784441
0.784387
0.784316
0.784246
0.784136
0.784047
0.783944
0.783862
0.783774
0.783693
0.783610
0.783536
0.783503
0.783514
0.783867
0.785090
0.788306
0.794991
0.788510
0.783713
0.786983
0.787283
0.784250
0.785070
0.786116
0.783982
0.783807
0.785006
0.783679
0.783255
0.784457
0.784459
0.782987
0.783112
0.784320
0.784031
0.782974
0.782395
0.783126
0.784090
0.783447
0.782458
0.782036
0.782284
0.783229
0.783668
0.783441
0.782908
0.781845
0.781716
0.782103
0.782389
0.782750
0.783134
0.783330
0.783657
0.783227
0.782550
0.781660
0.781065
0.781061
0.781551
0.781969
0.782427
0.783130
0.783477
0.783737
0.783455
0.781859
0.782010
0.783103
0.784715
0.785264
0.788287
0.787912
0.787935
0.785088
0.782345
0.784514
0.785101
0.784149
0.782311
0.782937
0.783784
0.782899
0.782908
0.781218
0.781774
0.782394
0.782807
0.781448
0.780700
0.780711
0.781459
0.781590
0.782098
0.781803
0.781350
0.780420
0.780069
0.779903
0.780131
0.780608
0.781182
0.782179
0.783677
0.785673
0.785388
0.782943
0.780073
0.780292
0.782506
0.782872
0.781486
0.779405
0.779911
0.781944
0.783420
0.783403
0.780634
0.779188
0.779423
0.780430
0.781292
0.780583
0.779627
0.778919
0.778604
0.778951
0.779335
0.780190
0.781396
0.783239
0.784520
0.784297
0.780872
0.778624
0.780086
0.782255
0.781971
0.778817
0.778728
0.780628
0.783132
0.782684
0.779704
0.778403
0.778904
0.780227
0.780273
0.779245
0.778207
0.778563
0.778583
0.779440
0.779874
0.780070
0.779994
0.779522
0.779151
0.777953
0.777638
0.777658
0.778143
0.778997
0.780340
0.782435
0.783203
0.783240
0.780820
0.778179
0.778617
0.780768
0.781749
0.778159
0.778442
0.780674
0.784258
0.783410
0.780426
0.778136
0.780228
0.778863
0.778615
0.778082
0.778096
0.778517
0.778944
0.779010
0.778575
0.778124
0.777498
0.777165
0.777243
0.777523
0.777830
0.778531
0.779253
0.780078
0.781930
0.782086
0.779038
0.777551
0.777330
0.777497
0.778266
0.778575
0.778116
0.777313
0.776732
0.777153
0.777734
0.778267
0.778813
0.779475
0.780560
0.780748
0.780216
0.778765
0.778259
0.778603
0.779776
0.779525
0.778584
0.776878
0.777534
0.776325
0.777536
0.777423
0.778441
0.778477
0.778268
0.779248
0.778387
0.778446
0.777468
0.777964
0.776290
0.776789
0.776870
0.776516
0.776808
0.775900
0.776543
0.775592
0.775971
0.775616
0.775868
0.775828
0.776314
0.777633
0.780435
0.785395
0.792354
0.789653
0.778458
0.782992
0.789656
0.787837
0.782763
0.786111
0.788661
0.783524
0.782464
0.784118
0.782129
0.782896
0.780777
0.781097
0.780716
0.779804
0.780475
0.780010
0.778723
0.778482
0.779213
0.779056
0.778562
0.777613
0.777532
0.777454
0.777451
0.777183
0.776802
0.776594
0.776650
0.776562
0.776342
0.776027
0.776036
0.776015
0.775961
0.775867
0.775873
0.775696
0.775626
0.775528
0.775464
0.775287
0.775232
0.775185
0.775136
0.775071
0.775028
0.774973
0.774949
0.774930
0.775071
0.775406
0.776415
0.777900
0.780638
0.781495
0.781059
0.777035
0.774929
0.776911
0.779493
0.780867
0.776706
0.776019
0.776256
0.777922
0.777234
0.776212
0.775826
0.776149
0.775565
0.775577
0.776778
0.776078
0.778776
0.778141
0.777499
0.775590
0.776600
0.775552
0.776493
0.776112
0.776129
0.776203
0.775225
0.776109
0.775042
0.775147
0.774929
0.774628
0.774887
0.774650
0.774876
0.775264
0.774965
0.775279
0.775380
0.776979
0.777138
0.777034
0.776452
0.776312
0.775118
0.774762
0.774163
0.774793
0.774434
0.774614
0.774784
0.775218
0.774544
0.775472
0.776473
0.778013
0.777747
0.776367
0.775792
0.774152
0.774254
0.774204
0.774647
0.775797
0.775581
0.776330
0.776567
0.774555
0.774255
0.773709
0.773677
0.773786
0.773776
0.773795
0.774421
0.774614
0.776511
0.777294
0.777738
0.776403
0.775284
0.774098
0.773356
0.774066
0.774627
0.775897
0.775163
0.774563
0.773710
0.774121
0.773334
0.773822
0.773941
0.773774
0.773924
0.774039
0.774936
0.775394
0.775358
0.775576
0.774421
0.774026
0.773347
0.773149
0.773145
0.773187
0.773216
0.773003
0.773296
0.773136
0.773107
0.772855
0.773127
0.773653
0.773213
0.773962
0.776425
0.778241
0.782390
0.782314
0.784689
0.784986
0.777210
0.778519
0.784524
0.787423
0.785518
0.779979
0.784417
0.784136
0.782020
0.778850
0.780382
0.779549
0.778133
0.777612
0.778558
0.776761
0.777135
0.779010
0.777337
0.776362
0.776511
0.776998
0.776384
0.775328
0.775438
0.775907
0.775510
0.775073
0.774565
0.775034
0.774469
0.774513
0.774128
0.774506
0.774574
0.774135
0.773837
0.773904
0.774074
0.773970
0.773657
0.773504
0.773611
0.773687
0.773772
0.773710
0.773393
0.773276
0.773077
0.773179
0.773159
0.773223
0.773317
0.773350
0.773353
0.773293
0.773137
0.773062
0.773006
0.772894
0.772805
0.772797
0.772756
0.772766
0.772821
0.772982
0.773078
0.773612
0.773947
0.774160
0.774459
0.775372
0.774876
0.773630
0.773016
0.772837
0.772912
0.773081
0.773071
0.773287
0.773287
0.773463
0.773710
0.773349
0.773040
0.772767
0.772781
0.772681
0.772473
0.772659
0.772360
0.772804
0.772969
0.773596
0.775015
0.779196
0.781141
0.777333
0.775308
0.776665
0.775916
0.776811
0.774704
0.774381
0.775203
0.773950
0.773976
0.774441
0.774439
0.773562
0.774154
0.774031
0.773741
0.773777
0.773747
0.772896
0.773058
0.773047
0.772747
0.772869
0.773100
0.772935
0.773387
0.774609
0.775823
0.777331
0.778011
0.777428
0.773947
0.774204
0.778178
0.779787
0.781261
0.780147
0.777041
0.775563
0.777673
0.778365
0.777230
0.774942
0.774393
0.776167
0.778175
0.776883
0.775559
0.774129
0.775637
0.774569
0.774467
0.774516
0.774116
0.773489
0.773910
0.773329
0.773583
0.773676
0.773140
0.772747
0.773058
0.772999
0.773383
0.772990
0.772637
0.772375
0.772559
0.772469
0.772610
0.772592
0.772677
0.772602
0.772606
0.772691
0.772608
0.772399
0.772339
0.772747
0.772624
0.772605
0.772431
0.773510
0.773638
0.774806
0.775416
0.776025
0.775538
0.777490
0.777113
0.773441
0.772819
0.773961
0.772833
0.773415
0.773028
0.772420
0.773248
0.773792
0.773489
0.774491
0.774475
0.773540
0.773647
0.774853
0.774355
0.773585
0.773262
0.773659
0.773889
0.774003
0.774204
0.774500
0.777255
0.777503
0.778939
0.778099
0.774386
0.773408
0.773080
0.773967
0.773270
0.773054
0.772263
0.772350
0.772527
0.773191
0.773252
0.772432
0.771920
0.771996
0.772758
0.773100
0.772884
0.772818
0.772293
0.771496
0.771931
0.771872
0.772149
0.771746
0.771587
0.771339
0.771684
0.771985
0.772389
0.772780
0.772749
0.771947
0.771709
0.771588
0.771370
0.771163
0.771411
0.771395
0.771279
0.771338
0.771446
0.771734
0.771913
0.772455
0.773742
0.774875
0.774498
0.774756
0.777854
0.777279
0.775150
0.776840
0.776437
0.774032
0.776260
0.777657
0.778108
0.777685
0.774849
0.777983
0.777041
0.779427
0.780696
0.775170
0.773794
0.774055
0.773708
0.774315
0.773448
0.773134
0.772818
0.772738
0.773096
0.772770
0.772739
0.772991
0.772309
0.772749
0.772873
0.773232
0.773126
0.772471
0.772366
0.771923
0.771628
0.771872
0.771967
0.772312
0.772129
0.772245
0.771939
0.771582
0.771250
0.771206
0.771086
0.771114
0.771237
0.771408
0.771911
0.772520
0.771814
0.770945
0.770975
0.771568
0.771762
0.771297
0.770811
0.770878
0.771250
0.771310
0.770981
0.770737
0.770851
0.771063
0.771037
0.770821
0.770711
0.770808
0.770919
0.770870
0.770739
0.770700
0.770770
0.770817
0.770766
0.770691
0.770686
0.770734
0.770748
0.770704
0.770665
0.770674
0.770702
0.770699
0.770667
0.770648
0.770660
0.770674
0.770663
0.770642
0.770637
0.770647
0.770649
0.770638
0.770626
0.770626
0.770631
0.770629
0.770619
0.770614
0.770615
0.770616
0.770612
0.770605
0.770603
0.770603
0.770601
0.770597
0.770593
0.770593
0.770592
0.770589
0.770585
0.770583
0.770582
0.770580
0.770577
0.770574
0.770573
0.770571
0.770569
0.770566
0.770565
0.770563
0.770561
0.770559
0.770557
0.770555
0.770553
0.770551
0.770549
0.770548
0.770545
0.770544
0.770542
0.770540
0.770538
0.770536
0.770534
0.770533
0.770531
0.770529
0.770527
0.770526
0.770524
0.770522
0.770520
0.770519
0.770517
0.770515
0.770513
0.770512
0.770510
0.770508
0.770507
0.770505
0.770503
0.770501
0.770500
0.770498
0.770496
0.770495
0.770493
0.770491
0.770490
0.770488
0.770486
0.770485
0.770483
0.770481
0.770480
0.770478
0.770477
0.770475
0.770473
0.770472
0.770470
0.770469
0.770467
0.770465
0.770464
0.770462
0.770461
0.770459
0.770457
0.770456
0.770454
0.770453
0.770451
0.770450
0.770448
0.770446
0.770445
0.770443
0.770442
0.770440
0.770439
0.770437
0.770436
0.770434
0.770432
0.770431
0.770429
0.770428
0.770426
0.770425
0.770423
0.770422
0.770420
0.770419
0.770417
0.770416
0.770414
0.770413
0.770411
0.770410
0.770408
0.770407
0.770405
0.770404
0.770402
0.770401
0.770400
0.770398
0.770396
0.770395
0.770394
0.770392
0.770391
0.770389
0.770388
0.770386
0.770385
0.770383
0.770382
0.770380
0.770379
0.770377
0.770376
0.770375
0.770373
0.770372
0.770370
0.770369
0.770367
0.770366
0.770364
0.770363
0.770361
0.770360
0.770359
0.770357
0.770356
0.770354
0.770353
0.770351
0.770350
0.770348
0.770347
0.770346
0.770344
0.770343
0.770341
0.770340
0.770338
0.770337
0.770335
0.770334
0.770333
0.770331
0.770330
0.770328
0.770327
0.770326
0.770324
0.770323
0.770321
0.770320
0.770319
0.770317
0.770316
0.770314
0.770313
0.770312
0.770310
0.770309
0.770308
0.770306
0.770305
0.770303
0.770302
0.770300
0.770299
0.770298
0.770296
0.770295
0.770294
0.770292
0.770291
0.770289
0.770288
0.770287
0.770285
0.770284
0.770283
0.770281
0.770280
0.770278
0.770277
0.770276
0.770274
0.770273
0.770272
0.770270
0.770269
0.770268
0.770266
0.770265
0.770263
0.770262
0.770261
0.770259
0.770258
0.770256
0.770255
0.770253
0.770252
0.770251
0.770249
0.770248
0.770247
0.770245
0.770244
0.770243
0.770241
0.770240
0.770238
0.770237
0.770236
0.770234
0.770233
0.770231
0.770230
0.770229
0.770227
0.770226
0.770224
0.770223
0.770221
0.770220
0.770218
0.770217
0.770215
0.770214
0.770212
0.770211
0.770209
0.770208
0.770206
0.770205
0.770203
0.770202
0.770200
0.770199
0.770198
0.770196
0.770195
0.770193
0.770192
0.770190
0.770189
0.770188
0.770186
0.770185
0.770184
0.770182
0.770181
0.770180
0.770178
0.770177
0.770175
0.770174
0.770173
0.770171
0.770170
0.770169
0.770167
0.770166
0.770164
0.770163
0.770162
0.770160
0.770159
0.770158
0.770156
0.770155
0.770153
0.770152
0.770151
0.770150
0.770148
0.770147
0.770146
0.770144
0.770143
0.770142
0.770140
0.770139
0.770138
0.770136
0.770135
0.770134
0.770132
0.770131
0.770130
0.770128
0.770127
0.770126
0.770125
0.770123
0.770122
0.770121
0.770120
0.770118
0.770117
0.770116
0.770114
0.770113
0.770112
0.770111
0.770109
0.770108
0.770107
0.770106
0.770104
0.770103
0.770102
0.770100
0.770099
0.770098
0.770097
0.770096
0.770094
0.770093
0.770092
0.770091
0.770089
0.770088
0.770087
0.770086
0.770084
0.770083
0.770082
0.770081
0.770079
0.770078
0.770077
0.770076
0.770075
0.770073
0.770072
0.770071
0.770069
0.770068
0.770067
0.770066
0.770064
0.770063
0.770062
0.770061
0.770059
0.770058
0.770057
0.770056
0.770054
0.770053
0.770052
0.770051
0.770049
0.770048
0.770047
0.770046
0.770045
0.770043
0.770042
0.770041
0.770040
0.770038
0.770037
0.770036
0.770035
0.770034
0.770033
0.770031
0.770030
0.770029
0.770028
0.770026
0.770025
0.770024
0.770023
0.770021
0.770020
0.770019
0.770018
0.770017
0.770015
0.770014
0.770013
0.770012
0.770010
0.770009
0.770008
0.770007
0.770006
0.770005
0.770003
0.770002
0.770001
0.770000
0.769998
0.769997
0.769996
0.769995
0.769993
0.769992
0.769991
0.769990
0.769989
0.769987
0.769986
0.769985
0.769983
0.769982
0.769981
0.769980
0.769979
0.769977
0.769976
0.769975
0.769974
0.769972
0.769971
0.769970
0.769968
0.769967
0.769966
0.769965
