0.000469 0.000478 0.000000 0.000000 0.000480 0.000000
0.000468 0.000478 0.000000 0.000000 0.000000 0.000000
0.000478 0.000488 0.000000 0.000000 0.000000 0.000000
0.000000 0.000516 0.000000 0.000000 0.000000 0.000000
0.000000 0.000571 0.000000 0.000000 0.000000 0.000000
0.000000 0.000671 0.000000 0.000000 0.000000 0.000000
0.000000 0.000829 0.000000 0.000000 0.000000 0.000000
0.000000 0.001103 0.000000 0.000000 0.000000 0.000000
0.000000 0.001558 0.000000 0.000000 0.000000 0.000000
0.000000 0.000000 0.000000 0.000000 0.000000 0.000000
0.000000 0.000000 0.000000 0.000000 0.000000 0.000000
0.000000 0.000000 0.000000 0.000000 0.000000 0.000000
0.000000 0.000000 0.000000 0.000000 0.000000 0.000000
0.000000 0.000000 0.000000 0.000000 0.000000 0.000000
0.000000 0.000000 0.000000 0.000000 0.000000 0.000000
0.000000 0.000000 0.000000 0.000000 0.000000 0.000000
0.000000 0.000000 0.000000 0.000000 0.000000 0.000000
0.000000 0.000000 0.000000 0.000000 0.000000 0.000000
0.000000 0.000000 0.000000 0.000000 0.000000 0.000000
0.000000 0.000000 0.000000 0.000000 0.000000 0.000000
0.000000 0.000000 0.000000 0.000000 0.000000 0.000000
0.000000 0.000000 0.000000 0.000000 0.000000 0.000000
0.000000 0.000000 0.000000 0.000000 0.000000 0.000000
0.000000 0.000000 0.000000 0.000000 0.000000 0.000000
0.000000 0.000000 0.000000 0.000000 0.000000 0.000000
0.000000 0.000000 0.000000 0.000000 0.000000 0.000000
0.000000 0.000000 0.000000 0.000000 0.000000 0.000000
0.000000 0.000000 0.000000 0.000000 0.000000 0.000000
0.000000 0.000000 0.000000 0.000000 0.000000 0.000000
0.000000 0.000000 0.000000 0.000000 0.000000 0.000000
0.000000 0.000000 0.000000 0.000000 0.000000 0.000000
0.000000 0.000000 0.000000 0.000000 0.000000 0.000000
0.000000 0.000000 0.000000 0.000000 0.000000 0.000000
0.000000 0.000000 0.000000 0.000000 0.000000 0.000000
0.000000 0.000000 0.000000 0.000000 0.000000 0.000000
0.000000 0.000000 0.000000 0.000000 0.000000 0.000000
0.000000 0.000000 0.000000 0.000000 0.000000 0.000000
0.000000 0.000000 0.000000 0.000000 0.000000 0.000000
0.000000 0.000000 0.000000 0.000000 0.000000 0.000000
0.000000 0.000000 0.000000 0.000000 0.000000 0.000000
0.000000 0.000000 0.000000 0.000000 0.000000 0.000000
0.000000 0.000000 0.000000 0.000000 0.000000 0.000000
0.000000 0.000000 0.000000 0.000000 0.000000 0.000000
0.000000 0.000000 0.000000 0.000000 0.000000 0.000000
0.000000 0.000000 0.000000 0.000000 0.000000 0.000000
0.000000 0.000000 0.000000 0.000000 0.000000 0.000000
0.000000 0.000000 0.000000 0.000000 0.000000 0.000000
0.000000 0.000000 0.000000 0.000000 0.000000 0.000000
0.000000 0.000000 0.000000 0.000000 0.000000 0.000000
0.000000 0.000000 0.000000 0.000000 0.000000 0.000000
0.000000 0.000000 0.000000 0.000000 0.000000 0.000000
0.000000 0.000000 0.000000 0.000000 0.000000 0.000000
0.000000 0.000000 0.000000 0.000000 0.000000 0.000000
0.000000 0.000000 0.000000 0.000000 0.000000 0.000000
0.000000 0.000000 0.000000 0.000000 0.000000 0.000000
0.000000 0.000000 0.000000 0.000000 0.000000 0.000000
0.000000 0.000000 0.000000 0.000000 0.000000 0.000000
0.000000 0.000000 0.000000 0.000000 0.000000 0.000000
0.002257 0.000000 0.000000 0.000000 0.000000 0.000000
0.001802 0.000000 0.000000 0.000000 0.000000 0.000000
0.001531 0.000000 0.000000 0.000000 0.000000 0.000000
0.001328 0.000000 0.000000 0.000000 0.000000 0.001404
0.001190 0.000000 0.000000 0.000000 0.000000 0.001245
0.001073 0.000000 0.000000 0.000000 0.000000 0.001143
0.001010 0.000000 0.000000 0.000000 0.000000 0.001068
0.000956 0.000000 0.000000 0.000000 0.000000 0.000999
0.000909 0.000000 0.000000 0.000000 0.000000 0.000943
0.000878 0.000000 0.000000 0.000000 0.000000 0.000900
0.000846 0.000000 0.000000 0.000000 0.000000 0.000860
0.000806 0.000000 0.000000 0.000000 0.000000 0.000806
0.000759 0.000000 0.000000 0.000000 0.000000 0.000760
0.000704 0.000000 0.000000 0.000000 0.000000 0.000717
0.000658 0.000000 0.000000 0.000000 0.000000 0.000668
0.000620 0.000000 0.000000 0.000000 0.000000 0.000635
0.000596 0.000000 0.000000 0.000000 0.000000 0.000609
0.000572 0.000000 0.000000 0.000000 0.000000 0.000582
0.000552 0.000000 0.000000 0.000000 0.000000 0.000562
0.000532 0.000000 0.000000 0.000000 0.000000 0.000546
0.000514 0.000000 0.000000 0.000000 0.000000 0.000523
0.000499 0.000000 0.000000 0.000000 0.000000 0.000504
0.000480 0.000000 0.000000 0.000000 0.000000 0.000489
0.000468 0.000000 0.000000 0.000000 0.000000 0.000472
0.000458 0.000000 0.000000 0.000000 0.000000 0.000459
0.000455 0.000000 0.000000 0.000000 0.000000 0.000457
0.000448 0.000000 0.000000 0.000000 0.000000 0.000454
0.000438 0.000000 0.000000 0.000000 0.000000 0.000441
0.000422 0.000000 0.000000 0.000000 0.000000 0.000423
0.000410 0.000000 0.000000 0.000000 0.000000 0.000411
0.000406 0.000000 0.000000 0.000000 0.000000 0.000407
0.000407 0.000000 0.000000 0.000000 0.000000 0.000409
0.000401 0.000000 0.000000 0.000000 0.000000 0.000402
0.000390 0.000000 0.000000 0.000000 0.000000 0.000389
0.000379 0.000000 0.000000 0.000000 0.000000 0.000381
0.000377 0.000000 0.000000 0.000000 0.000000 0.000382
0.000377 0.000000 0.000000 0.000000 0.000000 0.000383
0.000368 0.000000 0.000000 0.000000 0.000000 0.000376
0.000360 0.000000 0.000000 0.000000 0.000000 0.000368
0.000360 0.000000 0.000000 0.000000 0.000000 0.000367
0.000362 0.000000 0.000000 0.000000 0.000000 0.000370
0.000358 0.000000 0.000000 0.000000 0.000000 0.000364
0.000354 0.000000 0.000000 0.000000 0.000000 0.000361
0.000357 0.000000 0.000000 0.000000 0.000000 0.000365
0.000357 0.000000 0.000000 0.000000 0.000000 0.000365
0.000353 0.000000 0.000000 0.000000 0.000000 0.000361
0.000355 0.000000 0.000000 0.000000 0.000000 0.000366
0.000358 0.000000 0.000000 0.000000 0.000000 0.000370
0.000355 0.000000 0.000000 0.000000 0.000000 0.000368
0.000360 0.000000 0.000000 0.000000 0.000000 0.000373
0.000362 0.000000 0.000000 0.000000 0.000000 0.000374
0.000360 0.000000 0.000000 0.000000 0.000000 0.000372
0.000365 0.000000 0.000000 0.000000 0.000000 0.000380
0.000360 0.000000 0.000000 0.000000 0.000000 0.000375
0.000362 0.000000 0.000000 0.000000 0.000000 0.000377
0.000362 0.000000 0.000000 0.000000 0.000000 0.000376
0.000361 0.000000 0.000000 0.000000 0.000000 0.000376
0.000362 0.000000 0.000000 0.000000 0.000000 0.000378
0.000359 0.000000 0.000000 0.000000 0.000000 0.000374
0.000367 0.000000 0.000000 0.000000 0.000000 0.000383
0.000351 0.000000 0.000000 0.000000 0.000000 0.000365
0.000391 0.000000 0.000000 0.000000 0.000000 0.000410
0.000327 0.000000 0.000000 0.000000 0.000000 0.000339
0.000400 0.000000 0.000000 0.000000 0.000000 0.000421
0.000372 0.000000 0.000000 0.000000 0.000000 0.000390
0.000329 0.000000 0.000000 0.000000 0.000000 0.000343
0.000383 0.000000 0.000000 0.000000 0.000000 0.000398
0.000386 0.000000 0.000000 0.000000 0.000000 0.000403
0.000334 0.000000 0.000000 0.000000 0.000000 0.000350
0.000354 0.000000 0.000000 0.000000 0.000000 0.000372
0.000388 0.000000 0.000000 0.000000 0.000000 0.000406
0.000351 0.000000 0.000000 0.000000 0.000000 0.000368
0.000335 0.000000 0.000000 0.000000 0.000000 0.000353
0.000373 0.000000 0.000000 0.000000 0.000000 0.000390
0.000365 0.000000 0.000000 0.000000 0.000000 0.000382
0.000333 0.000000 0.000000 0.000000 0.000000 0.000351
0.000354 0.000000 0.000000 0.000000 0.000000 0.000374
0.000369 0.000000 0.000000 0.000000 0.000000 0.000387
0.000339 0.000000 0.000000 0.000000 0.000000 0.000357
0.000341 0.000000 0.000000 0.000000 0.000000 0.000358
0.000365 0.000000 0.000000 0.000000 0.000000 0.000383
0.000347 0.000000 0.000000 0.000000 0.000000 0.000365
0.000336 0.000000 0.000000 0.000000 0.000000 0.000352
0.000357 0.000000 0.000000 0.000000 0.000000 0.000374
0.000352 0.000000 0.000000 0.000000 0.000000 0.000370
0.000336 0.000000 0.000000 0.000000 0.000000 0.000353
0.000351 0.000000 0.000000 0.000000 0.000000 0.000369
0.000354 0.000000 0.000000 0.000000 0.000000 0.000372
0.000338 0.000000 0.000000 0.000000 0.000000 0.000355
0.000345 0.000000 0.000000 0.000000 0.000000 0.000363
0.000354 0.000000 0.000000 0.000000 0.000000 0.000372
0.000341 0.000000 0.000000 0.000000 0.000000 0.000357
0.000342 0.000000 0.000000 0.000000 0.000000 0.000358
0.000352 0.000000 0.000000 0.000000 0.000000 0.000371
0.000344 0.000000 0.000000 0.000000 0.000000 0.000358
0.000340 0.000000 0.000000 0.000000 0.000000 0.000357
0.000352 0.000000 0.000000 0.000000 0.000000 0.000370
0.000345 0.000000 0.000000 0.000000 0.000000 0.000362
0.000340 0.000000 0.000000 0.000000 0.000000 0.000356
0.000350 0.000000 0.000000 0.000000 0.000000 0.000368
0.000345 0.000000 0.000000 0.000000 0.000000 0.000362
0.000340 0.000000 0.000000 0.000000 0.000000 0.000356
0.000349 0.000000 0.000000 0.000000 0.000000 0.000366
0.000343 0.000000 0.000000 0.000000 0.000000 0.000360
0.000341 0.000000 0.000000 0.000000 0.000000 0.000356
0.000349 0.000000 0.000000 0.000000 0.000000 0.000366
0.000343 0.000000 0.000000 0.000000 0.000000 0.000359
0.000342 0.000000 0.000000 0.000000 0.000000 0.000358
0.000349 0.000000 0.000000 0.000000 0.000000 0.000364
0.000342 0.000000 0.000000 0.000000 0.000000 0.000357
0.000342 0.000000 0.000000 0.000000 0.000000 0.000357
0.000348 0.000000 0.000000 0.000000 0.000000 0.000363
0.000339 0.000000 0.000000 0.000000 0.000000 0.000354
0.000344 0.000000 0.000000 0.000000 0.000000 0.000360
0.000340 0.000000 0.000000 0.000000 0.000000 0.000355
0.000339 0.000000 0.000000 0.000000 0.000000 0.000354
0.000343 0.000000 0.000000 0.000000 0.000000 0.000357
0.000336 0.000000 0.000000 0.000000 0.000000 0.000351
0.000342 0.000000 0.000000 0.000000 0.000000 0.000357
0.000337 0.000000 0.000000 0.000000 0.000000 0.000353
0.000340 0.000000 0.000000 0.000000 0.000000 0.000356
0.000339 0.000000 0.000000 0.000000 0.000000 0.000355
0.000340 0.000000 0.000000 0.000000 0.000000 0.000356
0.000340 0.000000 0.000000 0.000000 0.000000 0.000356
0.000340 0.000000 0.000000 0.000000 0.000000 0.000356
0.000341 0.000000 0.000000 0.000000 0.000000 0.000358
0.000338 0.000000 0.000000 0.000000 0.000000 0.000353
0.000342 0.000000 0.000000 0.000000 0.000000 0.000360
0.000336 0.000000 0.000000 0.000000 0.000000 0.000352
0.000344 0.000000 0.000000 0.000000 0.000000 0.000361
0.000334 0.000000 0.000000 0.000000 0.000000 0.000349
0.000345 0.000000 0.000000 0.000000 0.000000 0.000363
0.000331 0.000000 0.000000 0.000000 0.000000 0.000346
0.000346 0.000000 0.000000 0.000000 0.000000 0.000363
0.000327 0.000000 0.000000 0.000000 0.000000 0.000341
0.000347 0.000000 0.000000 0.000000 0.000000 0.000365
0.000324 0.000000 0.000000 0.000000 0.000000 0.000338
0.000350 0.000000 0.000000 0.000000 0.000000 0.000368
0.000325 0.000000 0.000000 0.000000 0.000000 0.000340
0.000344 0.000000 0.000000 0.000000 0.000000 0.000360
0.000332 0.000000 0.000000 0.000000 0.000000 0.000347
0.000336 0.000000 0.000000 0.000000 0.000000 0.000351
0.000339 0.000000 0.000000 0.000000 0.000000 0.000354
0.000329 0.000000 0.000000 0.000000 0.000000 0.000344
0.000343 0.000000 0.000000 0.000000 0.000000 0.000358
0.000329 0.000000 0.000000 0.000000 0.000000 0.000344
0.000340 0.000000 0.000000 0.000000 0.000000 0.000355
0.000334 0.000000 0.000000 0.000000 0.000000 0.000348
0.000335 0.000000 0.000000 0.000000 0.000000 0.000350
0.000337 0.000000 0.000000 0.000000 0.000000 0.000353
0.000331 0.000000 0.000000 0.000000 0.000000 0.000345
0.000342 0.000000 0.000000 0.000000 0.000000 0.000356
0.000326 0.000000 0.000000 0.000000 0.000000 0.000340
0.000349 0.000000 0.000000 0.000000 0.000000 0.000364
0.000320 0.000000 0.000000 0.000000 0.000000 0.000332
0.000354 0.000000 0.000000 0.000000 0.000000 0.000369
0.000323 0.000000 0.000000 0.000000 0.000000 0.000335
0.000340 0.000000 0.000000 0.000000 0.000000 0.000353
0.000339 0.000000 0.000000 0.000000 0.000000 0.000352
0.000325 0.000000 0.000000 0.000000 0.000000 0.000338
0.000350 0.000000 0.000000 0.000000 0.000000 0.000364
0.000326 0.000000 0.000000 0.000000 0.000000 0.000339
0.000342 0.000000 0.000000 0.000000 0.000000 0.000354
0.000337 0.000000 0.000000 0.000000 0.000000 0.000350
0.000329 0.000000 0.000000 0.000000 0.000000 0.000343
0.000345 0.000000 0.000000 0.000000 0.000000 0.000357
0.000324 0.000000 0.000000 0.000000 0.000000 0.000335
0.000347 0.000000 0.000000 0.000000 0.000000 0.000360
0.000323 0.000000 0.000000 0.000000 0.000000 0.000335
0.000340 0.000000 0.000000 0.000000 0.000000 0.000352
0.000331 0.000000 0.000000 0.000000 0.000000 0.000344
0.000327 0.000000 0.000000 0.000000 0.000000 0.000341
0.000340 0.000000 0.000000 0.000000 0.000000 0.000352
0.000322 0.000000 0.000000 0.000000 0.000000 0.000335
0.000340 0.000000 0.000000 0.000000 0.000000 0.000352
0.000326 0.000000 0.000000 0.000000 0.000000 0.000339
0.000333 0.000000 0.000000 0.000000 0.000000 0.000346
0.000335 0.000000 0.000000 0.000000 0.000000 0.000347
0.000326 0.000000 0.000000 0.000000 0.000000 0.000338
0.000340 0.000000 0.000000 0.000000 0.000000 0.000351
0.000324 0.000000 0.000000 0.000000 0.000000 0.000335
0.000341 0.000000 0.000000 0.000000 0.000000 0.000353
0.000327 0.000000 0.000000 0.000000 0.000000 0.000340
0.000333 0.000000 0.000000 0.000000 0.000000 0.000345
0.000337 0.000000 0.000000 0.000000 0.000000 0.000347
0.000324 0.000000 0.000000 0.000000 0.000000 0.000338
0.000343 0.000000 0.000000 0.000000 0.000000 0.000354
0.000318 0.000000 0.000000 0.000000 0.000000 0.000330
0.000347 0.000000 0.000000 0.000000 0.000000 0.000357
0.000318 0.000000 0.000000 0.000000 0.000000 0.000329
0.000339 0.000000 0.000000 0.000000 0.000000 0.000349
0.000331 0.000000 0.000000 0.000000 0.000000 0.000343
0.000321 0.000000 0.000000 0.000000 0.000000 0.000334
0.000343 0.000000 0.000000 0.000000 0.000000 0.000353
0.000321 0.000000 0.000000 0.000000 0.000000 0.000333
0.000335 0.000000 0.000000 0.000000 0.000000 0.000346
0.000335 0.000000 0.000000 0.000000 0.000000 0.000345
0.000322 0.000000 0.000000 0.000000 0.000000 0.000335
0.000344 0.000000 0.000000 0.000000 0.000000 0.000354
0.000317 0.000000 0.000000 0.000000 0.000000 0.000329
0.000344 0.000000 0.000000 0.000000 0.000000 0.000354
0.000322 0.000000 0.000000 0.000000 0.000000 0.000336
0.000331 0.000000 0.000000 0.000000 0.000000 0.000342
0.000336 0.000000 0.000000 0.000000 0.000000 0.000346
0.000321 0.000000 0.000000 0.000000 0.000000 0.000334
0.000337 0.000000 0.000000 0.000000 0.000000 0.000347
0.000323 0.000000 0.000000 0.000000 0.000000 0.000338
0.000328 0.000000 0.000000 0.000000 0.000000 0.000340
0.000334 0.000000 0.000000 0.000000 0.000000 0.000344
0.000322 0.000000 0.000000 0.000000 0.000000 0.000335
0.000337 0.000000 0.000000 0.000000 0.000000 0.000348
0.000321 0.000000 0.000000 0.000000 0.000000 0.000334
0.000337 0.000000 0.000000 0.000000 0.000000 0.000347
0.000324 0.000000 0.000000 0.000000 0.000000 0.000337
0.000329 0.000000 0.000000 0.000000 0.000000 0.000340
0.000333 0.000000 0.000000 0.000000 0.000000 0.000343
0.000322 0.000000 0.000000 0.000000 0.000000 0.000336
0.000337 0.000000 0.000000 0.000000 0.000000 0.000347
0.000321 0.000000 0.000000 0.000000 0.000000 0.000334
0.000335 0.000000 0.000000 0.000000 0.000000 0.000344
0.000327 0.000000 0.000000 0.000000 0.000000 0.000339
0.000326 0.000000 0.000000 0.000000 0.000000 0.000338
0.000335 0.000000 0.000000 0.000000 0.000000 0.000345
0.000322 0.000000 0.000000 0.000000 0.000000 0.000335
0.000336 0.000000 0.000000 0.000000 0.000000 0.000347
0.000321 0.000000 0.000000 0.000000 0.000000 0.000333
0.000337 0.000000 0.000000 0.000000 0.000000 0.000347
0.000323 0.000000 0.000000 0.000000 0.000000 0.000335
0.000333 0.000000 0.000000 0.000000 0.000000 0.000342
0.000328 0.000000 0.000000 0.000000 0.000000 0.000339
0.000327 0.000000 0.000000 0.000000 0.000000 0.000338
0.000332 0.000000 0.000000 0.000000 0.000000 0.000341
0.000324 0.000000 0.000000 0.000000 0.000000 0.000335
0.000333 0.000000 0.000000 0.000000 0.000000 0.000342
0.000323 0.000000 0.000000 0.000000 0.000000 0.000334
0.000334 0.000000 0.000000 0.000000 0.000000 0.000343
0.000324 0.000000 0.000000 0.000000 0.000000 0.000334
0.000334 0.000000 0.000000 0.000000 0.000000 0.000343
0.000325 0.000000 0.000000 0.000000 0.000000 0.000335
0.000333 0.000000 0.000000 0.000000 0.000000 0.000343
0.000325 0.000000 0.000000 0.000000 0.000000 0.000335
0.000332 0.000000 0.000000 0.000000 0.000000 0.000341
0.000326 0.000000 0.000000 0.000000 0.000000 0.000335
0.000330 0.000000 0.000000 0.000000 0.000000 0.000340
0.000327 0.000000 0.000000 0.000000 0.000000 0.000336
0.000330 0.000000 0.000000 0.000000 0.000000 0.000340
0.000328 0.000000 0.000000 0.000000 0.000000 0.000337
0.000329 0.000000 0.000000 0.000000 0.000000 0.000339
0.000327 0.000000 0.000000 0.000000 0.000000 0.000336
0.000332 0.000000 0.000000 0.000000 0.000000 0.000341
0.000324 0.000000 0.000000 0.000000 0.000000 0.000333
0.000336 0.000000 0.000000 0.000000 0.000000 0.000346
0.000316 0.000000 0.000000 0.000000 0.000000 0.000328
0.000342 0.000000 0.000000 0.000000 0.000000 0.000353
0.000310 0.000000 0.000000 0.000000 0.000000 0.000321
0.000346 0.000000 0.000000 0.000000 0.000000 0.000359
0.000311 0.000000 0.000000 0.000000 0.000000 0.000322
0.000333 0.000000 0.000000 0.000000 0.000000 0.000342
0.000331 0.000000 0.000000 0.000000 0.000000 0.000340
0.000312 0.000000 0.000000 0.000000 0.000000 0.000324
0.000342 0.000000 0.000000 0.000000 0.000000 0.000355
0.000311 0.000000 0.000000 0.000000 0.000000 0.000322
0.000337 0.000000 0.000000 0.000000 0.000000 0.000348
0.000325 0.000000 0.000000 0.000000 0.000000 0.000335
0.000318 0.000000 0.000000 0.000000 0.000000 0.000328
0.000340 0.000000 0.000000 0.000000 0.000000 0.000351
0.000315 0.000000 0.000000 0.000000 0.000000 0.000325
0.000334 0.000000 0.000000 0.000000 0.000000 0.000345
0.000328 0.000000 0.000000 0.000000 0.000000 0.000337
0.000321 0.000000 0.000000 0.000000 0.000000 0.000330
0.000337 0.000000 0.000000 0.000000 0.000000 0.000349
0.000316 0.000000 0.000000 0.000000 0.000000 0.000326
0.000335 0.000000 0.000000 0.000000 0.000000 0.000345
0.000325 0.000000 0.000000 0.000000 0.000000 0.000334
0.000321 0.000000 0.000000 0.000000 0.000000 0.000331
0.000334 0.000000 0.000000 0.000000 0.000000 0.000345
0.000317 0.000000 0.000000 0.000000 0.000000 0.000326
0.000332 0.000000 0.000000 0.000000 0.000000 0.000343
0.000322 0.000000 0.000000 0.000000 0.000000 0.000331
0.000323 0.000000 0.000000 0.000000 0.000000 0.000333
0.000331 0.000000 0.000000 0.000000 0.000000 0.000341
0.000318 0.000000 0.000000 0.000000 0.000000 0.000328
0.000332 0.000000 0.000000 0.000000 0.000000 0.000343
0.000322 0.000000 0.000000 0.000000 0.000000 0.000331
0.000326 0.000000 0.000000 0.000000 0.000000 0.000336
0.000328 0.000000 0.000000 0.000000 0.000000 0.000338
0.000320 0.000000 0.000000 0.000000 0.000000 0.000330
0.000332 0.000000 0.000000 0.000000 0.000000 0.000343
0.000318 0.000000 0.000000 0.000000 0.000000 0.000328
0.000332 0.000000 0.000000 0.000000 0.000000 0.000343
0.000320 0.000000 0.000000 0.000000 0.000000 0.000330
0.000327 0.000000 0.000000 0.000000 0.000000 0.000337
0.000326 0.000000 0.000000 0.000000 0.000000 0.000335
0.000322 0.000000 0.000000 0.000000 0.000000 0.000331
0.000328 0.000000 0.000000 0.000000 0.000000 0.000339
0.000319 0.000000 0.000000 0.000000 0.000000 0.000329
0.000329 0.000000 0.000000 0.000000 0.000000 0.000339
0.000321 0.000000 0.000000 0.000000 0.000000 0.000330
0.000326 0.000000 0.000000 0.000000 0.000000 0.000336
0.000324 0.000000 0.000000 0.000000 0.000000 0.000332
0.000323 0.000000 0.000000 0.000000 0.000000 0.000332
0.000327 0.000000 0.000000 0.000000 0.000000 0.000337
0.000319 0.000000 0.000000 0.000000 0.000000 0.000329
0.000329 0.000000 0.000000 0.000000 0.000000 0.000339
0.000318 0.000000 0.000000 0.000000 0.000000 0.000327
0.000329 0.000000 0.000000 0.000000 0.000000 0.000340
0.000318 0.000000 0.000000 0.000000 0.000000 0.000327
0.000329 0.000000 0.000000 0.000000 0.000000 0.000339
0.000318 0.000000 0.000000 0.000000 0.000000 0.000328
0.000327 0.000000 0.000000 0.000000 0.000000 0.000336
0.000319 0.000000 0.000000 0.000000 0.000000 0.000329
0.000326 0.000000 0.000000 0.000000 0.000000 0.000335
0.000320 0.000000 0.000000 0.000000 0.000000 0.000329
0.000326 0.000000 0.000000 0.000000 0.000000 0.000335
0.000318 0.000000 0.000000 0.000000 0.000000 0.000329
0.000328 0.000000 0.000000 0.000000 0.000000 0.000338
0.000317 0.000000 0.000000 0.000000 0.000000 0.000327
0.000329 0.000000 0.000000 0.000000 0.000000 0.000339
0.000315 0.000000 0.000000 0.000000 0.000000 0.000325
0.000331 0.000000 0.000000 0.000000 0.000000 0.000341
0.000314 0.000000 0.000000 0.000000 0.000000 0.000323
0.000333 0.000000 0.000000 0.000000 0.000000 0.000343
0.000312 0.000000 0.000000 0.000000 0.000000 0.000320
0.000336 0.000000 0.000000 0.000000 0.000000 0.000346
0.000311 0.000000 0.000000 0.000000 0.000000 0.000320
0.000332 0.000000 0.000000 0.000000 0.000000 0.000342
0.000317 0.000000 0.000000 0.000000 0.000000 0.000325
0.000321 0.000000 0.000000 0.000000 0.000000 0.000330
0.000326 0.000000 0.000000 0.000000 0.000000 0.000335
0.000315 0.000000 0.000000 0.000000 0.000000 0.000323
0.000330 0.000000 0.000000 0.000000 0.000000 0.000341
0.000311 0.000000 0.000000 0.000000 0.000000 0.000319
0.000334 0.000000 0.000000 0.000000 0.000000 0.000345
0.000310 0.000000 0.000000 0.000000 0.000000 0.000318
0.000331 0.000000 0.000000 0.000000 0.000000 0.000340
0.000316 0.000000 0.000000 0.000000 0.000000 0.000326
0.000321 0.000000 0.000000 0.000000 0.000000 0.000331
0.000326 0.000000 0.000000 0.000000 0.000000 0.000337
0.000313 0.000000 0.000000 0.000000 0.000000 0.000321
0.000334 0.000000 0.000000 0.000000 0.000000 0.000345
0.000308 0.000000 0.000000 0.000000 0.000000 0.000317
0.000335 0.000000 0.000000 0.000000 0.000000 0.000347
0.000312 0.000000 0.000000 0.000000 0.000000 0.000321
0.000324 0.000000 0.000000 0.000000 0.000000 0.000334
0.000326 0.000000 0.000000 0.000000 0.000000 0.000335
0.000313 0.000000 0.000000 0.000000 0.000000 0.000321
0.000332 0.000000 0.000000 0.000000 0.000000 0.000343
0.000309 0.000000 0.000000 0.000000 0.000000 0.000317
0.000332 0.000000 0.000000 0.000000 0.000000 0.000343
0.000314 0.000000 0.000000 0.000000 0.000000 0.000321
0.000323 0.000000 0.000000 0.000000 0.000000 0.000333
0.000324 0.000000 0.000000 0.000000 0.000000 0.000333
0.000314 0.000000 0.000000 0.000000 0.000000 0.000322
0.000328 0.000000 0.000000 0.000000 0.000000 0.000339
0.000313 0.000000 0.000000 0.000000 0.000000 0.000320
0.000327 0.000000 0.000000 0.000000 0.000000 0.000336
0.000318 0.000000 0.000000 0.000000 0.000000 0.000327
0.000320 0.000000 0.000000 0.000000 0.000000 0.000329
0.000326 0.000000 0.000000 0.000000 0.000000 0.000336
0.000314 0.000000 0.000000 0.000000 0.000000 0.000322
0.000330 0.000000 0.000000 0.000000 0.000000 0.000341
0.000309 0.000000 0.000000 0.000000 0.000000 0.000317
0.000334 0.000000 0.000000 0.000000 0.000000 0.000345
0.000309 0.000000 0.000000 0.000000 0.000000 0.000317
0.000327 0.000000 0.000000 0.000000 0.000000 0.000337
0.000317 0.000000 0.000000 0.000000 0.000000 0.000326
0.000315 0.000000 0.000000 0.000000 0.000000 0.000323
0.000328 0.000000 0.000000 0.000000 0.000000 0.000338
0.000310 0.000000 0.000000 0.000000 0.000000 0.000317
0.000327 0.000000 0.000000 0.000000 0.000000 0.000338
0.000314 0.000000 0.000000 0.000000 0.000000 0.000322
0.000320 0.000000 0.000000 0.000000 0.000000 0.000329
0.000323 0.000000 0.000000 0.000000 0.000000 0.000333
0.000314 0.000000 0.000000 0.000000 0.000000 0.000322
0.000326 0.000000 0.000000 0.000000 0.000000 0.000337
0.000315 0.000000 0.000000 0.000000 0.000000 0.000324
0.000323 0.000000 0.000000 0.000000 0.000000 0.000333
0.000321 0.000000 0.000000 0.000000 0.000000 0.000330
0.000318 0.000000 0.000000 0.000000 0.000000 0.000327
0.000325 0.000000 0.000000 0.000000 0.000000 0.000335
0.000315 0.000000 0.000000 0.000000 0.000000 0.000324
0.000327 0.000000 0.000000 0.000000 0.000000 0.000337
0.000315 0.000000 0.000000 0.000000 0.000000 0.000323
0.000325 0.000000 0.000000 0.000000 0.000000 0.000336
0.000316 0.000000 0.000000 0.000000 0.000000 0.000325
0.000324 0.000000 0.000000 0.000000 0.000000 0.000334
0.000316 0.000000 0.000000 0.000000 0.000000 0.000324
0.000324 0.000000 0.000000 0.000000 0.000000 0.000334
0.000314 0.000000 0.000000 0.000000 0.000000 0.000322
0.000324 0.000000 0.000000 0.000000 0.000000 0.000335
0.000315 0.000000 0.000000 0.000000 0.000000 0.000323
0.000322 0.000000 0.000000 0.000000 0.000000 0.000332
0.000317 0.000000 0.000000 0.000000 0.000000 0.000326
0.000319 0.000000 0.000000 0.000000 0.000000 0.000329
0.000319 0.000000 0.000000 0.000000 0.000000 0.000329
0.000317 0.000000 0.000000 0.000000 0.000000 0.000326
0.000321 0.000000 0.000000 0.000000 0.000000 0.000332
0.000316 0.000000 0.000000 0.000000 0.000000 0.000324
0.000323 0.000000 0.000000 0.000000 0.000000 0.000335
0.000313 0.000000 0.000000 0.000000 0.000000 0.000321
0.000326 0.000000 0.000000 0.000000 0.000000 0.000337
0.000312 0.000000 0.000000 0.000000 0.000000 0.000319
0.000326 0.000000 0.000000 0.000000 0.000000 0.000337
0.000313 0.000000 0.000000 0.000000 0.000000 0.000321
0.000323 0.000000 0.000000 0.000000 0.000000 0.000334
0.000315 0.000000 0.000000 0.000000 0.000000 0.000323
0.000321 0.000000 0.000000 0.000000 0.000000 0.000332
0.000317 0.000000 0.000000 0.000000 0.000000 0.000325
0.000319 0.000000 0.000000 0.000000 0.000000 0.000330
0.000318 0.000000 0.000000 0.000000 0.000000 0.000327
0.000318 0.000000 0.000000 0.000000 0.000000 0.000327
0.000319 0.000000 0.000000 0.000000 0.000000 0.000330
0.000317 0.000000 0.000000 0.000000 0.000000 0.000326
0.000322 0.000000 0.000000 0.000000 0.000000 0.000332
0.000314 0.000000 0.000000 0.000000 0.000000 0.000322
0.000327 0.000000 0.000000 0.000000 0.000000 0.000338
0.000307 0.000000 0.000000 0.000000 0.000000 0.000315
0.000336 0.000000 0.000000 0.000000 0.000000 0.000348
0.000295 0.000000 0.000000 0.000000 0.000000 0.000302
0.000345 0.000000 0.000000 0.000000 0.000000 0.000357
0.000296 0.000000 0.000000 0.000000 0.000000 0.000302
0.000323 0.000000 0.000000 0.000000 0.000000 0.000334
0.000321 0.000000 0.000000 0.000000 0.000000 0.000332
0.000299 0.000000 0.000000 0.000000 0.000000 0.000305
0.000335 0.000000 0.000000 0.000000 0.000000 0.000348
0.000305 0.000000 0.000000 0.000000 0.000000 0.000313
0.000314 0.000000 0.000000 0.000000 0.000000 0.000321
0.000329 0.000000 0.000000 0.000000 0.000000 0.000342
0.000302 0.000000 0.000000 0.000000 0.000000 0.000310
0.000328 0.000000 0.000000 0.000000 0.000000 0.000340
0.000317 0.000000 0.000000 0.000000 0.000000 0.000327
0.000310 0.000000 0.000000 0.000000 0.000000 0.000317
0.000331 0.000000 0.000000 0.000000 0.000000 0.000344
0.000309 0.000000 0.000000 0.000000 0.000000 0.000317
0.000321 0.000000 0.000000 0.000000 0.000000 0.000331
0.000325 0.000000 0.000000 0.000000 0.000000 0.000334
0.000308 0.000000 0.000000 0.000000 0.000000 0.000316
0.000328 0.000000 0.000000 0.000000 0.000000 0.000341
0.000313 0.000000 0.000000 0.000000 0.000000 0.000322
0.000316 0.000000 0.000000 0.000000 0.000000 0.000325
0.000325 0.000000 0.000000 0.000000 0.000000 0.000335
0.000310 0.000000 0.000000 0.000000 0.000000 0.000317
0.000324 0.000000 0.000000 0.000000 0.000000 0.000335
0.000315 0.000000 0.000000 0.000000 0.000000 0.000323
0.000315 0.000000 0.000000 0.000000 0.000000 0.000324
0.000323 0.000000 0.000000 0.000000 0.000000 0.000333
0.000311 0.000000 0.000000 0.000000 0.000000 0.000319
0.000322 0.000000 0.000000 0.000000 0.000000 0.000332
0.000316 0.000000 0.000000 0.000000 0.000000 0.000325
0.000316 0.000000 0.000000 0.000000 0.000000 0.000325
0.000322 0.000000 0.000000 0.000000 0.000000 0.000332
0.000311 0.000000 0.000000 0.000000 0.000000 0.000319
0.000326 0.000000 0.000000 0.000000 0.000000 0.000337
0.000310 0.000000 0.000000 0.000000 0.000000 0.000318
0.000323 0.000000 0.000000 0.000000 0.000000 0.000333
0.000314 0.000000 0.000000 0.000000 0.000000 0.000323
0.000314 0.000000 0.000000 0.000000 0.000000 0.000323
0.000321 0.000000 0.000000 0.000000 0.000000 0.000330
0.000310 0.000000 0.000000 0.000000 0.000000 0.000318
0.000321 0.000000 0.000000 0.000000 0.000000 0.000329
0.000313 0.000000 0.000000 0.000000 0.000000 0.000321
0.000315 0.000000 0.000000 0.000000 0.000000 0.000323
0.000319 0.000000 0.000000 0.000000 0.000000 0.000328
0.000312 0.000000 0.000000 0.000000 0.000000 0.000320
0.000321 0.000000 0.000000 0.000000 0.000000 0.000331
0.000313 0.000000 0.000000 0.000000 0.000000 0.000322
0.000318 0.000000 0.000000 0.000000 0.000000 0.000327
0.000317 0.000000 0.000000 0.000000 0.000000 0.000325
0.000315 0.000000 0.000000 0.000000 0.000000 0.000323
0.000320 0.000000 0.000000 0.000000 0.000000 0.000328
0.000313 0.000000 0.000000 0.000000 0.000000 0.000321
0.000321 0.000000 0.000000 0.000000 0.000000 0.000329
0.000313 0.000000 0.000000 0.000000 0.000000 0.000321
0.000320 0.000000 0.000000 0.000000 0.000000 0.000328
0.000314 0.000000 0.000000 0.000000 0.000000 0.000322
0.000318 0.000000 0.000000 0.000000 0.000000 0.000327
0.000314 0.000000 0.000000 0.000000 0.000000 0.000322
0.000317 0.000000 0.000000 0.000000 0.000000 0.000326
0.000315 0.000000 0.000000 0.000000 0.000000 0.000323
0.000316 0.000000 0.000000 0.000000 0.000000 0.000324
0.000315 0.000000 0.000000 0.000000 0.000000 0.000324
0.000315 0.000000 0.000000 0.000000 0.000000 0.000323
0.000316 0.000000 0.000000 0.000000 0.000000 0.000324
0.000314 0.000000 0.000000 0.000000 0.000000 0.000322
0.000317 0.000000 0.000000 0.000000 0.000000 0.000326
0.000313 0.000000 0.000000 0.000000 0.000000 0.000321
0.000319 0.000000 0.000000 0.000000 0.000000 0.000328
0.000310 0.000000 0.000000 0.000000 0.000000 0.000318
0.000322 0.000000 0.000000 0.000000 0.000000 0.000330
0.000307 0.000000 0.000000 0.000000 0.000000 0.000315
0.000324 0.000000 0.000000 0.000000 0.000000 0.000332
0.000306 0.000000 0.000000 0.000000 0.000000 0.000314
0.000322 0.000000 0.000000 0.000000 0.000000 0.000331
0.000309 0.000000 0.000000 0.000000 0.000000 0.000317
0.000318 0.000000 0.000000 0.000000 0.000000 0.000326
0.000313 0.000000 0.000000 0.000000 0.000000 0.000321
0.000314 0.000000 0.000000 0.000000 0.000000 0.000322
0.000317 0.000000 0.000000 0.000000 0.000000 0.000325
0.000312 0.000000 0.000000 0.000000 0.000000 0.000319
0.000320 0.000000 0.000000 0.000000 0.000000 0.000329
0.000309 0.000000 0.000000 0.000000 0.000000 0.000317
0.000322 0.000000 0.000000 0.000000 0.000000 0.000330
0.000307 0.000000 0.000000 0.000000 0.000000 0.000315
0.000323 0.000000 0.000000 0.000000 0.000000 0.000332
0.000305 0.000000 0.000000 0.000000 0.000000 0.000313
0.000325 0.000000 0.000000 0.000000 0.000000 0.000334
0.000304 0.000000 0.000000 0.000000 0.000000 0.000312
0.000323 0.000000 0.000000 0.000000 0.000000 0.000332
0.000305 0.000000 0.000000 0.000000 0.000000 0.000313
0.000319 0.000000 0.000000 0.000000 0.000000 0.000328
0.000309 0.000000 0.000000 0.000000 0.000000 0.000316
0.000314 0.000000 0.000000 0.000000 0.000000 0.000322
0.000314 0.000000 0.000000 0.000000 0.000000 0.000321
0.000310 0.000000 0.000000 0.000000 0.000000 0.000318
0.000318 0.000000 0.000000 0.000000 0.000000 0.000326
0.000306 0.000000 0.000000 0.000000 0.000000 0.000313
0.000324 0.000000 0.000000 0.000000 0.000000 0.000334
0.000300 0.000000 0.000000 0.000000 0.000000 0.000306
0.000332 0.000000 0.000000 0.000000 0.000000 0.000344
0.000296 0.000000 0.000000 0.000000 0.000000 0.000300
0.000334 0.000000 0.000000 0.000000 0.000000 0.000346
0.000299 0.000000 0.000000 0.000000 0.000000 0.000305
0.000320 0.000000 0.000000 0.000000 0.000000 0.000328
0.000314 0.000000 0.000000 0.000000 0.000000 0.000321
0.000304 0.000000 0.000000 0.000000 0.000000 0.000310
0.000326 0.000000 0.000000 0.000000 0.000000 0.000335
0.000299 0.000000 0.000000 0.000000 0.000000 0.000305
0.000322 0.000000 0.000000 0.000000 0.000000 0.000332
0.000308 0.000000 0.000000 0.000000 0.000000 0.000315
0.000311 0.000000 0.000000 0.000000 0.000000 0.000318
0.000321 0.000000 0.000000 0.000000 0.000000 0.000329
0.000303 0.000000 0.000000 0.000000 0.000000 0.000309
0.000323 0.000000 0.000000 0.000000 0.000000 0.000333
0.000307 0.000000 0.000000 0.000000 0.000000 0.000314
0.000317 0.000000 0.000000 0.000000 0.000000 0.000323
0.000316 0.000000 0.000000 0.000000 0.000000 0.000323
0.000307 0.000000 0.000000 0.000000 0.000000 0.000315
0.000321 0.000000 0.000000 0.000000 0.000000 0.000330
0.000306 0.000000 0.000000 0.000000 0.000000 0.000312
0.000319 0.000000 0.000000 0.000000 0.000000 0.000327
0.000311 0.000000 0.000000 0.000000 0.000000 0.000319
0.000313 0.000000 0.000000 0.000000 0.000000 0.000320
0.000317 0.000000 0.000000 0.000000 0.000000 0.000324
0.000308 0.000000 0.000000 0.000000 0.000000 0.000315
0.000319 0.000000 0.000000 0.000000 0.000000 0.000327
0.000307 0.000000 0.000000 0.000000 0.000000 0.000314
0.000318 0.000000 0.000000 0.000000 0.000000 0.000325
0.000311 0.000000 0.000000 0.000000 0.000000 0.000318
0.000313 0.000000 0.000000 0.000000 0.000000 0.000320
0.000315 0.000000 0.000000 0.000000 0.000000 0.000322
0.000310 0.000000 0.000000 0.000000 0.000000 0.000317
0.000317 0.000000 0.000000 0.000000 0.000000 0.000325
0.000309 0.000000 0.000000 0.000000 0.000000 0.000315
0.000317 0.000000 0.000000 0.000000 0.000000 0.000325
0.000309 0.000000 0.000000 0.000000 0.000000 0.000316
0.000316 0.000000 0.000000 0.000000 0.000000 0.000324
0.000310 0.000000 0.000000 0.000000 0.000000 0.000317
0.000314 0.000000 0.000000 0.000000 0.000000 0.000322
0.000311 0.000000 0.000000 0.000000 0.000000 0.000318
0.000313 0.000000 0.000000 0.000000 0.000000 0.000321
0.000312 0.000000 0.000000 0.000000 0.000000 0.000319
0.000313 0.000000 0.000000 0.000000 0.000000 0.000320
0.000312 0.000000 0.000000 0.000000 0.000000 0.000320
0.000312 0.000000 0.000000 0.000000 0.000000 0.000320
0.000313 0.000000 0.000000 0.000000 0.000000 0.000320
0.000312 0.000000 0.000000 0.000000 0.000000 0.000319
0.000313 0.000000 0.000000 0.000000 0.000000 0.000321
0.000311 0.000000 0.000000 0.000000 0.000000 0.000319
0.000314 0.000000 0.000000 0.000000 0.000000 0.000321
0.000310 0.000000 0.000000 0.000000 0.000000 0.000318
0.000314 0.000000 0.000000 0.000000 0.000000 0.000322
0.000310 0.000000 0.000000 0.000000 0.000000 0.000316
0.000315 0.000000 0.000000 0.000000 0.000000 0.000323
0.000308 0.000000 0.000000 0.000000 0.000000 0.000315
0.000317 0.000000 0.000000 0.000000 0.000000 0.000324
0.000306 0.000000 0.000000 0.000000 0.000000 0.000311
0.000319 0.000000 0.000000 0.000000 0.000000 0.000328
0.000302 0.000000 0.000000 0.000000 0.000000 0.000308
0.000325 0.000000 0.000000 0.000000 0.000000 0.000332
0.000299 0.000000 0.000000 0.000000 0.000000 0.000303
0.000330 0.000000 0.000000 0.000000 0.000000 0.000338
0.000295 0.000000 0.000000 0.000000 0.000000 0.000298
0.000331 0.000000 0.000000 0.000000 0.000000 0.000340
0.000297 0.000000 0.000000 0.000000 0.000000 0.000300
0.000322 0.000000 0.000000 0.000000 0.000000 0.000330
0.000306 0.000000 0.000000 0.000000 0.000000 0.000311
0.000308 0.000000 0.000000 0.000000 0.000000 0.000313
0.000318 0.000000 0.000000 0.000000 0.000000 0.000326
0.000299 0.000000 0.000000 0.000000 0.000000 0.000304
0.000326 0.000000 0.000000 0.000000 0.000000 0.000333
0.000299 0.000000 0.000000 0.000000 0.000000 0.000305
0.000318 0.000000 0.000000 0.000000 0.000000 0.000326
0.000309 0.000000 0.000000 0.000000 0.000000 0.000315
0.000309 0.000000 0.000000 0.000000 0.000000 0.000314
0.000319 0.000000 0.000000 0.000000 0.000000 0.000327
0.000303 0.000000 0.000000 0.000000 0.000000 0.000307
0.000322 0.000000 0.000000 0.000000 0.000000 0.000330
0.000304 0.000000 0.000000 0.000000 0.000000 0.000309
0.000316 0.000000 0.000000 0.000000 0.000000 0.000324
0.000310 0.000000 0.000000 0.000000 0.000000 0.000316
0.000309 0.000000 0.000000 0.000000 0.000000 0.000314
0.000316 0.000000 0.000000 0.000000 0.000000 0.000325
0.000304 0.000000 0.000000 0.000000 0.000000 0.000310
0.000318 0.000000 0.000000 0.000000 0.000000 0.000326
0.000305 0.000000 0.000000 0.000000 0.000000 0.000311
0.000314 0.000000 0.000000 0.000000 0.000000 0.000323
0.000309 0.000000 0.000000 0.000000 0.000000 0.000315
0.000310 0.000000 0.000000 0.000000 0.000000 0.000315
0.000313 0.000000 0.000000 0.000000 0.000000 0.000321
0.000307 0.000000 0.000000 0.000000 0.000000 0.000312
0.000316 0.000000 0.000000 0.000000 0.000000 0.000325
0.000305 0.000000 0.000000 0.000000 0.000000 0.000310
0.000316 0.000000 0.000000 0.000000 0.000000 0.000325
0.000306 0.000000 0.000000 0.000000 0.000000 0.000311
0.000314 0.000000 0.000000 0.000000 0.000000 0.000322
0.000309 0.000000 0.000000 0.000000 0.000000 0.000313
0.000311 0.000000 0.000000 0.000000 0.000000 0.000317
0.000311 0.000000 0.000000 0.000000 0.000000 0.000317
0.000309 0.000000 0.000000 0.000000 0.000000 0.000313
0.000313 0.000000 0.000000 0.000000 0.000000 0.000320
0.000307 0.000000 0.000000 0.000000 0.000000 0.000311
0.000314 0.000000 0.000000 0.000000 0.000000 0.000322
0.000306 0.000000 0.000000 0.000000 0.000000 0.000311
0.000315 0.000000 0.000000 0.000000 0.000000 0.000323
0.000306 0.000000 0.000000 0.000000 0.000000 0.000311
0.000315 0.000000 0.000000 0.000000 0.000000 0.000323
0.000306 0.000000 0.000000 0.000000 0.000000 0.000311
0.000314 0.000000 0.000000 0.000000 0.000000 0.000322
0.000307 0.000000 0.000000 0.000000 0.000000 0.000312
0.000314 0.000000 0.000000 0.000000 0.000000 0.000321
0.000308 0.000000 0.000000 0.000000 0.000000 0.000312
0.000313 0.000000 0.000000 0.000000 0.000000 0.000320
0.000308 0.000000 0.000000 0.000000 0.000000 0.000312
0.000313 0.000000 0.000000 0.000000 0.000000 0.000319
0.000307 0.000000 0.000000 0.000000 0.000000 0.000312
0.000313 0.000000 0.000000 0.000000 0.000000 0.000319
0.000306 0.000000 0.000000 0.000000 0.000000 0.000311
0.000315 0.000000 0.000000 0.000000 0.000000 0.000322
0.000303 0.000000 0.000000 0.000000 0.000000 0.000308
0.000318 0.000000 0.000000 0.000000 0.000000 0.000326
0.000300 0.000000 0.000000 0.000000 0.000000 0.000304
0.000323 0.000000 0.000000 0.000000 0.000000 0.000331
0.000296 0.000000 0.000000 0.000000 0.000000 0.000300
0.000329 0.000000 0.000000 0.000000 0.000000 0.000337
0.000293 0.000000 0.000000 0.000000 0.000000 0.000296
0.000329 0.000000 0.000000 0.000000 0.000000 0.000337
0.000296 0.000000 0.000000 0.000000 0.000000 0.000299
0.000318 0.000000 0.000000 0.000000 0.000000 0.000325
0.000305 0.000000 0.000000 0.000000 0.000000 0.000311
0.000305 0.000000 0.000000 0.000000 0.000000 0.000310
0.000317 0.000000 0.000000 0.000000 0.000000 0.000325
0.000298 0.000000 0.000000 0.000000 0.000000 0.000302
0.000322 0.000000 0.000000 0.000000 0.000000 0.000330
0.000300 0.000000 0.000000 0.000000 0.000000 0.000303
0.000316 0.000000 0.000000 0.000000 0.000000 0.000323
0.000308 0.000000 0.000000 0.000000 0.000000 0.000312
0.000306 0.000000 0.000000 0.000000 0.000000 0.000311
0.000316 0.000000 0.000000 0.000000 0.000000 0.000323
0.000302 0.000000 0.000000 0.000000 0.000000 0.000305
0.000319 0.000000 0.000000 0.000000 0.000000 0.000326
0.000303 0.000000 0.000000 0.000000 0.000000 0.000307
0.000315 0.000000 0.000000 0.000000 0.000000 0.000320
0.000307 0.000000 0.000000 0.000000 0.000000 0.000312
0.000308 0.000000 0.000000 0.000000 0.000000 0.000312
0.000314 0.000000 0.000000 0.000000 0.000000 0.000319
0.000304 0.000000 0.000000 0.000000 0.000000 0.000308
0.000316 0.000000 0.000000 0.000000 0.000000 0.000322
0.000303 0.000000 0.000000 0.000000 0.000000 0.000308
0.000315 0.000000 0.000000 0.000000 0.000000 0.000321
0.000305 0.000000 0.000000 0.000000 0.000000 0.000310
0.000312 0.000000 0.000000 0.000000 0.000000 0.000317
0.000309 0.000000 0.000000 0.000000 0.000000 0.000314
0.000307 0.000000 0.000000 0.000000 0.000000 0.000311
0.000314 0.000000 0.000000 0.000000 0.000000 0.000319
0.000305 0.000000 0.000000 0.000000 0.000000 0.000309
0.000315 0.000000 0.000000 0.000000 0.000000 0.000320
0.000304 0.000000 0.000000 0.000000 0.000000 0.000309
0.000315 0.000000 0.000000 0.000000 0.000000 0.000320
0.000305 0.000000 0.000000 0.000000 0.000000 0.000310
0.000314 0.000000 0.000000 0.000000 0.000000 0.000319
0.000306 0.000000 0.000000 0.000000 0.000000 0.000311
0.000311 0.000000 0.000000 0.000000 0.000000 0.000316
0.000309 0.000000 0.000000 0.000000 0.000000 0.000313
0.000309 0.000000 0.000000 0.000000 0.000000 0.000313
0.000310 0.000000 0.000000 0.000000 0.000000 0.000315
0.000307 0.000000 0.000000 0.000000 0.000000 0.000311
0.000312 0.000000 0.000000 0.000000 0.000000 0.000317
0.000306 0.000000 0.000000 0.000000 0.000000 0.000310
0.000313 0.000000 0.000000 0.000000 0.000000 0.000318
0.000304 0.000000 0.000000 0.000000 0.000000 0.000309
0.000314 0.000000 0.000000 0.000000 0.000000 0.000320
0.000304 0.000000 0.000000 0.000000 0.000000 0.000308
0.000315 0.000000 0.000000 0.000000 0.000000 0.000320
0.000303 0.000000 0.000000 0.000000 0.000000 0.000307
0.000316 0.000000 0.000000 0.000000 0.000000 0.000322
0.000301 0.000000 0.000000 0.000000 0.000000 0.000305
0.000318 0.000000 0.000000 0.000000 0.000000 0.000325
0.000298 0.000000 0.000000 0.000000 0.000000 0.000302
0.000321 0.000000 0.000000 0.000000 0.000000 0.000327
0.000295 0.000000 0.000000 0.000000 0.000000 0.000298
0.000323 0.000000 0.000000 0.000000 0.000000 0.000330
0.000294 0.000000 0.000000 0.000000 0.000000 0.000296
0.000322 0.000000 0.000000 0.000000 0.000000 0.000328
0.000297 0.000000 0.000000 0.000000 0.000000 0.000300
0.000315 0.000000 0.000000 0.000000 0.000000 0.000321
0.000304 0.000000 0.000000 0.000000 0.000000 0.000308
0.000306 0.000000 0.000000 0.000000 0.000000 0.000310
0.000313 0.000000 0.000000 0.000000 0.000000 0.000318
0.000300 0.000000 0.000000 0.000000 0.000000 0.000304
0.000318 0.000000 0.000000 0.000000 0.000000 0.000324
0.000298 0.000000 0.000000 0.000000 0.000000 0.000302
0.000319 0.000000 0.000000 0.000000 0.000000 0.000326
0.000300 0.000000 0.000000 0.000000 0.000000 0.000304
0.000316 0.000000 0.000000 0.000000 0.000000 0.000322
0.000305 0.000000 0.000000 0.000000 0.000000 0.000308
0.000310 0.000000 0.000000 0.000000 0.000000 0.000314
0.000310 0.000000 0.000000 0.000000 0.000000 0.000314
0.000304 0.000000 0.000000 0.000000 0.000000 0.000308
0.000314 0.000000 0.000000 0.000000 0.000000 0.000319
0.000302 0.000000 0.000000 0.000000 0.000000 0.000305
0.000315 0.000000 0.000000 0.000000 0.000000 0.000321
0.000300 0.000000 0.000000 0.000000 0.000000 0.000305
0.000315 0.000000 0.000000 0.000000 0.000000 0.000320
0.000302 0.000000 0.000000 0.000000 0.000000 0.000306
0.000313 0.000000 0.000000 0.000000 0.000000 0.000318
0.000305 0.000000 0.000000 0.000000 0.000000 0.000308
0.000310 0.000000 0.000000 0.000000 0.000000 0.000314
0.000308 0.000000 0.000000 0.000000 0.000000 0.000312
0.000307 0.000000 0.000000 0.000000 0.000000 0.000311
0.000311 0.000000 0.000000 0.000000 0.000000 0.000314
0.000305 0.000000 0.000000 0.000000 0.000000 0.000308
0.000312 0.000000 0.000000 0.000000 0.000000 0.000317
0.000303 0.000000 0.000000 0.000000 0.000000 0.000307
0.000314 0.000000 0.000000 0.000000 0.000000 0.000319
0.000302 0.000000 0.000000 0.000000 0.000000 0.000306
0.000315 0.000000 0.000000 0.000000 0.000000 0.000321
0.000300 0.000000 0.000000 0.000000 0.000000 0.000304
0.000316 0.000000 0.000000 0.000000 0.000000 0.000323
0.000299 0.000000 0.000000 0.000000 0.000000 0.000302
0.000317 0.000000 0.000000 0.000000 0.000000 0.000324
0.000298 0.000000 0.000000 0.000000 0.000000 0.000301
0.000317 0.000000 0.000000 0.000000 0.000000 0.000324
