0.443980
0.443039
0.442073
0.441090
0.440099
0.439063
0.437967
0.436809
0.435602
0.434357
0.433069
0.431744
0.430393
0.429034
0.427679
0.426333
0.425007
0.423706
0.422427
0.421163
0.419907
0.418649
0.417370
0.416043
0.414645
0.413169
0.411609
0.409959
0.408204
0.406332
0.404328
0.402173
0.399856
0.397372
0.394720
0.391894
0.388889
0.385693
0.382287
0.378673
0.374845
0.370797
0.366530
0.362038
0.357309
0.352336
0.347111
0.341635
0.335913
0.329942
0.323724
0.317252
0.310527
0.303561
0.296364
0.288959
0.281348
0.273551
0.265579
0.257447
0.249174
0.240782
0.232294
0.223739
0.215147
0.206551
0.197990
0.189495
0.181108
0.172852
0.164757
0.156851
0.149171
0.141744
0.134595
0.127742
0.121201
0.114984
0.109102
0.103563
0.098365
0.093508
0.088982
0.084778
0.080885
0.077288
0.073970
0.070917
0.068113
0.065537
0.063175
0.061010
0.059025
0.057208
0.055539
0.054010
0.052603
0.051310
0.050116
0.049013
0.047992
0.047048
0.046172
0.045358
0.044601
0.043896
0.043240
0.042629
0.042058
0.041525
0.041027
0.040559
0.040119
0.039708
0.039322
0.038959
0.038617
0.038294
0.037989
0.037708
0.037481
0.037319
0.037022
0.036706
0.036607
0.036314
0.036135
0.035977
0.035729
0.035630
0.035401
0.035283
0.035117
0.034954
0.034849
0.034670
0.034571
0.034428
0.034301
0.034201
0.034060
0.033968
0.033851
0.033738
0.033650
0.033534
0.033442
0.033349
0.033248
0.033168
0.033075
0.032988
0.032911
0.032823
0.032748
0.032672
0.032592
0.032522
0.032450
0.032376
0.032310
0.032242
0.032173
0.032110
0.032047
0.031982
0.031920
0.031861
0.031800
0.031741
0.031685
0.031628
0.031571
0.031516
0.031463
0.031412
0.031360
0.031310
0.031259
0.031210
0.031162
0.031115
0.031068
0.031022
0.030977
0.030933
0.030889
0.030846
0.030804
0.030763
0.030724
0.030685
0.030648
0.030613
0.030579
0.030549
0.030513
0.030468
0.030418
0.030374
0.030335
0.030302
0.030272
0.030240
0.030203
0.030165
0.030129
0.030095
0.030063
0.030034
0.030006
0.029983
0.029967
0.029956
0.029931
0.029878
0.029818
0.029785
0.029775
0.029759
0.029717
0.029670
0.029636
0.029615
0.029600
0.029585
0.029558
0.029528
0.029486
0.029452
0.029429
0.029414
0.029395
0.029367
0.029332
0.029301
0.029278
0.029259
0.029241
0.029223
0.029196
0.029163
0.029135
0.029115
0.029101
0.029091
0.029089
0.029074
0.029043
0.028995
0.028962
0.028956
0.028949
0.028917
0.028878
0.028857
0.028852
0.028850
0.028842
0.028813
0.028768
0.028735
0.028722
0.028713
0.028693
0.028664
0.028640
0.028626
0.028613
0.028600
0.028583
0.028559
0.028533
0.028511
0.028496
0.028484
0.028471
0.028453
0.028429
0.028405
0.028388
0.028376
0.028364
0.028351
0.028337
0.028318
0.028294
0.028271
0.028251
0.028236
0.028221
0.028208
0.028194
0.028178
0.028161
0.028143
0.028125
0.028109
0.028093
0.028077
0.028060
0.028043
0.028027
0.028011
0.027995
0.027979
0.027964
0.027949
0.027936
0.027924
0.027918
0.027919
0.027929
0.027956
0.027961
0.027903
0.027831
0.027809
0.027837
0.027863
0.027841
0.027779
0.027732
0.027736
0.027752
0.027731
0.027687
0.027660
0.027657
0.027661
0.027654
0.027623
0.027591
0.027581
0.027584
0.027575
0.027551
0.027526
0.027510
0.027503
0.027498
0.027482
0.027462
0.027445
0.027435
0.027427
0.027420
0.027410
0.027397
0.027377
0.027360
0.027347
0.027337
0.027329
0.027319
0.027306
0.027292
0.027278
0.027265
0.027254
0.027244
0.027234
0.027226
0.027216
0.027205
0.027194
0.027182
0.027167
0.027154
0.027141
0.027128
0.027117
0.027105
0.027096
0.027087
0.027078
0.027069
0.027064
0.027059
0.027054
0.027052
0.027055
0.027052
0.027035
0.027003
0.026971
0.026952
0.026946
0.026947
0.026951
0.026955
0.026953
0.026938
0.026910
0.026876
0.026856
0.026854
0.026867
0.026884
0.026890
0.026871
0.026825
0.026787
0.026780
0.026791
0.026803
0.026801
0.026781
0.026746
0.026716
0.026706
0.026710
0.026711
0.026699
0.026677
0.026656
0.026644
0.026642
0.026645
0.026652
0.026664
0.026665
0.026642
0.026602
0.026572
0.026569
0.026581
0.026580
0.026561
0.026533
0.026514
0.026509
0.026509
0.026502
0.026486
0.026469
0.026456
0.026449
0.026446
0.026441
0.026435
0.026424
0.026412
0.026400
0.026390
0.026380
0.026373
0.026366
0.026357
0.026345
0.026332
0.026320
0.026310
0.026300
0.026292
0.026286
0.026280
0.026276
0.026274
0.026271
0.026264
0.026253
0.026238
0.026224
0.026212
0.026200
0.026189
0.026178
0.026169
0.026160
0.026152
0.026145
0.026139
0.026137
0.026145
0.026168
0.026225
0.026327
0.026397
0.026270
0.026107
0.026090
0.026190
0.026214
0.026095
0.026039
0.026097
0.026122
0.026058
0.026004
0.026032
0.026060
0.026025
0.025975
0.025977
0.026003
0.025992
0.025951
0.025933
0.025945
0.025949
0.025930
0.025905
0.025896
0.025900
0.025897
0.025881
0.025864
0.025857
0.025859
0.025865
0.025867
0.025859
0.025837
0.025814
0.025806
0.025810
0.025808
0.025796
0.025779
0.025768
0.025765
0.025763
0.025756
0.025743
0.025732
0.025723
0.025717
0.025713
0.025708
0.025701
0.025692
0.025683
0.025674
0.025666
0.025658
0.025650
0.025642
0.025634
0.025627
0.025620
0.025613
0.025606
0.025600
0.025594
0.025591
0.025591
0.025593
0.025594
0.025593
0.025585
0.025571
0.025551
0.025533
0.025520
0.025512
0.025507
0.025505
0.025503
0.025501
0.025500
0.025499
0.025499
0.025503
0.025507
0.025496
0.025482
0.025462
0.025443
0.025423
0.025409
0.025401
0.025398
0.025401
0.025411
0.025437
0.025474
0.025534
0.025564
0.025560
0.025458
0.025365
0.025331
0.025364
0.025416
0.025415
0.025369
0.025311
0.025295
0.025318
0.025337
0.025327
0.025294
0.025265
0.025257
0.025267
0.025276
0.025267
0.025247
0.025227
0.025218
0.025219
0.025222
0.025220
0.025211
0.025198
0.025184
0.025175
0.025171
0.025169
0.025167
0.025162
0.025156
0.025148
0.025140
0.025132
0.025125
0.025117
0.025110
0.025104
0.025098
0.025092
0.025086
0.025080
0.025074
0.025069
0.025063
0.025058
0.025053
0.025048
0.025043
0.025039
0.025036
0.025034
0.025036
0.025043
0.025055
0.025080
0.025106
0.025152
0.025166
0.025178
0.025111
0.025037
0.024972
0.024959
0.024989
0.025027
0.025046
0.025011
0.024963
0.024927
0.024924
0.024944
0.024959
0.024958
0.024932
0.024904
0.024887
0.024885
0.024893
0.024898
0.024895
0.024881
0.024864
0.024851
0.024845
0.024844
0.024846
0.024847
0.024844
0.024839
0.024828
0.024817
0.024806
0.024798
0.024793
0.024790
0.024788
0.024786
0.024784
0.024780
0.024776
0.024771
0.024765
0.024759
0.024752
0.024746
0.024739
0.024733
0.024728
0.024722
0.024717
0.024713
0.024709
0.024707
0.024708
0.024713
0.024726
0.024741
0.024774
0.024802
0.024853
0.024856
0.024855
0.024775
0.024698
0.024644
0.024643
0.024679
0.024710
0.024720
0.024682
0.024639
0.024609
0.024607
0.024624
0.024638
0.024639
0.024619
0.024594
0.024576
0.024571
0.024575
0.024581
0.024583
0.024578
0.024567
0.024552
0.024540
0.024533
0.024531
0.024531
0.024532
0.024531
0.024527
0.024521
0.024513
0.024504
0.024496
0.024489
0.024483
0.024479
0.024475
0.024472
0.024469
0.024466
0.024464
0.024461
0.024460
0.024458
0.024458
0.024458
0.024461
0.024465
0.024476
0.024484
0.024504
0.024519
0.024544
0.024532
0.024517
0.024467
0.024422
0.024389
0.024380
0.024389
0.024407
0.024425
0.024428
0.024425
0.024402
0.024379
0.024356
0.024342
0.024338
0.024341
0.024348
0.024352
0.024354
0.024349
0.024342
0.024329
0.024318
0.024306
0.024298
0.024292
0.024288
0.024286
0.024285
0.024285
0.024285
0.024287
0.024287
0.024290
0.024291
0.024295
0.024297
0.024302
0.024301
