1.661230
4.745624
1.703597
1.598354
1.530719
1.538781
1.394822
1.301972
1.260203
1.208750
1.210363
1.216368
1.181361
1.154684
1.157827
1.183486
1.130240
1.183493
1.202325
1.244714
1.209903
1.163128
1.158591
1.179462
1.119050
1.116484
1.130777
1.115982
1.095793
1.119235
1.079694
1.094419
1.091668
1.070173
1.072632
1.056820
1.049690
1.049169
1.033081
1.035121
1.040911
1.018570
1.077924
1.122970
1.167497
1.070604
1.066629
1.005316
1.022946
1.023212
1.002124
1.032073
1.001279
1.017936
1.003194
0.989299
1.006575
0.988442
1.005010
0.969962
1.016346
1.007917
1.048267
0.976817
1.064709
0.993173
1.061722
1.013406
0.963620
1.056015
0.962834
1.032683
1.018064
0.944576
1.044116
0.941208
0.991484
0.989276
0.941741
0.976900
0.933988
0.940705
0.950684
0.912778
0.953775
0.920352
0.937714
0.892339
0.935475
0.955782
0.941713
0.935208
0.878616
0.896948
0.874010
0.874099
0.883829
0.859264
0.902494
0.943430
0.879096
1.045464
1.038632
1.113435
0.935984
0.978661
0.983000
0.913538
0.974426
0.986325
0.937989
0.910996
0.970798
0.903644
0.926980
0.939560
0.916136
0.888959
0.919534
0.873949
0.888973
0.883757
0.857410
0.880801
0.851618
0.868085
0.840643
0.867796
0.852206
0.849038
0.878287
0.877010
0.844167
0.926988
0.939544
0.949516
0.838666
0.969946
0.934675
1.036408
0.927308
0.857436
1.014120
0.864109
0.945313
0.972270
0.932689
0.879046
0.910441
0.929918
0.871274
0.900600
0.913410
0.885818
0.859053
0.893763
0.858548
0.856958
0.868926
0.847828
0.840717
0.850059
0.830698
0.845916
0.825532
0.842767
0.818550
0.831597
0.816815
0.835764
0.823264
0.823113
0.827770
0.813536
0.820562
0.813536
0.814162
0.817871
0.810338
0.817218
0.816508
0.810199
0.818785
0.815373
0.810048
0.819780
0.814435
0.809658
0.819710
0.813427
0.809075
0.818843
0.811652
0.808719
0.816634
0.809265
0.807992
0.813694
0.807276
0.806501
0.810964
0.806324
0.804791
0.809163
0.806277
0.803181
0.807900
0.807213
0.801928
0.806690
0.808819
0.801322
0.805241
0.810139
0.801395
0.802966
0.809254
0.802129
0.800127
0.804623
0.802879
0.799569
0.799334
0.801429
0.802168
0.799191
0.798075
0.799410
0.800231
0.799999
0.798118
0.797177
0.797453
0.798263
0.799114
0.798756
0.798390
0.797385
0.796677
0.796128
0.795829
0.795718
0.795755
0.795969
0.796397
0.797544
0.799341
0.804579
0.809138
0.824005
0.815795
0.813294
0.797796
0.797009
0.806536
0.803811
0.798168
0.794946
0.798763
0.803490
0.798069
0.794366
0.795561
0.798083
0.798974
0.795336
0.793463
0.794136
0.795804
0.797942
0.797892
0.798532
0.796666
0.796173
0.794982
0.794035
0.793204
0.792561
0.792201
0.791878
0.791657
0.791617
0.791662
0.792183
0.793925
0.799502
0.811711
0.854882
0.834332
0.828951
0.795132
0.820157
0.849023
0.797896
0.866725
0.893716
0.839203
0.888083
0.813297
0.849082
0.814318
0.844055
0.810583
0.828895
0.816136
0.823677
0.807725
0.815026
0.808908
0.815903
0.802827
0.810185
0.802465
0.805570
0.804368
0.802636
0.804669
0.798133
0.800170
0.799845
0.795765
0.797913
0.797385
0.794537
0.794812
0.795054
0.794024
0.792997
0.793394
0.793984
0.791932
0.792270
0.792186
0.792301
0.791312
0.791159
0.791098
0.791457
0.790990
0.790417
0.790046
0.789963
0.790093
0.789889
0.789728
0.789345
0.788973
0.788846
0.788634
0.788752
0.788602
0.788805
0.788791
0.789035
0.789267
0.789791
0.790524
0.791958
0.792776
0.795337
0.794655
0.795741
0.792526
0.790502
0.788046
0.787195
0.787805
0.789009
0.790687
0.791032
0.791379
0.789947
0.789013
0.787671
0.786940
0.786501
0.786337
0.786442
0.786728
0.787387
0.788667
0.792277
0.796662
0.810771
0.810595
0.819226
0.794519
0.788023
0.799568
0.796882
0.791443
0.788898
0.791848
0.798057
0.791390
0.788938
0.789295
0.792141
0.789557
0.788358
0.786711
0.790495
0.789912
0.792371
0.788574
0.788524
0.786163
0.786524
0.785387
0.786568
0.786473
0.787471
0.788452
0.789760
0.792421
0.793032
0.797384
0.794632
0.795588
0.789033
0.785901
0.784788
0.786402
0.789451
0.790085
0.791595
0.788309
0.786213
0.784518
0.784314
0.785259
0.786852
0.790480
0.793025
0.802426
0.800125
0.806345
0.792307
0.785636
0.784689
0.788781
0.794509
0.790327
0.786326
0.784243
0.785886
0.789580
0.789072
0.788780
0.786000
0.784067
0.783509
0.783939
0.785088
0.787063
0.791916
0.795224
0.808674
0.801894
0.802035
0.787368
0.784849
0.793555
0.793276
0.791447
0.785820
0.785101
0.791493
0.790515
0.787937
0.784937
0.784278
0.789147
0.788900
0.791654
0.787813
0.786261
0.783593
0.783103
0.784121
0.784758
0.787915
0.789014
0.794914
0.791777
0.792263
0.787982
0.784711
0.783503
0.782670
0.784177
0.785757
0.788011
0.789021
0.791765
0.790406
0.791641
0.787293
0.785259
0.782708
0.781946
0.781984
0.782931
0.785054
0.787168
0.794057
0.796253
0.809113
0.796340
0.790864
0.782846
0.783938
0.791081
0.791069
0.790105
0.783607
0.782452
0.785847
0.787484
0.789165
0.785067
0.782494
0.781500
0.782255
0.784378
0.786557
0.792527
0.793245
0.801466
0.791873
0.786607
0.781713
0.783383
0.789721
0.789463
0.789786
0.783974
0.781387
0.783742
0.787495
0.792361
0.788834
0.787875
0.782890
0.780874
0.781706
0.784428
0.789901
0.791289
0.797657
0.789396
0.784360
0.780731
0.782620
0.787188
0.788177
0.790683
0.785470
0.781443
0.781220
0.784131
0.789925
0.791544
0.798038
0.788579
0.783231
0.780344
0.782895
0.788526
0.789283
0.792710
0.785242
0.780795
0.781137
0.784916
0.791695
0.790275
0.791405
0.784037
0.780466
0.781630
0.785660
0.792511
0.789490
0.789650
0.782976
0.780133
0.782212
0.786057
0.792379
0.788631
0.787705
0.781798
0.780087
0.782925
0.786196
0.791843
0.788415
0.787080
0.781562
0.779974
0.782401
0.785848
0.791743
0.788133
0.787139
0.781405
0.779507
0.782050
0.785782
0.791680
0.788509
0.787671
0.781259
0.779543
0.782210
0.785802
0.791915
0.787952
0.785639
0.780357
0.779489
0.782695
0.785661
0.790501
0.786411
0.783534
0.779705
0.779601
0.783008
0.785481
0.790632
0.786387
0.784377
0.780048
0.778984
0.780543
0.783311
0.787321
0.786631
0.787058
0.782334
0.779611
0.778897
0.779380
0.781115
0.781915
0.784567
0.784044
0.785294
0.783988
0.784772
0.782932
0.782931
0.780489
0.779519
0.779257
0.778260
0.778340
0.779546
0.780334
0.782111
0.788502
0.792227
0.810640
0.801077
0.806372
0.796026
0.788818
0.793695
0.792193
0.793805
0.788072
0.788577
0.796861
0.787791
0.784214
0.787043
0.788962
0.786146
0.783828
0.783516
0.787612
0.785448
0.784337
0.781813
0.781847
0.781923
0.782906
0.782404
0.780822
0.780624
0.779840
0.780489
0.781126
0.781191
0.782391
0.781806
0.782569
0.782037
0.782199
0.781398
0.781393
0.780765
0.781604
0.781712
0.782863
0.782764
0.784391
0.783065
0.785258
0.784197
0.785139
0.783451
0.782573
0.779977
0.779927
0.779166
0.778201
0.779151
0.777866
0.778434
0.778675
0.778076
0.779180
0.780181
0.782400
0.790982
0.795459
0.820625
0.800941
0.791318
0.781800
0.787649
0.802546
0.786882
0.781253
0.786780
0.785548
0.781004
0.780494
0.783581
0.787116
0.781025
0.779425
0.781122
0.782880
0.782457
0.779947
0.777768
0.778360
0.779058
0.780680
0.780201
0.779676
0.778869
0.778057
0.777498
0.777527
0.777038
0.777056
0.777281
0.777361
0.778248
0.781625
0.787893
0.813251
0.814584
0.837116
0.803692
0.793386
0.788984
0.792310
0.789840
0.787101
0.789815
0.786735
0.786661
0.783896
0.786584
0.783873
0.783443
0.783929
0.782441
0.783127
0.782501
0.781404
0.780621
0.780802
0.779771
0.780304
0.779772
0.779304
0.779235
0.779319
0.778560
0.778854
0.778467
0.778268
0.778415
0.778103
0.778402
0.778958
0.779620
0.782815
0.786666
0.802191
0.798881
0.802023
0.781597
0.781297
0.793463
0.789043
0.783643
0.778119
0.783185
0.790450
0.782094
0.777514
0.780032
0.783190
0.785912
0.779860
0.776999
0.778839
0.781484
0.784266
0.780293
0.777308
0.776683
0.778114
0.781434
0.782081
0.784193
0.781369
0.780624
0.777883
0.776375
0.776170
0.776203
0.777395
0.778134
0.780344
0.781218
0.786158
0.785255
0.788974
0.784945
0.785512
0.780486
0.776919
0.778172
0.778886
0.784165
0.782043
0.780765
0.778664
0.776616
0.776747
0.776615
0.778041
0.777956
0.779648
0.780063
0.780613
0.779639
0.779225
0.778210
0.777192
0.776795
0.775994
0.776750
0.776578
0.777723
0.780582
0.783231
0.793897
0.794926
0.806507
0.786979
0.779333
0.787562
0.790056
0.796111
0.783139
0.785471
0.796903
0.782344
0.778965
0.781311
0.782417
0.783319
0.777283
0.778396
0.782064
0.780342
0.777970
0.775935
0.776314
0.777774
0.778012
0.777530
0.776140
0.775448
0.774704
0.774693
0.775218
0.776120
0.779135
0.783914
0.803422
0.798938
0.810483
0.790318
0.786256
0.790321
0.790628
0.782993
0.784105
0.780992
0.784569
0.778694
0.785634
0.785198
0.783799
0.777874
0.782269
0.779683
0.782104
0.776810
0.779106
0.778955
0.780889
0.776931
0.776771
0.776228
0.778859
0.779918
0.783274
0.782119
0.784369
0.782161
0.783917
0.780947
0.780014
0.778064
0.777322
0.777746
0.778882
0.776247
0.777668
0.775742
0.776336
0.775203
0.775012
0.775921
0.774148
0.775244
0.774620
0.774257
0.774940
0.774478
0.775876
0.777154
0.783235
0.791637
0.830302
0.815715
0.786845
0.797111
0.795381
0.813562
0.818531
0.832952
0.797881
0.843713
0.852584
0.818608
0.861415
0.808558
0.829972
0.801937
0.833123
0.801683
0.823763
0.793418
0.819890
0.806131
0.811675
0.799433
0.796814
0.803096
0.795354
0.803579
0.787952
0.794066
0.787229
0.786982
0.789987
0.784499
0.791312
0.788101
0.787550
0.784784
0.782173
0.781746
0.783235
0.784425
0.783741
0.781969
0.780914
0.781237
0.782132
0.782467
0.781872
0.780906
0.780408
0.780666
0.781174
0.781235
0.780738
0.780178
0.780013
0.780219
0.780431
0.780369
0.780077
0.779822
0.779787
0.779901
0.779950
0.779825
0.779621
0.779503
0.779517
0.779569
0.779547
0.779436
0.779315
0.779262
0.779272
0.779279
0.779230
0.779141
0.779070
0.779045
0.779041
0.779018
0.778965
0.778904
0.778863
0.778844
0.778824
0.778787
0.778739
0.778698
0.778672
0.778652
0.778624
0.778587
0.778549
0.778519
0.778497
0.778473
0.778444
0.778412
0.778384
0.778360
0.778337
0.778312
0.778284
0.778257
0.778234
0.778211
0.778188
0.778162
0.778137
0.778114
0.778091
0.778069
0.778045
0.778021
0.777997
0.777975
0.777952
0.777929
0.777906
0.777883
0.777861
0.777839
0.777817
0.777795
0.777773
0.777752
0.777731
0.777710
0.777689
0.777668
0.777648
0.777628
0.777608
0.777588
0.777568
0.777549
0.777529
0.777510
0.777491
0.777472
0.777453
0.777434
0.777416
0.777397
0.777378
0.777360
0.777342
0.777324
0.777306
0.777288
0.777270
0.777252
0.777235
0.777217
0.777200
0.777183
0.777166
0.777149
0.777133
0.777116
0.777100
0.777083
0.777067
0.777051
0.777035
0.777019
0.777004
0.776988
0.776973
0.776958
0.776942
0.776928
0.776913
0.776898
0.776884
0.776870
0.776855
0.776841
0.776828
0.776814
0.776800
0.776787
0.776774
0.776760
0.776748
0.776735
0.776722
0.776709
0.776697
0.776684
0.776672
0.776660
0.776647
0.776635
0.776623
0.776611
0.776600
0.776588
0.776576
0.776564
0.776553
0.776541
0.776530
0.776518
0.776507
0.776496
0.776484
0.776473
0.776462
0.776451
0.776440
0.776429
0.776418
0.776407
0.776396
0.776386
0.776375
0.776364
0.776354
0.776343
0.776332
0.776322
0.776311
0.776300
0.776290
0.776279
0.776269
0.776258
0.776248
0.776237
0.776227
0.776216
0.776206
0.776196
0.776186
0.776175
0.776165
0.776155
0.776145
0.776135
0.776125
0.776115
0.776105
0.776095
0.776085
0.776075
0.776065
0.776055
0.776045
0.776035
0.776025
0.776016
0.776006
0.775996
0.775986
0.775977
0.775967
0.775957
0.775948
0.775938
0.775928
0.775919
0.775909
0.775900
0.775890
0.775880
0.775871
0.775861
0.775851
0.775842
0.775832
0.775823
0.775813
0.775804
0.775794
0.775784
0.775775
0.775765
0.775755
0.775745
0.775736
0.775726
0.775716
0.775706
0.775697
0.775687
0.775677
0.775667
0.775657
0.775647
0.775638
0.775628
0.775619
0.775609
0.775600
0.775591
0.775582
0.775573
0.775563
0.775554
0.775545
0.775536
0.775526
0.775517
0.775508
0.775499
0.775489
0.775480
0.775471
0.775462
0.775452
0.775443
0.775433
0.775424
0.775414
0.775405
0.775395
0.775385
0.775376
0.775366
0.775356
0.775346
0.775337
0.775327
0.775317
0.775307
0.775297
0.775287
0.775277
0.775268
0.775258
0.775248
0.775239
0.775230
0.775220
0.775211
0.775201
0.775192
0.775183
0.775173
0.775164
0.775155
0.775146
0.775137
0.775128
0.775119
0.775110
0.775101
0.775093
0.775084
0.775075
0.775067
0.775058
0.775049
0.775041
0.775032
0.775023
0.775015
0.775006
0.774997
0.774989
0.774980
0.774971
0.774962
0.774954
0.774945
0.774936
0.774928
0.774919
0.774910
0.774902
0.774893
0.774885
0.774876
0.774868
0.774859
0.774850
0.774842
0.774833
0.774825
0.774816
0.774808
0.774799
0.774791
0.774782
0.774774
0.774765
0.774756
0.774748
0.774739
0.774731
0.774722
0.774714
0.774705
0.774697
0.774688
0.774680
0.774671
0.774662
0.774654
0.774645
0.774636
0.774628
0.774619
0.774610
0.774602
0.774593
0.774584
0.774576
0.774567
0.774558
0.774550
0.774541
0.774533
0.774524
0.774515
0.774506
0.774498
0.774489
0.774480
0.774472
0.774463
0.774455
0.774446
0.774438
0.774429
0.774421
0.774413
0.774404
0.774396
0.774388
0.774379
0.774371
0.774362
0.774354
0.774345
0.774337
0.774328
0.774320
0.774311
0.774303
0.774294
0.774286
0.774278
0.774269
0.774261
0.774252
0.774244
0.774236
0.774228
0.774220
0.774212
0.774204
0.774196
0.774188
0.774180
0.774173
0.774165
0.774158
0.774150
0.774143
0.774136
0.774128
0.774121
0.774114
0.774107
0.774099
0.774092
0.774085
0.774078
0.774071
0.774064
0.774057
0.774050
0.774043
0.774036
0.774030
0.774023
0.774016
0.774009
0.774002
0.773995
0.773989
0.773982
0.773975
0.773968
0.773962
0.773955
0.773948
0.773942
0.773935
0.773929
0.773922
0.773915
0.773909
0.773902
0.773896
0.773889
0.773882
0.773876
0.773870
0.773863
0.773857
0.773850
0.773844
0.773837
0.773831
0.773824
0.773818
0.773812
0.773805
0.773799
0.773793
0.773786
0.773780
0.773774
0.773767
0.773761
0.773755
0.773749
0.773742
0.773736
0.773730
0.773724
0.773718
0.773712
0.773706
0.773699
0.773693
0.773687
0.773681
0.773675
0.773669
0.773663
0.773657
0.773651
0.773645
0.773639
0.773633
0.773627
0.773621
0.773615
0.773609
0.773603
0.773597
0.773591
0.773585
0.773579
0.773573
0.773567
0.773561
0.773555
0.773550
0.773544
0.773538
0.773532
0.773526
0.773520
0.773515
0.773509
0.773503
0.773497
0.773491
0.773485
0.773480
0.773474
0.773468
0.773462
0.773456
0.773451
0.773445
0.773439
0.773434
0.773428
0.773422
0.773416
0.773410
0.773405
0.773399
0.773393
0.773387
0.773382
0.773376
0.773370
0.773364
0.773359
0.773353
0.773348
0.773342
0.773336
0.773331
0.773325
0.773319
0.773314
0.773308
0.773303
0.773297
0.773292
0.773286
0.773281
0.773275
0.773270
0.773264
0.773259
0.773254
0.773248
0.773243
0.773238
0.773232
0.773227
0.773222
0.773216
0.773211
0.773206
0.773201
0.773196
0.773190
0.773185
0.773180
0.773175
0.773170
0.773164
0.773159
0.773154
0.773149
0.773144
0.773138
0.773133
0.773128
0.773123
0.773118
0.773112
0.773107
0.773102
0.773097
0.773091
0.773086
0.773081
0.773075
0.773070
0.773065
0.773060
0.773054
0.773049
0.773044
0.773039
0.773033
0.773028
0.773023
0.773018
0.773012
0.773007
0.773002
0.772997
0.772992
0.772986
0.772981
0.772976
0.772971
0.772966
0.772960
0.772955
0.772950
0.772945
0.772940
0.772935
0.772929
0.772924
0.772919
0.772914
0.772909
0.772904
0.772899
0.772893
0.772888
0.772883
0.772878
0.772873
0.772868
0.772863
0.772857
0.772852
0.772847
0.772842
0.772837
0.772832
0.772827
0.772822
0.772817
0.772811
0.772806
0.772801
0.772796
0.772791
0.772786
0.772781
0.772776
0.772771
0.772766
0.772761
0.772756
0.772750
0.772745
0.772740
0.772735
0.772730
0.772725
0.772720
0.772715
0.772710
0.772705
0.772700
0.772695
0.772690
0.772685
0.772680
0.772675
0.772670
0.772665
0.772659
0.772654
0.772649
0.772644
0.772639
0.772634
0.772629
0.772624
0.772619
0.772614
0.772609
0.772604
0.772599
0.772593
0.772588
0.772583
0.772578
0.772573
0.772568
0.772563
0.772558
0.772553
0.772548
0.772543
0.772538
0.772532
0.772527
0.772522
0.772517
0.772512
0.772507
0.772502
0.772497
0.772492
0.772487
0.772482
0.772477
0.772472
0.772466
0.772461
0.772456
0.772451
0.772446
0.772441
0.772436
0.772431
0.772426
0.772421
0.772416
0.772410
0.772405
0.772400
0.772395
0.772390
0.772385
0.772380
0.772375
0.772370
0.772365
0.772359
0.772354
0.772349
0.772344
0.772339
0.772334
0.772329
0.772324
0.772318
0.772313
0.772308
0.772303
0.772298
0.772293
0.772288
0.772283
0.772278
0.772273
0.772267
0.772262
0.772257
0.772252
0.772247
0.772242
0.772236
0.772231
0.772226
0.772221
0.772216
0.772210
0.772205
0.772200
0.772195
0.772190
0.772185
0.772179
0.772174
0.772169
0.772164
0.772159
0.772154
0.772148
0.772143
0.772138
0.772133
0.772128
0.772123
0.772118
0.772112
0.772107
0.772102
0.772097
0.772092
0.772087
0.772081
0.772076
0.772071
0.772066
0.772061
0.772056
0.772050
0.772045
0.772040
0.772035
0.772030
0.772024
0.772019
0.772014
0.772009
0.772003
0.771998
0.771993
0.771988
0.771983
0.771978
0.771972
0.771967
0.771962
0.771957
0.771952
0.771946
0.771941
0.771936
0.771931
0.771926
0.771921
0.771915
0.771910
0.771905
0.771900
0.771895
0.771889
0.771884
0.771879
0.771874
0.771869
0.771863
0.771858
0.771853
0.771848
0.771842
0.771837
0.771832
0.771827
0.771822
0.771816
0.771811
0.771806
0.771801
0.771796
0.771791
0.771785
0.771780
0.771775
0.771770
0.771765
0.771759
0.771754
0.771749
0.771744
0.771738
0.771733
0.771728
0.771723
0.771718
0.771712
0.771707
0.771702
0.771697
0.771691
0.771686
0.771681
0.771676
0.771670
0.771665
0.771660
0.771654
0.771649
0.771644
0.771639
0.771633
0.771628
0.771623
0.771618
0.771612
0.771607
0.771602
0.771596
0.771591
0.771586
0.771580
0.771575
0.771570
0.771565
0.771559
0.771554
0.771548
0.771543
0.771537
0.771532
0.771526
0.771521
0.771515
0.771510
0.771504
0.771499
0.771493
0.771487
0.771481
0.771476
0.771470
0.771465
0.771459
0.771453
0.771448
0.771442
0.771437
0.771431
0.771426
0.771420
0.771414
0.771409
0.771403
0.771398
0.771392
0.771387
0.771381
0.771376
0.771370
0.771365
0.771359
0.771354
0.771348
0.771343
0.771337
0.771332
0.771326
0.771321
0.771315
0.771310
0.771304
0.771299
0.771294
0.771288
0.771283
0.771277
0.771272
0.771266
0.771261
0.771255
0.771250
0.771244
0.771239
0.771233
0.771228
0.771222
0.771217
0.771212
0.771206
0.771201
0.771195
0.771190
0.771184
0.771178
0.771173
0.771168
0.771162
0.771157
0.771151
0.771146
0.771140
0.771135
0.771129
0.771124
0.771118
0.771113
0.771107
0.771101
0.771096
0.771090
0.771085
0.771079
0.771074
0.771068
0.771063
0.771057
0.771051
0.771046
0.771040
0.771035
0.771029
0.771024
0.771018
0.771012
0.771007
0.771001
0.770995
0.770990
0.770984
0.770979
0.770973
0.770967
0.770962
0.770956
0.770951
0.770945
0.770940
0.770934
0.770929
0.770923
0.770918
0.770912
0.770906
0.770901
0.770895
0.770890
0.770884
0.770878
0.770873
0.770867
0.770861
0.770856
0.770850
0.770845
0.770839
0.770833
0.770828
0.770822
0.770816
0.770811
0.770805
0.770799
0.770794
0.770788
0.770782
0.770777
0.770771
0.770765
0.770760
0.770754
0.770748
0.770743
0.770737
0.770731
0.770725
0.770720
0.770714
0.770708
0.770702
0.770697
0.770691
0.770685
0.770679
0.770673
0.770668
0.770662
0.770656
0.770650
0.770644
0.770639
0.770633
0.770627
0.770621
0.770615
0.770609
0.770604
0.770598
0.770592
0.770586
0.770580
0.770575
0.770569
0.770563
0.770557
0.770551
0.770545
0.770540
0.770534
0.770528
0.770522
0.770516
0.770510
0.770504
0.770498
0.770492
0.770487
0.770481
0.770475
0.770469
0.770463
0.770457
0.770451
0.770445
0.770439
0.770433
0.770427
0.770422
0.770415
0.770410
0.770404
0.770398
0.770392
0.770386
0.770380
0.770374
0.770368
0.770362
0.770356
0.770350
0.770344
0.770338
0.770332
0.770326
0.770320
0.770314
0.770308
0.770302
0.770296
0.770290
0.770284
0.770278
0.770272
0.770265
0.770259
0.770253
0.770247
0.770241
0.770235
0.770229
0.770223
0.770216
0.770210
0.770204
0.770197
0.770191
0.770185
0.770179
0.770173
0.770166
0.770160
0.770154
0.770148
0.770142
0.770136
0.770130
0.770123
0.770117
0.770111
0.770105
0.770099
0.770092
0.770086
0.770080
0.770074
0.770068
0.770062
0.770056
0.770050
0.770043
0.770037
0.770031
0.770025
0.770019
0.770013
0.770007
0.770001
0.769995
0.769988
0.769982
0.769976
0.769970
0.769964
0.769958
0.769952
0.769946
0.769940
0.769933
0.769927
0.769921
0.769915
0.769909
0.769902
0.769896
0.769890
0.769884
0.769878
0.769872
0.769866
0.769859
0.769853
0.769847
0.769841
0.769835
0.769828
0.769822
0.769816
0.769810
0.769804
0.769797
0.769791
0.769784
0.769778
0.769772
0.769765
0.769759
0.769753
0.769746
0.769740
0.769734
0.769727
0.769721
0.769714
0.769708
0.769702
0.769695
0.769689
0.769683
0.769676
0.769670
0.769663
0.769657
0.769650
0.769644
0.769637
0.769631
0.769624
0.769618
0.769611
0.769605
0.769598
0.769591
0.769585
0.769578
0.769572
0.769565
0.769559
0.769552
0.769545
0.769539
0.769532
0.769526
0.769519
0.769512
0.769506
0.769499
0.769492
0.769486
0.769479
0.769472
0.769465
0.769459
0.769452
0.769445
0.769439
0.769432
0.769425
0.769418
0.769411
0.769405
0.769398
0.769391
0.769384
0.769377
0.769370
0.769363
0.769356
0.769349
0.769342
0.769335
0.769328
0.769321
0.769314
0.769307
0.769300
0.769293
0.769286
0.769279
0.769272
0.769265
0.769258
0.769251
0.769243
0.769236
0.769229
0.769222
0.769215
0.769208
0.769201
0.769194
0.769186
0.769179
0.769172
0.769165
0.769158
0.769151
0.769144
0.769136
0.769129
0.769122
0.769115
0.769107
0.769100
0.769093
0.769086
0.769079
0.769071
0.769064
0.769057
0.769049
0.769042
0.769035
0.769027
0.769020
0.769013
0.769006
0.768998
0.768991
0.768984
0.768976
0.768969
0.768962
0.768955
0.768947
0.768940
0.768933
0.768925
0.768918
0.768911
0.768903
0.768896
0.768888
0.768881
0.768873
0.768866
0.768858
0.768851
0.768844
0.768836
0.768829
0.768822
0.768814
0.768807
0.768800
0.768792
0.768785
0.768777
0.768770
0.768763
0.768755
0.768748
0.768741
0.768733
0.768726
0.768719
0.768711
0.768704
0.768696
0.768689
0.768682
0.768674
0.768667
0.768659
0.768652
0.768644
0.768637
0.768630
0.768622
0.768615
0.768607
0.768600
0.768592
0.768585
0.768577
0.768570
0.768562
0.768555
0.768547
0.768540
0.768532
0.768525
0.768517
0.768510
0.768502
0.768495
0.768487
0.768480
0.768472
0.768465
0.768457
0.768450
0.768442
0.768435
0.768427
0.768420
0.768412
0.768405
0.768397
0.768390
0.768382
0.768374
0.768367
0.768359
0.768351
0.768344
0.768336
0.768329
0.768321
0.768313
0.768305
0.768298
0.768290
0.768282
0.768275
0.768267
0.768259
0.768252
0.768244
0.768236
0.768228
0.768221
0.768213
0.768205
0.768197
0.768189
0.768181
0.768174
0.768166
0.768158
0.768150
0.768142
0.768134
0.768126
0.768119
0.768111
0.768103
0.768095
0.768087
0.768079
0.768071
0.768064
0.768056
0.768048
0.768040
0.768032
0.768024
0.768017
0.768009
0.768001
0.767993
0.767985
0.767977
0.767969
0.767962
0.767954
0.767946
0.767938
0.767930
0.767922
0.767914
0.767906
0.767898
0.767890
0.767882
0.767874
0.767866
0.767858
0.767850
0.767842
0.767834
0.767825
0.767817
0.767809
0.767801
0.767793
0.767785
0.767777
0.767769
0.767761
0.767753
0.767745
0.767737
0.767729
0.767721
0.767713
0.767705
0.767697
0.767689
0.767681
0.767673
0.767665
0.767657
0.767648
0.767640
0.767632
0.767624
0.767616
0.767608
0.767600
0.767591
0.767583
0.767575
0.767567
0.767558
0.767550
0.767542
0.767533
0.767525
0.767517
0.767509
0.767500
0.767492
0.767483
0.767475
0.767467
0.767458
0.767450
0.767441
0.767433
0.767424
0.767415
0.767407
0.767398
0.767390
0.767381
0.767372
0.767364
0.767355
0.767346
0.767337
0.767329
0.767320
0.767312
0.767303
0.767294
0.767286
0.767277
0.767268
0.767260
0.767251
0.767242
0.767234
0.767225
0.767216
0.767207
0.767197
0.767189
0.767179
0.767170
0.767161
0.767152
0.767142
0.767132
0.767123
0.767114
0.767104
0.767095
0.767085
0.767075
0.767065
0.767055
0.767045
0.767035
0.767025
0.767015
0.767005
0.766995
0.766984
0.766974
0.766964
0.766954
0.766943
0.766932
0.766922
0.766911
0.766900
0.766890
0.766879
0.766868
0.766858
0.766847
0.766836
0.766824
0.766813
0.766803
0.766792
0.766780
0.766769
0.766757
0.766746
0.766735
0.766724
0.766712
0.766701
0.766689
0.766678
0.766666
0.766654
0.766643
0.766631
0.766620
0.766608
0.766596
0.766585
0.766574
0.766564
0.766554
0.766544
0.766531
0.766517
0.766504
0.766493
0.766482
0.766472
0.766460
0.766448
0.766435
0.766424
0.766413
0.766402
0.766390
0.766379
0.766367
0.766355
0.766343
0.766331
0.766320
0.766309
0.766298
0.766287
0.766278
0.766270
0.766266
0.766261
0.766253
0.766240
0.766222
0.766203
0.766185
0.766171
0.766159
0.766148
0.766138
0.766129
0.766122
0.766118
0.766116
0.766116
0.766115
0.766110
0.766096
0.766079
0.766056
0.766033
0.766012
0.765995
0.765980
0.765968
0.765958
0.765950
0.765944
0.765943
0.765952
0.765974
0.766007
0.766043
0.766070
0.766084
0.766063
0.766022
0.765958
0.765896
0.765846
0.765810
0.765787
0.765772
0.765763
0.765758
0.765758
0.765767
0.765795
0.765854
0.765961
0.766106
0.766280
0.766442
0.766442
0.766286
0.765973
0.765712
0.765618
0.765680
0.765830
0.765990
0.766088
0.766026
0.765861
0.765664
0.765547
0.765541
0.765614
0.765713
0.765795
0.765820
0.765762
0.765655
0.765542
0.765463
0.765431
0.765439
0.765469
0.765513
0.765562
0.765607
0.765635
0.765649
0.765645
0.765628
0.765586
0.765523
0.765458
0.765394
0.765343
0.765301
0.765271
0.765249
0.765234
0.765223
0.765215
0.765210
0.765212
0.765228
0.765268
0.765377
0.765583
0.765962
0.766428
0.767022
0.766771
0.766209
0.765404
0.765099
0.765348
0.765837
0.766205
0.765950
0.765494
0.765099
0.765050
0.765292
0.765572
0.765712
0.765492
0.765199
0.764981
0.764961
0.765095
0.765225
0.765297
0.765222
0.765092
0.764943
0.764864
0.764864
0.764917
0.764982
0.765017
0.765023
0.764973
0.764910
0.764835
0.764779
0.764746
0.764735
0.764740
0.764754
0.764776
0.764801
0.764842
0.764884
0.764968
0.765059
0.765223
0.765328
0.765493
0.765443
0.765388
0.765111
0.764865
0.764655
0.764553
0.764541
0.764591
0.764689
0.764814
0.764995
0.765146
0.765356
0.765341
0.765330
0.765045
0.764764
0.764513
0.764404
0.764423
0.764529
0.764685
0.764848
0.765079
0.765146
0.765226
0.765019
0.764805
0.764523
0.764335
0.764269
0.764308
0.764412
0.764543
0.764723
0.764852
0.765023
0.764961
0.764904
0.764655
0.764422
0.764230
0.764138
0.764141
0.764214
0.764325
0.764449
0.764630
0.764754
0.764925
0.764848
0.764781
0.764520
0.764283
0.764093
0.763998
0.763988
0.764043
0.764144
0.764288
0.764494
0.764673
0.764955
0.764960
0.765004
0.764657
0.764331
0.764019
0.763864
0.763867
0.763993
0.764194
0.764387
0.764648
0.764691
0.764765
0.764495
0.764242
0.763954
0.763776
0.763725
0.763778
0.763901
0.764069
0.764294
0.764423
0.764593
0.764484
0.764379
0.764088
0.763852
0.763671
0.763597
0.763619
0.763715
0.763873
0.764075
0.764367
0.764510
0.764703
0.764504
0.764276
0.763876
0.763600
0.763478
0.763508
0.763662
0.763872
0.764167
0.764330
0.764536
0.764350
0.764142
0.763766
0.763498
0.763369
0.763388
0.763528
0.763738
0.764036
0.764207
0.764415
0.764221
0.764024
0.763668
0.763406
0.763264
0.763255
0.763342
0.763506
0.763749
0.763954
0.764223
0.764200
0.764190
0.763874
0.763578
0.763297
0.763148
0.763129
0.763212
0.763370
0.763574
0.763864
0.764024
0.764248
0.764089
0.763911
0.763522
0.763213
0.763037
0.762999
0.763079
0.763256
0.763547
0.763826
0.764228
0.764243
0.764262
0.763760
0.763337
0.762987
0.762886
0.763009
0.763273
0.763642
0.763888
0.764187
0.763914
0.763629
0.763160
0.762865
0.762772
0.762850
0.763041
0.763264
0.763570
0.763675
0.763815
0.763541
0.763310
0.762988
0.762769
0.762647
0.762620
0.762665
0.762766
0.762954
0.763231
0.763744
0.764138
0.764910
0.764528
0.764147
0.763139
0.762598
0.762549
0.762880
0.763439
0.763850
0.764399
0.763929
0.763454
0.762719
0.762408
0.762593
0.763072
0.763700
0.763782
0.763831
0.763121
0.762560
0.762385
0.762470
0.762362
0.762423
0.762351
0.762386
0.762321
0.762341
0.762299
0.762316
0.762284
0.762289
0.762260
0.762265
0.762240
0.762248
0.762221
0.762229
0.762200
0.762210
0.762184
0.762194
0.762168
0.762177
0.762152
0.762161
0.762138
0.762145
0.762124
0.762128
0.762111
0.762112
0.762099
0.762096
0.762086
0.762080
0.762074
0.762065
0.762061
0.762051
0.762048
0.762038
0.762034
0.762025
0.762020
0.762012
0.762006
0.761999
0.761992
0.761987
0.761979
0.761974
0.761966
0.761960
0.761953
0.761946
0.761941
0.761933
0.761928
0.761920
0.761914
0.761908
0.761901
0.761895
0.761888
0.761882
0.761875
0.761868
0.761862
0.761855
0.761849
0.761843
0.761836
0.761830
0.761823
0.761817
0.761810
0.761804
0.761797
0.761791
0.761784
0.761778
0.761771
0.761765
0.761758
0.761752
0.761746
0.761739
0.761732
0.761726
0.761720
0.761713
0.761707
0.761700
0.761694
0.761687
0.761681
0.761674
0.761668
0.761662
0.761655
0.761649
0.761642
0.761636
0.761630
0.761623
0.761617
0.761611
0.761604
0.761598
0.761591
0.761585
0.761579
0.761572
0.761566
0.761560
0.761554
0.761547
0.761541
0.761535
0.761528
0.761522
0.761516
0.761510
0.761503
0.761497
0.761491
0.761485
0.761478
0.761472
0.761466
0.761459
0.761453
0.761447
0.761440
0.761434
0.761428
0.761421
0.761415
0.761409
0.761402
0.761396
0.761389
0.761383
0.761377
0.761370
0.761364
0.761358
0.761352
0.761345
0.761339
0.761333
0.761326
0.761320
0.761314
0.761308
0.761301
0.761295
0.761289
0.761283
0.761276
0.761270
0.761264
0.761258
0.761251
0.761245
0.761239
0.761233
0.761227
0.761220
0.761214
0.761208
0.761202
0.761195
0.761189
0.761183
0.761177
0.761171
0.761164
0.761158
0.761152
0.761146
0.761140
0.761133
0.761127
0.761121
0.761115
0.761109
0.761103
0.761096
0.761090
0.761084
0.761078
0.761072
0.761066
0.761060
0.761053
0.761047
0.761041
0.761035
0.761029
0.761023
0.761017
0.761011
0.761005
0.760998
0.760992
0.760986
0.760980
0.760974
0.760968
0.760962
0.760956
0.760950
0.760944
0.760937
0.760931
0.760925
0.760919
0.760913
0.760907
0.760901
0.760895
0.760888
0.760882
0.760876
0.760870
0.760864
0.760858
0.760852
0.760846
0.760839
0.760833
0.760827
0.760821
0.760815
0.760809
0.760803
0.760797
0.760790
0.760784
0.760778
0.760772
0.760766
0.760760
0.760753
0.760747
0.760741
0.760735
0.760729
0.760723
0.760716
0.760710
0.760704
0.760698
0.760692
0.760686
0.760679
0.760673
0.760667
0.760661
0.760655
0.760649
0.760642
0.760636
0.760630
0.760624
0.760618
0.760612
0.760606
0.760600
