8.726226
8.920575
14.558903
20.003185
15.374002
8.740218
16.284073
8.378906
9.275603
9.563344
8.934175
8.234292
7.932698
7.986777
7.934368
7.722823
7.537876
7.366737
7.107931
6.811205
6.527275
6.219839
5.895813
5.728888
6.579444
5.665810
5.851036
5.548899
5.357517
5.108007
5.110211
4.664926
4.453115
4.612958
4.132241
4.111537
3.989266
3.736290
3.985936
4.894876
6.282274
4.782879
4.527619
4.943783
4.060898
4.264936
4.558261
4.251788
4.079566
4.089908
3.950665
3.835876
4.061141
3.716562
3.818767
3.552202
3.705016
3.355632
3.470182
3.216540
3.202092
3.306228
3.203642
3.212895
2.904421
3.227631
3.635177
4.455404
3.997141
3.326413
3.565093
3.999425
3.273765
3.343371
3.717063
3.257387
3.338459
3.432232
3.232098
3.360370
3.138812
3.150552
3.238509
3.094323
2.950329
3.002327
3.002090
2.865412
2.888936
2.856795
2.902451
2.924747
2.717119
2.707739
2.802755
2.688286
2.679241
2.613977
2.648574
2.601174
2.618842
2.580407
2.605665
2.580130
2.642368
3.039643
3.874507
2.582237
3.736433
3.696232
3.307712
3.124794
3.141273
3.479538
2.832001
3.151532
3.170041
2.941320
3.057809
2.992490
3.033173
2.846055
2.946229
2.960541
2.836093
2.791329
2.803206
2.770660
2.675201
2.740332
2.667652
2.671054
2.660205
2.618842
2.631565
2.599573
2.615432
2.604154
2.560880
2.591397
2.574193
2.600565
2.559687
2.570647
2.535551
2.546346
2.525150
2.541763
2.532047
2.540244
2.522432
2.524475
2.512070
2.514845
2.503128
2.508382
2.504934
2.517288
2.521087
2.554347
2.591360
2.687424
2.744500
2.817278
2.617228
2.506361
2.532684
2.606324
2.591866
2.508595
2.512759
2.566232
2.537440
2.494678
2.511114
2.538767
2.525212
2.491884
2.487711
2.509368
2.522598
2.520681
2.502116
2.486923
2.478770
2.477557
2.482276
2.493807
2.520879
2.570003
2.687101
2.779673
2.866985
2.617635
2.493542
2.632538
2.670501
2.554278
2.504072
2.605964
2.585226
2.501903
2.579062
2.584585
2.500361
2.534540
2.579630
2.511131
2.487425
2.521220
2.526683
2.487066
2.480446
2.503903
2.527660
2.510828
2.486946
2.472561
2.478681
2.499873
2.509964
2.519576
2.512041
2.503569
2.485594
2.470987
2.465877
2.467073
2.477013
2.487886
2.504105
2.517544
2.528942
2.527867
2.522440
2.512625
2.503449
2.492627
2.484291
2.474516
2.467936
2.462984
2.460761
2.460108
2.459819
2.461343
2.464135
2.470663
2.486524
2.526717
2.617724
2.810754
2.899081
4.946806
2.769400
3.004946
2.870078
2.767232
2.674524
2.849618
2.756435
2.662487
2.683719
2.662677
2.753300
2.646258
2.646593
2.575930
2.620631
2.624488
2.549747
2.566354
2.545748
2.568306
2.574357
2.526639
2.512313
2.555500
2.549500
2.516439
2.492049
2.512136
2.518373
2.506081
2.488516
2.490667
2.502121
2.501846
2.499974
2.489505
2.485667
2.481347
2.484606
2.490562
2.494046
2.500095
2.502620
2.503567
2.492090
2.478342
2.472889
2.471804
2.474937
2.479275
2.489841
2.503371
2.512286
2.515869
2.514860
2.512903
2.509586
2.500135
2.487091
2.473339
2.466145
2.466783
2.473334
2.481540
2.487317
2.488817
2.482778
2.473597
2.465674
2.462656
2.464015
2.467802
2.474482
2.483428
2.493986
2.503042
2.512893
2.519471
2.525598
2.521144
2.508578
2.485133
2.466188
2.460640
2.468425
2.481912
2.491021
2.491550
2.480472
2.466746
2.459102
2.461538
2.470779
2.482731
2.496711
2.506456
2.510264
2.498760
2.483367
2.468869
2.460567
2.457534
2.458999
2.463803
2.469486
2.474268
2.477003
2.480447
2.483905
2.490171
2.496237
2.503510
2.504225
2.501581
2.491148
2.480031
2.468361
2.460208
2.456211
2.456473
2.459757
2.464471
2.470091
2.475887
2.483947
2.493696
2.508529
2.523545
2.540534
2.540650
2.527091
2.492386
2.464117
2.456852
2.470599
2.490058
2.496229
2.487271
2.467783
2.456203
2.459592
2.472948
2.488250
2.499024
2.506805
2.501160
2.487798
2.468720
2.456825
2.454569
2.458239
2.466467
2.477620
2.489176
2.493993
2.494340
2.490186
2.488076
2.484449
2.481132
2.475138
2.467682
2.459811
2.454727
2.452608
2.452809
2.454660
2.458367
2.464710
2.474274
2.491690
2.522667
2.580308
2.649664
2.696552
2.604807
2.482074
2.483720
2.568901
2.576019
2.487558
2.470813
2.524174
2.504713
2.465198
2.483402
2.505885
2.481243
2.459816
2.469774
2.489462
2.482867
2.463099
2.455346
2.463945
2.480796
2.489777
2.490554
2.479792
2.464896
2.454454
2.452794
2.460792
2.473091
2.486744
2.499903
2.506137
2.494260
2.473991
2.456055
2.451718
2.456216
2.465819
2.479517
2.488238
2.488035
2.476602
2.462493
2.454832
2.450974
2.449823
2.453173
2.457917
2.463651
2.470870
2.480060
2.496905
2.521602
2.551654
2.565240
2.547600
2.493173
2.454342
2.459057
2.491498
2.516550
2.504810
2.472636
2.454576
2.466793
2.488738
2.490971
2.474736
2.457268
2.449817
2.457461
2.466826
2.471345
2.470675
2.464771
2.459333
2.454093
2.449882
2.448336
2.447067
2.447729
2.449874
2.452562
2.459347
2.472356
2.495121
2.532746
2.591145
2.645305
3.150722
2.624358
7.591297
4.817903
6.559508
7.671143
8.555017
9.550146
5.814821
6.278415
5.353350
5.244965
5.338331
6.291079
4.864597
5.025908
4.805575
4.561270
4.131775
3.866425
3.732794
3.625127
3.570665
3.563258
3.750054
4.176196
3.272923
4.012202
4.312888
3.452275
3.379900
3.631697
3.381053
3.313199
3.211967
3.310828
2.986734
3.022759
2.991991
3.059788
2.848413
2.912016
2.873717
2.713326
2.830280
2.718830
2.664272
2.764074
2.643161
2.642572
2.677641
2.603371
2.604528
2.592000
2.621257
2.550340
2.582117
2.568792
2.562828
2.543023
2.561223
2.541219
2.529197
2.543734
2.525588
2.521340
2.522404
2.529422
2.515102
2.502309
2.506901
2.517036
2.519536
2.509176
2.498290
2.491765
2.493373
2.497389
2.499881
2.497901
2.493462
2.487582
2.484332
2.482553
2.484406
2.484626
2.484029
2.482267
2.480190
2.478630
2.477376
2.477450
2.476735
2.475114
2.474521
2.475460
2.480579
2.487447
2.497103
2.520564
2.556819
2.580762
2.556710
2.492118
2.483306
2.521009
2.509043
2.474451
2.485613
2.506721
2.491056
2.469849
2.478497
2.496231
2.487955
2.470764
2.466665
2.477644
2.485874
2.479079
2.468340
2.463412
2.466888
2.471601
2.471721
2.471275
2.469529
2.466270
2.465669
2.466917
2.468774
2.465582
2.463260
2.461623
2.461423
2.461553
2.461821
2.463152
2.462196
2.462678
2.464384
2.468362
2.473151
2.474380
2.477151
2.488376
2.481177
2.473296
2.463238
2.458169
2.469677
2.472388
2.475782
2.469400
2.460003
2.457376
2.455309
2.454570
2.457811
2.460242
2.460462
2.465131
2.467742
2.469594
2.467208
2.461028
2.456181
2.452304
2.450755
2.452122
2.453526
2.457279
2.462988
2.473387
2.492270
2.502902
2.501672
2.485039
2.468329
2.455361
2.457161
2.467745
2.475309
2.479913
2.480449
2.468858
2.454211
2.449351
2.454004
2.462770
2.467149
2.461672
2.452059
2.447966
2.448190
2.451977
2.457446
2.460294
2.460989
2.460286
2.457922
2.455212
2.451632
2.447682
2.445714
2.446434
2.447165
2.450462
2.454722
2.458899
2.466768
2.477848
2.497259
2.504256
2.490816
2.463905
2.448685
2.462284
2.475096
2.479282
2.465458
2.451329
2.447511
2.451634
2.462230
2.473014
2.474149
2.462183
2.449690
2.444964
2.448640
2.456655
2.460998
2.459134
2.453909
2.449046
2.444988
2.443079
2.442921
2.444309
2.446584
2.448611
2.450871
2.452036
2.452242
2.451695
2.450709
2.449403
2.447996
2.446110
2.444412
2.442977
2.442250
2.441753
2.441270
2.441180
2.440888
2.440815
2.440860
2.440669
2.440756
2.440816
2.440885
2.441419
2.442375
2.444427
2.448656
2.457613
2.473727
2.503349
2.521140
3.104254
3.096021
2.523141
2.905138
3.554468
2.742503
3.335929
2.832301
3.011087
2.696007
2.795875
2.674646
2.720525
2.563845
2.723194
2.563648
2.642065
2.561229
2.573988
2.577177
2.546757
2.572554
2.515168
2.544623
2.533010
2.523901
2.533041
2.502875
2.517478
2.507137
2.493892
2.509860
2.485678
2.493762
2.497130
2.475283
2.491591
2.479830
2.478498
2.480028
2.475539
2.469476
2.480118
2.470346
2.468755
2.471080
2.469156
2.465028
2.467916
2.465375
2.462352
2.464894
2.464040
2.461057
2.460417
2.462282
2.460932
2.458613
2.458847
2.459782
2.458893
2.456688
2.456288
2.456692
2.457405
2.455727
2.454706
2.453912
2.454768
2.454677
2.455029
2.453536
2.452586
2.452269
2.452884
2.452667
2.451945
2.451754
2.451078
2.451163
2.450810
2.450876
2.450553
2.449957
2.449632
2.449504
2.449550
2.449323
2.449180
2.448687
2.448359
2.448180
2.447905
2.447917
2.447724
2.447564
2.447430
2.447218
2.446927
2.446661
2.446465
2.446205
2.446038
2.445884
2.445712
2.445579
2.445438
2.445298
2.445153
2.445022
2.444870
2.444737
2.444621
2.444463
2.444255
2.444337
2.444283
2.444333
2.444283
2.444384
2.444402
2.444575
2.444762
2.444908
2.444833
2.444585
2.444244
2.443819
2.443365
2.442892
2.442546
2.442253
2.442071
2.441940
2.441881
2.441847
2.441860
2.441972
2.442212
2.442671
2.443508
2.445053
2.447832
2.452108
2.456306
2.459155
2.456264
2.449540
2.442756
2.441440
2.445287
2.450915
2.455015
2.455579
2.452977
2.447228
2.441841
2.441718
2.446329
2.450021
2.452137
2.451945
2.447366
2.444328
2.441730
2.440861
2.441005
2.441722
2.443330
2.443287
2.445568
2.445230
2.446018
2.445235
2.444850
2.443352
2.442116
2.440434
2.439276
2.439187
2.439069
2.439646
2.440556
2.441794
2.443961
2.447318
2.450701
2.454700
2.456031
2.453921
2.445946
2.441380
2.439435
2.439815
2.442117
2.444761
2.448294
2.451713
2.456639
2.454367
2.451302
2.444899
2.440389
2.439343
2.442395
2.447098
2.451629
2.459576
2.460882
2.461907
2.455557
2.446509
2.439896
2.439501
2.438776
2.438256
2.438215
2.438442
2.438527
2.438303
2.437937
2.437693
2.437629
2.437623
2.437531
2.437385
2.437309
2.437324
2.437363
2.437364
2.437309
2.437236
2.437198
2.437162
2.437159
2.437165
2.437165
2.437136
2.437078
2.437015
2.436978
2.436980
2.436987
2.436969
2.436936
2.436908
2.436894
2.436889
2.436880
2.436860
2.436842
2.436842
2.436840
2.436834
2.436818
2.436801
2.436787
2.436778
2.436769
2.436762
2.436755
2.436748
2.436737
2.436726
2.436717
2.436709
2.436707
2.436702
2.436689
2.436678
2.436676
2.436670
2.436659
2.436653
2.436644
2.436642
2.436635
2.436623
2.436614
2.436612
2.436604
2.436597
2.436591
2.436586
2.436579
2.436574
2.436567
2.436563
2.436555
2.436551
2.436546
2.436541
2.436534
2.436528
2.436522
2.436517
2.436508
2.436503
2.436497
2.436491
2.436483
2.436480
2.436475
2.436470
2.436462
2.436456
2.436451
2.436445
2.436438
2.436433
2.436426
2.436419
2.436412
2.436406
2.436400
2.436396
2.436391
2.436386
2.436380
2.436375
2.436369
2.436365
2.436358
2.436352
2.436345
2.436340
2.436334
2.436328
2.436321
2.436316
2.436310
2.436304
2.436299
2.436292
2.436286
2.436280
2.436275
2.436269
2.436263
2.436258
2.436253
2.436248
2.436241
2.436237
2.436233
2.436226
2.436220
2.436214
2.436208
2.436202
2.436198
2.436193
2.436187
2.436181
2.436173
2.436168
2.436162
2.436156
2.436152
2.436146
2.436141
2.436136
2.436130
2.436124
2.436118
2.436113
2.436107
2.436103
2.436097
2.436092
2.436086
2.436080
2.436076
2.436070
2.436063
2.436058
2.436052
2.436046
2.436042
2.436038
2.436033
2.436028
2.436021
2.436016
2.436013
2.436007
2.436002
2.435997
2.435989
2.435985
2.435978
2.435973
2.435967
2.435961
2.435954
2.435949
2.435943
2.435938
2.435932
2.435927
2.435920
2.435914
2.435909
2.435902
2.435897
2.435892
2.435886
2.435880
2.435877
2.435871
2.435865
2.435858
2.435853
2.435849
2.435845
2.435838
2.435834
2.435828
2.435823
2.435816
2.435812
2.435806
2.435801
2.435795
2.435789
2.435786
2.435780
2.435772
2.435766
2.435761
2.435757
2.435752
2.435747
2.435740
2.435734
2.435729
2.435724
2.435719
2.435713
2.435708
2.435703
2.435698
2.435692
2.435686
2.435680
2.435675
2.435670
2.435664
2.435659
2.435651
2.435645
2.435640
2.435633
2.435627
2.435623
2.435616
2.435612
2.435606
2.435599
2.435594
2.435589
2.435581
2.435575
2.435569
2.435561
2.435555
2.435550
2.435546
2.435539
2.435533
2.435527
2.435519
2.435511
2.435504
2.435497
2.435491
2.435485
2.435478
2.435471
2.435465
2.435457
2.435449
2.435441
2.435433
2.435424
2.435415
2.435406
2.435397
2.435385
2.435375
2.435364
2.435353
2.435342
2.435331
2.435319
2.435308
2.435298
2.435287
2.435278
2.435268
2.435237
2.435333
2.435224
2.435248
2.435243
2.435236
2.435230
2.435232
2.435230
2.435223
2.435212
2.435206
2.435205
2.435200
2.435193
2.435185
2.435179
2.435170
2.435164
2.435157
2.435151
2.435144
2.435139
2.435130
2.435125
2.435116
2.435108
2.435102
2.435097
2.435089
2.435083
2.435075
2.435067
2.435061
2.435054
2.435046
2.435039
2.435033
2.435026
2.435019
2.435010
2.435004
2.434998
2.434989
2.434967
2.434949
2.434950
2.434933
2.434929
2.434925
2.434918
2.434909
2.434904
2.434897
2.434889
2.434879
2.434870
2.434871
2.434861
2.434859
2.434850
2.434840
2.434834
2.434827
2.434820
2.434812
2.434811
2.434803
2.434797
2.434796
2.434780
2.434776
2.434767
2.434760
2.434755
2.434746
2.434741
2.434737
2.434729
2.434721
2.434715
2.434707
2.434703
2.434696
2.434687
2.434684
2.434674
2.434669
2.434665
2.434658
2.434652
2.434646
2.434639
2.434630
2.434623
2.434617
2.434610
2.434607
2.434602
2.434596
2.434588
2.434579
2.434573
2.434568
2.434562
2.434558
2.434552
2.434546
2.434539
2.434534
2.434525
2.434517
2.434511
2.434508
2.434501
2.434494
2.434486
2.434479
2.434473
2.434467
2.434460
2.434453
2.434449
2.434445
2.434439
2.434432
2.434426
2.434419
2.434414
2.434407
2.434400
2.434394
2.434388
2.434384
2.434377
2.434371
2.434366
2.434361
2.434354
2.434349
2.434345
2.434338
2.434331
2.434325
2.434318
2.434314
2.434307
2.434303
2.434297
2.434291
2.434285
2.434278
2.434271
2.434269
2.434259
2.434256
2.434247
2.434241
2.434234
2.434229
2.434222
2.434217
2.434211
2.434205
2.434199
2.434195
2.434187
2.434181
2.434175
2.434167
2.434160
2.434154
2.434149
2.434142
2.434135
2.434127
2.434121
2.434117
2.434109
2.434104
2.434098
2.434094
2.434088
2.434082
2.434074
2.434069
2.434065
2.434059
2.434052
2.434046
2.434041
2.434035
2.434033
2.434024
2.434019
2.434013
2.434007
2.434003
2.433997
2.433992
2.433986
2.433982
2.433978
2.433972
2.433967
2.433962
2.433957
2.433951
2.433946
2.433939
2.433934
2.433928
2.433923
2.433917
2.433909
2.433904
2.433900
2.433894
2.433890
2.433884
2.433879
2.433874
2.433868
2.433862
2.433858
2.433851
2.433847
2.433840
2.433835
2.433828
2.433823
2.433817
2.433810
2.433805
2.433801
2.433794
2.433788
2.433785
2.433778
2.433773
2.433767
2.433761
2.433755
2.433749
2.433744
2.433739
2.433733
2.433727
2.433722
2.433717
2.433712
2.433703
2.433698
2.433692
2.433685
2.433680
2.433675
2.433670
2.433664
2.433660
2.433654
2.433647
2.433641
2.433635
2.433630
2.433627
2.433619
2.433613
2.433609
2.433604
2.433598
2.433593
2.433587
2.433583
2.433576
2.433571
2.433568
2.433562
2.433554
2.433548
2.433542
2.433536
2.433532
2.433526
2.433521
2.433517
2.433512
2.433508
2.433502
2.433495
2.433490
2.433486
2.433478
2.433474
2.433469
2.433465
2.433456
2.433449
2.433445
2.433439
2.433433
2.433426
2.433425
2.433422
2.433418
2.433408
2.433408
2.433402
2.433401
2.433386
2.433388
2.433376
2.433373
2.433365
2.433358
2.433350
2.433347
2.433340
2.433336
2.433331
2.433322
2.433316
2.433309
2.433305
2.433296
2.433292
2.433287
2.433279
2.433275
2.433269
2.433261
2.433257
2.433249
2.433243
2.433238
2.433232
2.433225
2.433219
2.433213
2.433208
2.433201
2.433194
2.433190
2.433182
2.433177
2.433170
2.433164
2.433157
2.433151
2.433144
2.433138
2.433134
2.433128
2.433120
2.433117
2.433108
2.433103
2.433098
2.433089
2.433083
2.433077
2.433070
2.433064
2.433055
2.433050
2.433045
2.433041
2.433035
2.433027
2.433021
2.433017
2.433012
2.433003
2.433000
2.432994
2.432988
2.432981
2.432975
2.432970
2.432964
2.432958
2.432951
2.432946
2.432940
2.432935
2.432929
2.432927
2.432922
2.432913
2.432908
2.432902
2.432895
2.432892
2.432886
2.432880
2.432874
2.432869
2.432864
2.432860
2.432854
2.432848
2.432844
2.432838
2.432833
2.432826
2.432822
2.432815
2.432811
2.432807
2.432802
2.432797
2.432790
2.432786
2.432781
2.432775
2.432770
2.432765
2.432758
2.432752
2.432747
2.432742
2.432737
2.432732
2.432724
2.432720
2.432716
2.432709
2.432702
2.432699
2.432692
2.432687
2.432683
2.432677
2.432672
2.432664
2.432659
2.432655
2.432649
2.432644
2.432637
2.432632
2.432626
2.432621
2.432616
2.432610
2.432604
2.432599
2.432595
2.432590
2.432583
2.432579
2.432574
2.432567
2.432563
2.432557
2.432553
2.432546
2.432542
2.432534
2.432530
2.432527
2.432519
2.432514
2.432513
2.432506
2.432500
2.432495
2.432489
2.432483
2.432477
2.432471
2.432467
2.432461
2.432454
2.432449
2.432444
2.432439
2.432435
2.432428
2.432422
2.432417
2.432411
2.432407
2.432403
2.432396
2.432391
2.432387
2.432383
2.432375
2.432369
2.432363
2.432358
2.432353
2.432347
2.432340
2.432337
2.432330
2.432327
2.432319
2.432313
2.432307
2.432302
2.432297
2.432292
2.432287
2.432282
2.432277
2.432273
2.432266
2.432261
2.432257
2.432250
2.432244
2.432242
2.432232
2.432228
2.432226
2.432216
2.432209
2.432205
2.432197
2.432190
2.432180
2.432181
2.432169
2.432158
2.432152
2.432148
2.432139
2.432131
2.432124
2.432117
2.432109
2.432101
2.432096
2.432089
2.432079
2.432071
2.432062
2.432052
2.432042
2.432031
2.432022
2.432015
2.432002
2.431994
2.431985
2.431973
2.431959
2.431955
2.431943
2.431929
2.431926
2.431917
2.431902
2.431908
2.431878
2.431876
2.431868
2.431854
2.431847
2.431828
2.431827
2.431803
2.431803
2.431787
2.431783
2.431772
2.431758
2.431751
2.431739
2.431730
2.431720
2.431713
2.431701
2.431694
2.431686
2.431676
2.431669
2.431657
2.431651
2.431642
2.431635
2.431627
2.431616
2.431608
2.431598
2.431591
2.431583
2.431574
2.431565
2.431556
2.431547
2.431540
2.431531
2.431523
2.431516
2.431509
2.431501
2.431492
2.431486
2.431479
2.431469
2.431464
2.431453
2.431446
2.431441
2.431433
2.431423
2.431416
2.431409
2.431402
2.431394
2.431386
2.431376
2.431367
2.431360
2.431349
2.431341
2.431332
2.431326
2.431320
2.431312
2.431305
2.431297
2.431290
2.431282
2.431273
2.431268
2.431260
2.431250
2.431243
2.431237
2.431229
2.431222
2.431214
2.431208
2.431197
2.431193
2.431186
2.431178
2.431169
2.431169
2.431157
2.431153
2.431144
2.431141
2.431135
2.431124
2.431118
2.431112
2.431106
2.431101
2.431096
2.431086
2.431081
2.431079
2.431075
2.431060
2.431063
2.431055
2.431046
2.431042
2.431036
2.431026
2.431019
2.431011
2.431005
2.430997
2.430998
2.430995
2.430981
2.430988
2.430976
2.430963
2.430974
2.430961
2.430953
2.430940
2.430932
2.430936
2.430920
2.430919
2.430915
2.430902
2.430904
2.430890
2.430889
2.430880
2.430871
2.430868
2.430858
2.430863
2.430852
2.430845
2.430839
2.430830
2.430825
2.430819
2.430811
2.430807
2.430799
2.430792
2.430790
2.430780
2.430778
2.430770
2.430764
2.430756
2.430751
2.430746
2.430740
2.430733
2.430729
2.430722
2.430715
2.430709
2.430703
2.430697
2.430691
2.430687
2.430681
2.430675
2.430669
2.430660
2.430655
2.430646
2.430641
2.430634
2.430628
2.430625
2.430619
2.430613
2.430609
2.430601
2.430596
2.430592
2.430586
2.430581
2.430574
2.430568
2.430567
2.430558
2.430552
2.430547
2.430538
2.430533
2.430527
2.430523
2.430514
2.430506
2.430502
2.430499
2.430491
2.430483
2.430479
2.430474
2.430470
2.430459
2.430454
2.430451
2.430444
2.430437
2.430436
2.430426
2.430422
2.430421
2.430407
2.430404
2.430409
2.430389
2.430410
2.430413
2.430388
2.430407
2.430372
2.430372
2.430359
2.430352
2.430351
2.430337
2.430341
2.430322
2.430323
2.430307
2.430306
2.430295
2.430293
2.430289
2.430280
2.430272
2.430266
2.430259
2.430252
2.430247
2.430238
2.430235
2.430228
2.430222
2.430213
2.430205
2.430207
2.430196
2.430187
2.430182
2.430169
2.430171
2.430159
2.430157
2.430148
2.430140
2.430133
2.430122
2.430119
2.430113
2.430105
2.430101
2.430092
2.430087
2.430081
2.430073
2.430068
2.430062
2.430054
2.430048
2.430039
2.430032
2.430026
2.430018
2.430012
2.430005
2.429999
2.429991
2.429985
2.429980
2.429973
2.429965
2.429960
2.429951
2.429944
2.429938
2.429931
2.429923
2.429918
2.429910
2.429905
2.429898
2.429890
2.429885
2.429879
2.429876
2.429867
2.429859
2.429857
2.429849
2.429839
2.429833
2.429826
2.429816
2.429806
2.429801
2.429791
2.429782
2.429775
2.429768
2.429762
2.429755
2.429750
2.429745
2.429736
2.429729
2.429724
2.429716
2.429705
2.429701
2.429698
2.429685
2.429677
2.429676
2.429664
2.429656
2.429653
2.429653
2.429647
2.429630
2.429632
2.429636
2.429611
2.429617
2.429620
2.429594
2.429622
2.429611
2.429585
2.429621
2.429566
2.429573
2.429570
2.429544
2.429556
2.429531
2.429538
2.429539
2.429514
2.429529
2.429505
2.429500
2.429504
2.429478
2.429480
2.429480
2.429462
2.429471
2.429451
2.429449
2.429446
2.429432
2.429430
2.429422
2.429412
2.429408
2.429402
2.429395
2.429389
2.429383
2.429378
2.429372
2.429367
2.429360
2.429357
2.429349
2.429345
2.429340
2.429332
2.429325
2.429322
2.429314
2.429311
2.429305
2.429301
2.429297
2.429290
2.429284
2.429279
2.429271
2.429267
2.429260
2.429254
2.429253
2.429242
2.429236
2.429227
2.429223
2.429223
2.429212
2.429206
2.429208
2.429198
2.429192
2.429186
2.429179
2.429172
2.429166
2.429161
2.429155
2.429149
2.429141
2.429140
2.429132
2.429126
2.429118
2.429115
2.429110
2.429103
2.429099
2.429093
2.429087
2.429079
2.429074
2.429069
2.429063
2.429059
2.429052
2.429049
2.429038
2.429033
2.429028
2.429024
2.429018
2.429016
2.429010
2.429003
2.428994
2.428988
2.428981
2.428978
2.428972
2.428965
2.428959
2.428953
2.428947
2.428946
