0.083400 0.068760 0.058361 0.069889 0.061133 0.066904
0.353751 0.273533 0.308249 0.393329 0.353657 0.381296
0.588801 0.472361 0.511048 0.603040 0.519159 0.587842
0.000000 0.000000 0.000000 0.000000 0.000000 0.000000
0.000000 0.000000 0.000000 0.000000 0.000000 0.000000
0.000000 0.000000 0.000000 0.000000 0.000000 0.000000
0.375499 0.413164 0.388147 0.442466 0.372457 0.375395
0.595574 0.595597 0.579984 0.643357 0.534158 0.576515
0.649996 0.638828 0.617675 0.677956 0.575019 0.622128
0.665110 0.650175 0.627917 0.691696 0.588126 0.635891
0.753762 0.689567 0.671698 0.736168 0.634418 0.696432
0.781889 0.648793 0.661357 0.745220 0.640828 0.712226
0.754798 0.693830 0.673310 0.736964 0.635498 0.698028
0.717161 0.687747 0.659418 0.720035 0.618474 0.675326
0.740928 0.707271 0.676118 0.727556 0.628947 0.690971
0.783028 0.717455 0.698979 0.745763 0.649227 0.717594
0.792563 0.716823 0.697348 0.747995 0.653542 0.724775
0.775193 0.736739 0.695727 0.740316 0.648541 0.712353
0.767744 0.737323 0.696231 0.739001 0.645576 0.709586
0.771739 0.728148 0.699181 0.742199 0.646715 0.711960
0.780353 0.716686 0.699425 0.746194 0.649438 0.715878
0.793829 0.708525 0.698735 0.749279 0.652778 0.720331
0.802249 0.707509 0.700467 0.750732 0.656260 0.726849
0.803924 0.720704 0.708862 0.751535 0.658736 0.730363
0.801417 0.742881 0.717341 0.750415 0.660163 0.729638
0.795013 0.759083 0.714292 0.746500 0.659198 0.726457
0.802164 0.758476 0.718427 0.748507 0.661755 0.730807
0.811212 0.748626 0.721807 0.751666 0.664793 0.736634
0.818416 0.742789 0.725332 0.754718 0.667016 0.737705
0.811150 0.746956 0.724679 0.753013 0.664949 0.735949
0.804341 0.756885 0.727486 0.751635 0.664695 0.734353
0.800974 0.764960 0.729994 0.750656 0.664910 0.733870
0.805289 0.769642 0.733844 0.750986 0.668106 0.737199
0.812996 0.770300 0.736849 0.752004 0.672275 0.742941
0.821555 0.769990 0.740958 0.752910 0.677439 0.748193
0.822848 0.772886 0.744020 0.751048 0.679671 0.749686
0.817888 0.778188 0.745417 0.750217 0.679808 0.748383
0.815765 0.779433 0.747681 0.751360 0.680312 0.748346
0.819271 0.777536 0.748660 0.752488 0.681491 0.749196
0.826363 0.775555 0.750818 0.753301 0.684436 0.751612
0.832699 0.776260 0.754166 0.753206 0.687002 0.754243
0.831246 0.778641 0.755889 0.750669 0.688596 0.754118
0.830165 0.780329 0.755941 0.750646 0.689502 0.754675
0.832429 0.781006 0.755572 0.753758 0.689722 0.755136
0.826595 0.781697 0.752303 0.753881 0.686891 0.752549
0.835168 0.777569 0.753397 0.755558 0.688812 0.756655
0.828834 0.782359 0.754261 0.753196 0.690394 0.755702
0.831112 0.781757 0.755871 0.752695 0.690617 0.757669
0.845347 0.776330 0.755401 0.755917 0.690933 0.760888
0.838715 0.779950 0.755066 0.753796 0.690264 0.758367
0.838449 0.780068 0.755031 0.754542 0.690833 0.759890
0.832924 0.782037 0.755560 0.753716 0.690736 0.759254
0.829228 0.784511 0.755689 0.753340 0.690937 0.757721
0.838676 0.781162 0.756024 0.755819 0.690857 0.760553
0.838194 0.782300 0.756504 0.755986 0.690814 0.759675
0.835309 0.783782 0.756827 0.756684 0.691173 0.760492
0.837662 0.781428 0.756418 0.758197 0.692110 0.762166
0.831961 0.784521 0.756405 0.757435 0.691861 0.759820
0.841498 0.782479 0.757797 0.757956 0.691716 0.760933
0.834247 0.785835 0.757447 0.756794 0.691199 0.758048
0.839250 0.783255 0.758240 0.757980 0.692285 0.761183
0.829443 0.787962 0.757436 0.756376 0.691475 0.757564
0.847282 0.780528 0.758800 0.757331 0.692912 0.762614
0.823776 0.789784 0.756309 0.753809 0.690134 0.752398
0.856030 0.774095 0.754967 0.757781 0.692522 0.765460
0.820076 0.791296 0.755893 0.754209 0.688860 0.752696
0.838541 0.785084 0.759059 0.758035 0.693004 0.760171
0.845658 0.782338 0.758860 0.758074 0.692727 0.760989
0.819808 0.791325 0.756420 0.754725 0.689091 0.750706
0.841117 0.785351 0.760295 0.758632 0.693311 0.759529
0.836278 0.786811 0.760097 0.759021 0.693408 0.759130
0.822143 0.791161 0.757195 0.756937 0.690090 0.753532
0.852079 0.780229 0.759515 0.758855 0.693911 0.763379
0.835818 0.787823 0.761652 0.758271 0.693301 0.757750
0.826240 0.790886 0.759034 0.756972 0.692099 0.754969
0.851168 0.780311 0.759406 0.759044 0.694659 0.764323
0.828366 0.789855 0.759567 0.758073 0.692791 0.757139
0.830218 0.789858 0.760058 0.758355 0.693062 0.757838
0.850114 0.781180 0.759990 0.759476 0.694451 0.764264
0.826968 0.791356 0.759323 0.757922 0.692461 0.755210
0.844288 0.786036 0.762070 0.759566 0.694555 0.762440
0.843153 0.786158 0.761837 0.760134 0.694426 0.762275
0.829298 0.790975 0.759398 0.758949 0.692714 0.756267
0.852194 0.781222 0.760002 0.759551 0.694721 0.764985
0.829008 0.791046 0.759093 0.758310 0.692519 0.755454
0.846255 0.784856 0.761578 0.759738 0.694743 0.762624
0.840204 0.788415 0.761556 0.760057 0.694075 0.761167
0.833057 0.790548 0.760061 0.760045 0.693406 0.757483
0.852648 0.782271 0.760662 0.759908 0.695086 0.764859
0.823381 0.791476 0.756984 0.758287 0.690362 0.752034
0.861416 0.774241 0.755574 0.759156 0.694411 0.767767
0.828239 0.791212 0.759455 0.757608 0.692446 0.755139
0.837555 0.789016 0.760641 0.759048 0.693912 0.759646
0.855630 0.779627 0.758708 0.759496 0.695132 0.765393
0.825527 0.791973 0.758836 0.757974 0.691171 0.752397
0.842307 0.787750 0.762735 0.760804 0.693735 0.760326
0.852293 0.782847 0.761551 0.760377 0.695068 0.764099
0.825845 0.792091 0.758531 0.759673 0.691472 0.752416
0.857417 0.780445 0.759840 0.759704 0.695578 0.767027
0.840855 0.788258 0.762607 0.760593 0.694207 0.759674
0.831633 0.790761 0.761202 0.759395 0.693202 0.756199
0.853369 0.781707 0.760641 0.760831 0.695576 0.765012
0.831858 0.791090 0.761284 0.760667 0.692967 0.755636
0.838222 0.789325 0.762681 0.761297 0.693578 0.757533
0.855206 0.782276 0.761475 0.760463 0.695604 0.765584
0.829552 0.791142 0.759405 0.759882 0.691931 0.751253
0.857461 0.780370 0.759294 0.760226 0.695636 0.766926
0.837411 0.789643 0.761888 0.760143 0.693826 0.758691
0.833994 0.790320 0.761253 0.759950 0.693592 0.757167
0.852484 0.782644 0.761037 0.760828 0.695618 0.764703
0.828089 0.791501 0.759364 0.760167 0.692040 0.752068
0.854030 0.782965 0.761207 0.760526 0.695653 0.765058
0.842901 0.788033 0.762971 0.760696 0.694305 0.759074
0.839183 0.789126 0.762595 0.760590 0.693817 0.756587
0.854065 0.783399 0.761757 0.761140 0.695612 0.764763
0.826755 0.791652 0.758538 0.760795 0.691259 0.750998
0.855887 0.781198 0.760034 0.761626 0.696372 0.765884
0.834637 0.789861 0.761419 0.760833 0.693749 0.756939
0.840761 0.788330 0.762502 0.761014 0.694361 0.758196
0.856096 0.782448 0.760787 0.760859 0.696102 0.765782
0.830047 0.791200 0.760311 0.760952 0.691968 0.751559
0.851013 0.784499 0.762489 0.762536 0.695435 0.762783
0.842360 0.788602 0.763093 0.762120 0.694415 0.758089
0.839085 0.789300 0.762937 0.760974 0.693559 0.756065
0.854303 0.783710 0.761469 0.761029 0.696100 0.764772
0.836012 0.789838 0.762075 0.761376 0.693546 0.755578
0.849118 0.785689 0.762776 0.762221 0.695757 0.762157
0.845218 0.787552 0.763283 0.762074 0.695238 0.758848
0.838302 0.789944 0.761869 0.761725 0.693291 0.753833
0.859049 0.780422 0.759783 0.761562 0.696406 0.767574
0.822162 0.791638 0.756736 0.758860 0.689675 0.746633
0.864037 0.771313 0.753293 0.759928 0.694755 0.767914
0.829915 0.789507 0.759155 0.759861 0.693582 0.755726
0.821445 0.790862 0.756722 0.757274 0.690268 0.749827
0.860146 0.778507 0.757214 0.759280 0.695165 0.766787
0.841638 0.788512 0.762650 0.761461 0.693806 0.758223
0.818636 0.792718 0.755795 0.759547 0.688225 0.745938
0.859430 0.778521 0.758924 0.761249 0.695845 0.768648
0.847508 0.786934 0.763296 0.760706 0.694298 0.760837
0.817055 0.792258 0.754953 0.756391 0.687650 0.743229
0.855413 0.781601 0.760404 0.760159 0.695092 0.764662
0.849356 0.782539 0.761287 0.761794 0.695389 0.762248
0.823840 0.791423 0.758453 0.759183 0.691902 0.752270
0.845344 0.786364 0.762873 0.760961 0.695487 0.760926
0.858740 0.781040 0.759865 0.760499 0.696061 0.767578
0.832329 0.790966 0.760109 0.760685 0.691298 0.750138
0.848746 0.785935 0.763239 0.761312 0.694101 0.759940
0.853318 0.783908 0.762186 0.761158 0.695346 0.763730
0.835382 0.789413 0.762342 0.760295 0.692884 0.753233
0.846010 0.787332 0.762867 0.760359 0.694626 0.759028
0.851737 0.785414 0.761836 0.760644 0.695211 0.761867
0.840618 0.789431 0.762474 0.761197 0.694142 0.757065
0.845841 0.788113 0.762584 0.761895 0.695827 0.759861
0.850664 0.786308 0.762775 0.761855 0.696252 0.762853
0.837078 0.791117 0.761065 0.761579 0.693273 0.753843
0.852040 0.786212 0.762940 0.761069 0.695421 0.762568
0.845447 0.788666 0.762718 0.761013 0.694687 0.758188
0.841163 0.789371 0.762317 0.761372 0.694552 0.756697
0.849725 0.786511 0.762591 0.762197 0.696388 0.761708
0.843086 0.789197 0.762309 0.761775 0.694798 0.757195
0.845328 0.788677 0.762593 0.762087 0.695049 0.758238
0.852353 0.786226 0.762829 0.761905 0.696381 0.762595
0.840376 0.790338 0.761577 0.762059 0.693910 0.754596
0.852342 0.786264 0.762658 0.762004 0.696233 0.762212
0.841639 0.789540 0.761702 0.762072 0.693558 0.754888
0.848103 0.787514 0.762436 0.762533 0.695027 0.759100
0.847860 0.788055 0.762541 0.762854 0.695262 0.759081
0.843538 0.789609 0.762174 0.762696 0.694501 0.756647
0.853393 0.786137 0.762659 0.762340 0.696438 0.762938
0.840135 0.790887 0.761599 0.761968 0.693340 0.754249
0.854746 0.785265 0.762327 0.762370 0.696482 0.763584
0.834767 0.791403 0.760303 0.761790 0.692660 0.751834
0.855257 0.784799 0.761846 0.762420 0.696711 0.763874
0.837609 0.790997 0.761507 0.762120 0.693243 0.753497
0.852148 0.786752 0.762929 0.762401 0.696057 0.762051
0.843533 0.790136 0.762535 0.763014 0.694687 0.756787
0.846901 0.789107 0.762660 0.763010 0.695481 0.758756
0.847695 0.788848 0.763195 0.762723 0.695065 0.759022
0.842368 0.790582 0.762482 0.762185 0.693666 0.755158
0.853038 0.786205 0.763098 0.762554 0.696187 0.762410
0.832728 0.791752 0.759980 0.761862 0.691882 0.749601
0.860662 0.779889 0.758727 0.762794 0.697297 0.769031
0.821209 0.791948 0.756326 0.758925 0.688641 0.744589
0.860203 0.780080 0.758122 0.762381 0.697200 0.768607
0.840209 0.789680 0.762076 0.761869 0.694129 0.755970
0.824045 0.792411 0.758251 0.758903 0.689474 0.746629
0.857896 0.781417 0.760251 0.762679 0.696506 0.767663
0.838900 0.790394 0.763076 0.762401 0.693622 0.755782
0.828010 0.792395 0.759533 0.760894 0.690263 0.746941
0.858781 0.780890 0.760359 0.762571 0.696785 0.768597
0.833283 0.790308 0.762076 0.761259 0.692243 0.752147
0.835458 0.789616 0.762036 0.761593 0.693053 0.753275
0.857534 0.782222 0.760677 0.763328 0.697065 0.767640
0.835557 0.789980 0.761712 0.761924 0.692920 0.752609
0.835897 0.789807 0.762086 0.762080 0.692656 0.752467
0.857600 0.782213 0.760265 0.763497 0.696588 0.766756
0.839483 0.789980 0.762297 0.760512 0.692585 0.753028
0.839882 0.790301 0.762440 0.760586 0.693023 0.753525
0.855350 0.784245 0.762088 0.762882 0.696776 0.764434
0.837797 0.790782 0.762130 0.762663 0.693289 0.753685
0.840954 0.791111 0.762380 0.762963 0.693853 0.754940
0.853280 0.786231 0.762429 0.763932 0.696549 0.764285
0.834494 0.792390 0.760394 0.762377 0.691926 0.750255
0.854120 0.786009 0.762509 0.764028 0.696817 0.764568
0.844327 0.790092 0.762840 0.763227 0.695204 0.758223
0.832706 0.792307 0.760038 0.761879 0.692405 0.750514
0.856221 0.783966 0.761108 0.764843 0.697755 0.766095
0.842047 0.790164 0.762015 0.763930 0.695029 0.756206
0.838878 0.791349 0.761323 0.762819 0.692955 0.752960
0.857134 0.784560 0.761105 0.764813 0.696913 0.766481
0.830812 0.791805 0.759224 0.762692 0.691223 0.747946
0.852876 0.786488 0.762258 0.765148 0.696793 0.763263
0.847359 0.789074 0.763047 0.763601 0.695627 0.759903
0.828390 0.792416 0.758550 0.761131 0.690654 0.746555
0.858280 0.782178 0.759932 0.765295 0.697127 0.767553
0.844622 0.789405 0.762930 0.765693 0.695593 0.758815
0.824860 0.792530 0.757176 0.760892 0.689800 0.744089
0.858724 0.781279 0.759112 0.764996 0.696700 0.767534
0.841554 0.789243 0.762444 0.765217 0.694714 0.757027
0.828844 0.792252 0.759995 0.761024 0.690915 0.747905
0.858101 0.782633 0.760692 0.763488 0.697455 0.767484
0.841955 0.790131 0.763756 0.763898 0.693898 0.756911
0.830489 0.791539 0.761053 0.763946 0.691522 0.748656
0.857892 0.781792 0.760716 0.765518 0.696536 0.767028
0.845451 0.788883 0.762868 0.764272 0.695295 0.758920
0.824983 0.791626 0.757022 0.760611 0.689719 0.743900
0.857947 0.782356 0.759283 0.765261 0.695639 0.766176
0.850101 0.786749 0.762265 0.765791 0.695553 0.761475
0.823771 0.792637 0.757247 0.759676 0.689088 0.744106
0.855607 0.784840 0.762443 0.763811 0.697162 0.765819
0.851512 0.787210 0.762849 0.763733 0.695758 0.762654
0.829238 0.791645 0.760211 0.762018 0.690938 0.747543
0.852614 0.786107 0.763347 0.765399 0.696560 0.764209
0.850164 0.787242 0.763389 0.765896 0.696611 0.763158
0.827027 0.792719 0.757959 0.763469 0.690799 0.745689
0.852343 0.786072 0.762096 0.765910 0.695878 0.763490
0.853562 0.785806 0.762124 0.765513 0.696004 0.764152
0.830414 0.791496 0.759217 0.762668 0.691971 0.747883
0.848702 0.788456 0.762976 0.765175 0.696187 0.760973
0.852899 0.786455 0.762768 0.764899 0.696442 0.763580
0.838079 0.790665 0.762283 0.763507 0.693124 0.752667
0.850294 0.788370 0.763243 0.764853 0.695913 0.761509
0.848596 0.788599 0.763198 0.765865 0.695932 0.760882
0.838814 0.790829 0.762130 0.765451 0.693803 0.753643
0.850165 0.788309 0.762830 0.766429 0.695847 0.761238
0.847661 0.789557 0.763248 0.765481 0.695783 0.759507
0.840915 0.791775 0.762054 0.764875 0.694330 0.754563
0.854824 0.786238 0.762843 0.765566 0.697146 0.764853
0.842025 0.790820 0.762133 0.764750 0.694684 0.755304
0.844474 0.790332 0.762737 0.765267 0.694432 0.757163
0.852242 0.787892 0.762745 0.766421 0.696106 0.762675
0.842202 0.791678 0.762090 0.765333 0.694109 0.755108
0.849510 0.789427 0.763180 0.766179 0.695889 0.760701
0.846133 0.790497 0.762879 0.765688 0.695105 0.758206
0.845562 0.790581 0.762970 0.765647 0.694810 0.757569
0.850285 0.788964 0.763225 0.766260 0.696260 0.760957
0.841704 0.792155 0.761900 0.764943 0.693875 0.754174
0.853622 0.787356 0.762505 0.766625 0.696390 0.762914
0.841143 0.791370 0.761898 0.765362 0.693771 0.753764
0.850309 0.789173 0.763117 0.766499 0.696325 0.760649
0.845889 0.790493 0.762921 0.765931 0.695296 0.757684
0.847382 0.790206 0.763129 0.765997 0.695349 0.758381
0.848436 0.789625 0.763206 0.766203 0.695461 0.759170
0.842780 0.791526 0.762227 0.765727 0.694008 0.754944
0.852757 0.788034 0.762860 0.766877 0.696611 0.762408
0.836539 0.792528 0.760968 0.764784 0.693087 0.750657
0.855596 0.786180 0.762661 0.766657 0.696963 0.764722
0.837840 0.792002 0.761411 0.765400 0.693582 0.752039
0.851370 0.789045 0.763097 0.766729 0.696044 0.761357
0.843305 0.791478 0.762621 0.765752 0.694354 0.755790
0.846972 0.790044 0.763568 0.766514 0.695442 0.758397
0.846893 0.790276 0.763478 0.766422 0.695420 0.758077
0.843362 0.791494 0.762838 0.766264 0.694435 0.755446
0.853573 0.787441 0.763101 0.767130 0.696547 0.762657
0.835129 0.792187 0.760210 0.765001 0.692736 0.749314
0.858812 0.783409 0.760872 0.766962 0.697238 0.766701
0.829858 0.791788 0.759298 0.763756 0.691862 0.747082
0.854215 0.787049 0.763064 0.765979 0.696724 0.763488
0.845202 0.790299 0.763141 0.766247 0.694590 0.757113
0.838680 0.792275 0.762422 0.766322 0.692944 0.752336
0.854982 0.785747 0.763244 0.766910 0.696386 0.764505
0.831275 0.792258 0.759953 0.764163 0.691498 0.746771
0.856964 0.784943 0.762147 0.766534 0.697215 0.765409
0.843782 0.790308 0.762778 0.765695 0.695421 0.756928
0.835076 0.791420 0.761104 0.765448 0.692853 0.750167
0.858269 0.782637 0.761231 0.766942 0.696645 0.767338
0.836129 0.791692 0.761124 0.764586 0.692902 0.749983
0.848265 0.789214 0.763844 0.765044 0.695983 0.759498
0.851480 0.787757 0.763655 0.765138 0.696292 0.761629
0.839249 0.791535 0.763051 0.764667 0.693147 0.752675
0.851480 0.787476 0.763896 0.766609 0.696631 0.762575
0.844197 0.790449 0.763425 0.766735 0.694656 0.756229
0.844780 0.789984 0.763021 0.766433 0.693860 0.756276
0.851532 0.787833 0.763537 0.766949 0.696378 0.761638
0.839236 0.791505 0.761234 0.766075 0.694613 0.752866
0.855848 0.785876 0.762824 0.766519 0.697553 0.764549
0.840951 0.791385 0.762328 0.765036 0.693815 0.753557
0.851790 0.788416 0.763080 0.767118 0.696570 0.761667
0.845855 0.790542 0.763046 0.766953 0.695946 0.757653
0.844911 0.790646 0.763233 0.766219 0.694537 0.755860
0.852126 0.788274 0.763518 0.767064 0.696301 0.761200
0.841883 0.791796 0.762550 0.766939 0.694783 0.754164
0.853329 0.786879 0.763737 0.766617 0.696936 0.762367
0.837851 0.792208 0.761425 0.765650 0.692829 0.750496
0.858657 0.783763 0.761446 0.766407 0.697050 0.765760
0.831586 0.791994 0.759429 0.764887 0.691670 0.746435
0.849203 0.789540 0.763654 0.766955 0.696378 0.760083
0.850995 0.788191 0.764128 0.766349 0.696241 0.760704
0.835753 0.791714 0.761418 0.765338 0.692268 0.748649
0.857370 0.783121 0.762539 0.767445 0.696570 0.765520
0.831594 0.791643 0.760562 0.765475 0.692139 0.746976
0.852055 0.787670 0.763272 0.765564 0.695405 0.761572
0.851002 0.788056 0.763260 0.765816 0.696329 0.761606
0.831622 0.791923 0.759580 0.766174 0.691804 0.746610
0.857061 0.783623 0.762422 0.767292 0.696478 0.765765
0.839791 0.790394 0.763368 0.764476 0.693016 0.751526
0.843282 0.790723 0.763719 0.765282 0.695168 0.755826
0.854603 0.785215 0.763277 0.766786 0.697594 0.764301
0.839250 0.791355 0.763370 0.766485 0.693414 0.752892
0.846760 0.788659 0.764249 0.766514 0.694008 0.757824
0.852479 0.787510 0.763276 0.766974 0.696310 0.761802
0.842666 0.791125 0.763069 0.765819 0.695114 0.754430
0.851997 0.787900 0.764067 0.766358 0.696624 0.761436
0.843884 0.790711 0.762997 0.766257 0.694668 0.754826
0.852285 0.787904 0.763388 0.766705 0.696801 0.761359
0.844434 0.790289 0.762904 0.766651 0.694932 0.754876
0.847195 0.790175 0.763327 0.767195 0.695214 0.757578
0.851636 0.788240 0.763768 0.767595 0.696353 0.760890
0.840129 0.791702 0.762578 0.766571 0.694136 0.752339
0.854316 0.787013 0.763718 0.766797 0.697287 0.762568
0.842200 0.791703 0.762571 0.766314 0.693886 0.753589
0.854306 0.786173 0.763916 0.767206 0.696686 0.763332
0.835157 0.792383 0.760751 0.766949 0.692705 0.749157
0.856586 0.785282 0.762581 0.767106 0.696712 0.764428
0.838664 0.791842 0.762052 0.765856 0.693292 0.750723
0.848284 0.789496 0.763810 0.767455 0.696386 0.758944
0.848883 0.788695 0.764237 0.767398 0.695848 0.758985
0.840230 0.791141 0.762936 0.766160 0.692721 0.750973
0.855809 0.785121 0.763316 0.766940 0.696539 0.764015
0.833164 0.791595 0.760802 0.766062 0.691872 0.746726
0.854421 0.786536 0.763778 0.766840 0.696600 0.762980
0.845088 0.790480 0.763747 0.766860 0.695097 0.755715
0.843680 0.790558 0.764038 0.767342 0.694552 0.754631
0.853447 0.785562 0.764435 0.767472 0.696273 0.762259
0.834454 0.791746 0.761014 0.765909 0.691610 0.746876
0.858701 0.782415 0.762176 0.767464 0.697322 0.766164
0.832371 0.792214 0.760812 0.766122 0.692537 0.747374
0.849217 0.788787 0.763766 0.766099 0.695320 0.758917
0.853769 0.786029 0.764162 0.766799 0.695753 0.762704
0.831671 0.792788 0.759893 0.766540 0.691238 0.745487
0.857914 0.783160 0.762641 0.767300 0.696839 0.765706
0.835950 0.791204 0.761425 0.764746 0.692044 0.749046
0.850286 0.789021 0.763599 0.766398 0.696416 0.760399
0.852041 0.786722 0.763795 0.767673 0.697021 0.762755
0.835715 0.791568 0.761845 0.767443 0.692798 0.749246
0.853996 0.785823 0.764326 0.767089 0.695485 0.762630
0.844563 0.789670 0.764112 0.765824 0.694655 0.754779
0.841650 0.791023 0.763569 0.765572 0.694291 0.753076
0.854776 0.785728 0.764182 0.766575 0.696930 0.763571
0.840326 0.791217 0.763496 0.766230 0.692930 0.751947
0.851546 0.787669 0.763741 0.767583 0.695671 0.761285
0.848786 0.789359 0.763716 0.767779 0.695700 0.759072
0.841460 0.791017 0.763075 0.766808 0.693864 0.752170
0.853907 0.786502 0.764161 0.767094 0.696442 0.762018
0.839244 0.791601 0.762623 0.766993 0.693605 0.750971
0.852719 0.787299 0.763910 0.766798 0.696642 0.761466
0.844384 0.790902 0.763250 0.766860 0.694911 0.754285
0.848897 0.789707 0.763974 0.767734 0.695779 0.758793
0.847223 0.789840 0.763899 0.768175 0.695880 0.757856
0.842574 0.791508 0.762827 0.767515 0.694338 0.752652
0.854689 0.786516 0.764075 0.767114 0.696375 0.762235
0.834466 0.792721 0.760554 0.766399 0.691342 0.746258
0.859755 0.781479 0.761382 0.768076 0.697735 0.766982
0.826259 0.792282 0.758297 0.765158 0.690261 0.743449
0.853929 0.786894 0.763478 0.765907 0.695884 0.761697
0.850341 0.788413 0.764127 0.767026 0.695850 0.760110
0.826561 0.793623 0.758523 0.765766 0.689749 0.742468
0.857312 0.784174 0.763433 0.766985 0.696301 0.764781
0.837294 0.790871 0.761938 0.764646 0.691074 0.748045
0.850183 0.788445 0.763578 0.767400 0.696633 0.760607
0.849575 0.787601 0.763678 0.768341 0.697326 0.761371
0.841542 0.790439 0.763065 0.767304 0.694214 0.753423
0.852185 0.786749 0.764605 0.766949 0.694963 0.761380
0.847212 0.788348 0.764339 0.767099 0.695363 0.756690
0.842961 0.790299 0.764084 0.767330 0.694848 0.753886
0.851820 0.786960 0.765259 0.766701 0.696395 0.760295
0.844861 0.789911 0.763571 0.766102 0.694310 0.754413
0.849609 0.789223 0.763518 0.767291 0.695731 0.758945
0.848589 0.789590 0.763889 0.768069 0.695732 0.758815
0.844111 0.790818 0.763663 0.768040 0.694594 0.754452
0.851372 0.788069 0.764427 0.767831 0.696184 0.760405
0.842308 0.791157 0.763506 0.767463 0.694426 0.752640
0.851858 0.787866 0.764105 0.766797 0.696278 0.759794
0.846060 0.790538 0.763492 0.767113 0.694705 0.754931
0.851336 0.788605 0.763776 0.768464 0.696574 0.760044
0.843309 0.791301 0.762815 0.768089 0.695247 0.753509
0.852573 0.788238 0.764049 0.767177 0.696739 0.760256
0.842157 0.791798 0.762844 0.767145 0.693735 0.751978
0.853355 0.787184 0.764056 0.767908 0.696943 0.761788
0.834444 0.792526 0.760777 0.766865 0.691923 0.746673
0.859389 0.783267 0.762490 0.767651 0.697117 0.765795
0.826672 0.792571 0.758421 0.765697 0.689777 0.741636
0.856091 0.786131 0.763736 0.767121 0.697066 0.763522
0.843373 0.790819 0.763636 0.766761 0.693658 0.753339
0.838176 0.792068 0.762815 0.767093 0.692276 0.748968
0.856705 0.784415 0.763680 0.768189 0.696618 0.764536
0.832123 0.791609 0.760682 0.765369 0.690737 0.744818
0.856140 0.785580 0.763773 0.767439 0.697045 0.763927
0.847084 0.789447 0.763998 0.767858 0.695883 0.757827
0.838360 0.791117 0.762613 0.766769 0.692496 0.749140
0.857008 0.784694 0.763746 0.767361 0.696208 0.764075
0.836212 0.791253 0.762190 0.766846 0.691735 0.747337
0.850268 0.788065 0.764610 0.767521 0.696557 0.759778
0.849220 0.788864 0.764664 0.766596 0.695830 0.758463
0.841832 0.791308 0.762983 0.766574 0.693616 0.751980
0.855327 0.785686 0.763689 0.768493 0.696906 0.763611
0.840144 0.791210 0.762991 0.768018 0.694048 0.751419
0.849277 0.788826 0.764170 0.767701 0.695784 0.757556
0.853122 0.787644 0.764662 0.767455 0.696369 0.760740
0.837799 0.791677 0.762468 0.767274 0.692666 0.748814
0.857149 0.785197 0.763618 0.768091 0.697048 0.763952
0.840913 0.791664 0.762513 0.766716 0.693402 0.750277
0.852749 0.787876 0.764123 0.768034 0.697028 0.761024
0.845140 0.790506 0.763629 0.768412 0.695545 0.755712
0.844284 0.790577 0.763732 0.767108 0.694202 0.753922
0.852520 0.787620 0.764742 0.767523 0.696085 0.760184
0.838936 0.792267 0.762025 0.767461 0.692717 0.749117
0.857486 0.785722 0.763175 0.768053 0.697473 0.764481
0.835952 0.791899 0.761211 0.766273 0.691870 0.747409
0.855123 0.786926 0.764001 0.767557 0.696685 0.762399
0.844062 0.790385 0.764337 0.768428 0.695005 0.754525
0.841903 0.790762 0.763791 0.768026 0.693605 0.751635
0.855773 0.786146 0.764209 0.767600 0.696264 0.762548
0.833479 0.792027 0.760844 0.766006 0.690964 0.744831
0.856630 0.785701 0.763543 0.768088 0.696991 0.764121
0.841742 0.791608 0.762798 0.767085 0.693337 0.751331
0.848531 0.789344 0.764143 0.767579 0.695175 0.756904
0.850954 0.787948 0.764457 0.768561 0.696247 0.760045
0.836187 0.792303 0.761622 0.767236 0.691917 0.747112
0.858090 0.785360 0.763595 0.767150 0.696363 0.764391
0.833574 0.792135 0.760952 0.765513 0.690744 0.745041
0.854500 0.787035 0.763514 0.768463 0.697139 0.762740
0.847819 0.789073 0.764219 0.768436 0.695880 0.757404
0.840012 0.791179 0.763080 0.766896 0.692437 0.749565
0.857136 0.785360 0.763771 0.767921 0.696563 0.764009
0.833245 0.792848 0.761700 0.766372 0.691111 0.746328
0.852893 0.787811 0.764671 0.767079 0.696139 0.760883
0.850323 0.789564 0.763938 0.767529 0.695799 0.758106
0.841848 0.791483 0.762904 0.768517 0.693806 0.751859
0.853388 0.787426 0.764341 0.768338 0.696201 0.760808
0.840617 0.791386 0.761870 0.766166 0.692466 0.748869
0.857471 0.785476 0.763254 0.768038 0.697391 0.764435
0.834865 0.792933 0.761741 0.767074 0.692430 0.747894
0.851599 0.788993 0.764129 0.768218 0.696482 0.759795
0.854119 0.787433 0.763957 0.768604 0.696673 0.761603
0.830838 0.792736 0.760217 0.766282 0.689424 0.743686
0.856889 0.786273 0.763856 0.767403 0.695661 0.762650
0.842032 0.791343 0.763107 0.766439 0.693137 0.751067
0.848665 0.789215 0.764497 0.768378 0.696788 0.757996
0.850191 0.789440 0.764044 0.768348 0.696276 0.758345
0.847106 0.790418 0.763322 0.767268 0.694185 0.754387
0.852205 0.788339 0.764150 0.768625 0.696029 0.760145
0.838298 0.792076 0.761740 0.767460 0.693022 0.749393
0.855748 0.787148 0.764049 0.767524 0.696584 0.761945
0.841118 0.791520 0.762863 0.767266 0.692462 0.750633
0.851723 0.788720 0.763681 0.769365 0.696414 0.759994
0.847689 0.790300 0.763613 0.768414 0.695471 0.755362
0.846808 0.790297 0.763849 0.767752 0.694558 0.754211
0.849892 0.789339 0.763616 0.769066 0.695841 0.758328
0.842851 0.791512 0.762666 0.768211 0.693775 0.751421
0.853723 0.787794 0.764519 0.767621 0.696175 0.760160
0.842692 0.792131 0.762503 0.768290 0.693410 0.750587
0.856260 0.786570 0.763049 0.769468 0.696966 0.763204
0.833426 0.792410 0.760404 0.765990 0.690545 0.744408
0.858515 0.785573 0.763868 0.767967 0.697156 0.764309
0.836510 0.792619 0.762840 0.768190 0.692660 0.748711
0.848357 0.788957 0.764648 0.768434 0.695204 0.757197
0.851964 0.788800 0.764383 0.767301 0.695433 0.758253
0.841718 0.791938 0.762595 0.767768 0.693002 0.750196
0.853777 0.787921 0.763630 0.769728 0.696745 0.761311
0.841141 0.791619 0.762023 0.766909 0.692373 0.749142
0.858731 0.785571 0.763094 0.768237 0.696899 0.764003
0.837145 0.792236 0.761666 0.768172 0.692653 0.748086
0.852210 0.788475 0.764270 0.769181 0.696642 0.759671
0.849975 0.789608 0.764498 0.767695 0.695062 0.756800
0.840417 0.791642 0.762272 0.767398 0.692040 0.749096
0.855634 0.787484 0.763623 0.769122 0.696304 0.762114
0.841005 0.792433 0.762570 0.767759 0.692792 0.749608
0.855444 0.787342 0.763803 0.769186 0.697132 0.762010
0.843171 0.791521 0.762672 0.768220 0.693935 0.751460
0.852802 0.788575 0.763886 0.768736 0.696243 0.759152
0.843979 0.790632 0.763753 0.768376 0.693927 0.752002
0.849349 0.790063 0.763744 0.768958 0.695756 0.756452
0.851358 0.789844 0.763365 0.768851 0.696125 0.758203
0.842404 0.791821 0.762833 0.767533 0.693253 0.750392
0.854417 0.788287 0.763448 0.769121 0.696847 0.760760
0.841252 0.791718 0.762042 0.768256 0.693525 0.750079
0.854455 0.787595 0.764269 0.768315 0.696515 0.760352
0.839416 0.792445 0.761622 0.767230 0.692195 0.747852
0.858913 0.783810 0.762220 0.769796 0.697386 0.765548
0.831308 0.793203 0.760241 0.765866 0.689893 0.743914
0.855199 0.787165 0.764588 0.767464 0.695970 0.761257
0.846008 0.790390 0.764015 0.769007 0.694458 0.754480
0.840537 0.791791 0.762255 0.768345 0.692566 0.750225
0.856312 0.786084 0.764195 0.767575 0.695686 0.761586
0.840496 0.791348 0.761213 0.766015 0.691694 0.747338
0.857477 0.783932 0.761782 0.770207 0.697328 0.765123
0.838997 0.790916 0.761136 0.767784 0.693123 0.749015
0.850022 0.790155 0.763341 0.765565 0.693951 0.755155
0.856138 0.786444 0.764350 0.768297 0.695958 0.762506
0.826940 0.793859 0.757597 0.766105 0.688166 0.740454
0.860045 0.783931 0.762568 0.768649 0.696717 0.765567
0.846016 0.790593 0.762784 0.765386 0.693205 0.752789
0.844268 0.791727 0.763054 0.767542 0.693370 0.752179
0.855619 0.784985 0.762660 0.770749 0.696737 0.763959
0.839306 0.791570 0.761970 0.767471 0.692232 0.749229
0.849439 0.788874 0.764436 0.765919 0.693916 0.755759
0.856455 0.786642 0.764550 0.767305 0.695822 0.761421
0.836057 0.791773 0.761423 0.768194 0.691768 0.746124
0.855801 0.786647 0.762995 0.770228 0.696909 0.762107
0.849744 0.790043 0.763061 0.766653 0.694179 0.754231
0.845013 0.790756 0.763156 0.767128 0.693274 0.751418
0.854851 0.786336 0.764165 0.770574 0.696891 0.762664
0.838879 0.792099 0.762412 0.768769 0.692928 0.749344
0.853187 0.788412 0.764747 0.768281 0.695808 0.759727
0.850255 0.789990 0.763881 0.768215 0.695055 0.756785
0.842396 0.791968 0.762417 0.768881 0.693430 0.750679
0.855519 0.787862 0.763533 0.769615 0.696643 0.761418
0.842460 0.791464 0.762284 0.767681 0.692719 0.748877
0.855937 0.787443 0.763843 0.768921 0.696311 0.760722
0.844228 0.791249 0.762712 0.768319 0.694205 0.750597
0.852529 0.788580 0.764518 0.769480 0.696685 0.759339
0.846078 0.790660 0.763736 0.769134 0.694488 0.753096
0.849164 0.790729 0.763378 0.768787 0.694646 0.755478
0.850641 0.789889 0.763992 0.769187 0.695169 0.756805
0.845263 0.790817 0.764145 0.768690 0.693934 0.752464
0.854087 0.788117 0.764377 0.769254 0.696367 0.760147
0.842349 0.792040 0.762542 0.767870 0.692825 0.749256
0.856270 0.787014 0.763483 0.768977 0.696512 0.761401
0.839255 0.792520 0.761532 0.767668 0.692261 0.747140
0.858047 0.785645 0.763517 0.770182 0.697120 0.763882
0.836339 0.792119 0.761333 0.767178 0.690804 0.745236
0.857449 0.786208 0.763887 0.769357 0.696710 0.763216
0.841290 0.791629 0.763022 0.768805 0.693114 0.749312
0.849180 0.789955 0.764381 0.769284 0.694821 0.756106
0.852411 0.788864 0.764501 0.768814 0.695349 0.758231
0.842260 0.791707 0.762231 0.768120 0.692533 0.748795
0.857644 0.786149 0.763557 0.770009 0.697051 0.762796
0.838957 0.791679 0.761368 0.767694 0.691280 0.745953
0.858373 0.785991 0.763100 0.769821 0.696875 0.763446
0.841099 0.791624 0.762343 0.767954 0.692828 0.748901
0.851823 0.789177 0.764486 0.769632 0.695893 0.758567
0.848988 0.790093 0.764285 0.769635 0.694653 0.756652
0.843376 0.791824 0.762916 0.768362 0.692782 0.749906
0.856956 0.786999 0.763847 0.769271 0.696570 0.762117
0.837116 0.792172 0.761127 0.767328 0.690636 0.745112
0.859210 0.785741 0.762708 0.770230 0.697118 0.764116
0.840887 0.791744 0.762229 0.767900 0.692820 0.747832
0.853893 0.788032 0.764360 0.769654 0.696478 0.759698
0.847897 0.790728 0.764201 0.769498 0.694206 0.754758
0.845431 0.791210 0.763698 0.769236 0.693517 0.751983
0.854729 0.787994 0.764217 0.769585 0.696132 0.759777
0.840352 0.791582 0.761783 0.767772 0.692073 0.747209
0.858300 0.786084 0.763368 0.770121 0.696625 0.763107
0.839106 0.791865 0.761754 0.767688 0.691963 0.746473
0.856415 0.787083 0.763770 0.769932 0.696676 0.761767
0.843260 0.791453 0.763181 0.768758 0.693467 0.750104
0.850352 0.790137 0.764202 0.769186 0.694863 0.756195
0.850488 0.789888 0.764178 0.769946 0.695204 0.756786
0.842977 0.791468 0.762699 0.768638 0.693180 0.749506
0.856831 0.787302 0.763799 0.769063 0.696234 0.760848
0.840179 0.791745 0.761564 0.768109 0.692054 0.746684
0.858081 0.785918 0.763408 0.770449 0.696882 0.763183
0.839660 0.791854 0.761536 0.767666 0.691679 0.746415
0.857266 0.786273 0.763622 0.770006 0.696412 0.762836
0.839571 0.792091 0.762183 0.768335 0.692215 0.747936
0.852546 0.789041 0.764489 0.768535 0.695194 0.757863
0.848790 0.790225 0.764609 0.769704 0.694341 0.755317
0.844145 0.791109 0.762670 0.769210 0.693476 0.750130
0.857545 0.787467 0.763087 0.769211 0.696319 0.761097
0.839394 0.791729 0.761532 0.767647 0.691468 0.746094
0.859817 0.784530 0.762025 0.770783 0.696860 0.765073
0.837722 0.792026 0.761579 0.768444 0.692554 0.747079
0.853281 0.787997 0.764427 0.767896 0.695181 0.758354
0.849294 0.790907 0.763499 0.769079 0.694396 0.755139
0.842722 0.791852 0.762893 0.769854 0.692902 0.750619
0.852426 0.789204 0.764492 0.768608 0.695388 0.757581
0.846859 0.790450 0.762473 0.766783 0.693403 0.750463
0.855981 0.786615 0.762356 0.771099 0.696254 0.762017
0.840013 0.791869 0.761629 0.768996 0.692814 0.748729
0.855240 0.788166 0.763963 0.767963 0.695777 0.758841
0.850528 0.790560 0.764153 0.769116 0.694833 0.755514
0.844556 0.791247 0.762851 0.769898 0.693498 0.751814
0.854605 0.789047 0.763937 0.768782 0.695807 0.758754
0.845685 0.791101 0.763443 0.767559 0.692752 0.750234
0.854565 0.788317 0.763440 0.770994 0.696072 0.759425
0.841894 0.790928 0.761909 0.768733 0.692314 0.748192
0.856884 0.787845 0.763780 0.768025 0.695546 0.759505
0.843019 0.792164 0.763081 0.769377 0.692152 0.749426
0.855591 0.787472 0.763204 0.771129 0.696224 0.761056
0.843474 0.790762 0.761975 0.768873 0.693353 0.748472
0.855898 0.788685 0.763491 0.769380 0.696161 0.759406
0.842287 0.791922 0.762264 0.769581 0.692377 0.748320
0.853093 0.788751 0.763709 0.770892 0.695572 0.757998
0.847848 0.790087 0.763978 0.769400 0.693975 0.752761
0.851117 0.789349 0.764298 0.769785 0.695006 0.755914
0.848194 0.790359 0.763765 0.770811 0.694672 0.753990
0.850410 0.789803 0.763737 0.770536 0.695274 0.755582
0.850917 0.790097 0.764166 0.769215 0.694693 0.754926
0.849369 0.790225 0.764169 0.769413 0.694064 0.753109
0.852008 0.789744 0.763743 0.770271 0.694698 0.755950
0.848022 0.790631 0.763527 0.769413 0.693516 0.751712
0.854287 0.789251 0.764148 0.770072 0.695543 0.758510
0.839367 0.792051 0.761446 0.768526 0.691355 0.745592
0.861729 0.783692 0.762348 0.770351 0.696520 0.764931
0.827566 0.793259 0.758036 0.765679 0.686647 0.737875
0.863558 0.780942 0.760708 0.769928 0.695608 0.766253
0.828552 0.792806 0.759396 0.765935 0.687534 0.739329
0.855398 0.787595 0.764241 0.770133 0.695888 0.759863
0.853662 0.787795 0.765041 0.768803 0.695208 0.758545
0.834707 0.791965 0.759576 0.766841 0.689177 0.741537
0.859943 0.782585 0.760548 0.771423 0.696059 0.765513
0.844575 0.790320 0.762943 0.767592 0.693847 0.751215
0.845230 0.790042 0.762940 0.765077 0.692528 0.751022
0.861086 0.783034 0.762517 0.769370 0.695819 0.766357
0.828955 0.793913 0.760080 0.767782 0.688602 0.744233
0.849156 0.789720 0.764669 0.768679 0.693604 0.754782
0.859650 0.784843 0.763080 0.766616 0.695060 0.762326
0.829996 0.791848 0.757916 0.765795 0.687875 0.738646
0.852890 0.786232 0.761522 0.771973 0.694918 0.760303
0.857203 0.787703 0.763119 0.768380 0.696826 0.761828
0.839165 0.791322 0.759967 0.761587 0.690142 0.745203
0.863010 0.782291 0.762181 0.765638 0.696165 0.766888
0.840513 0.791865 0.763193 0.766942 0.693044 0.752702
0.837114 0.793485 0.761542 0.765775 0.691033 0.748680
0.859842 0.785300 0.763202 0.765328 0.694873 0.764262
0.845312 0.791244 0.762248 0.764178 0.691994 0.750196
0.848663 0.789898 0.763764 0.768143 0.695241 0.755289
0.855656 0.786524 0.763507 0.769913 0.696321 0.761853
0.845971 0.790366 0.763304 0.767905 0.693787 0.751726
0.852107 0.788265 0.764239 0.765873 0.694335 0.755927
0.858478 0.786530 0.763889 0.767383 0.696445 0.761876
0.837973 0.792128 0.761756 0.768349 0.691492 0.746916
0.852933 0.789082 0.764685 0.768593 0.695862 0.758680
0.855730 0.788280 0.764611 0.766557 0.695460 0.759498
0.841256 0.792051 0.762196 0.766647 0.691398 0.747013
0.857089 0.786966 0.763917 0.768927 0.696155 0.761910
0.845198 0.791323 0.763238 0.767986 0.693455 0.751272
0.846045 0.791192 0.763608 0.767311 0.693451 0.750794
0.857405 0.786969 0.763910 0.767742 0.696241 0.761626
0.842351 0.791887 0.762020 0.767849 0.691843 0.748056
0.854662 0.788501 0.764541 0.770301 0.696271 0.759727
0.849641 0.790091 0.764316 0.770082 0.694464 0.754884
0.845878 0.790991 0.762815 0.767908 0.692557 0.750133
0.857970 0.786938 0.763547 0.770260 0.696293 0.762268
0.839444 0.792624 0.762577 0.769516 0.691588 0.747365
0.851139 0.789961 0.764323 0.770064 0.695121 0.755732
0.854766 0.788829 0.764058 0.769149 0.695348 0.758003
0.840811 0.791148 0.761818 0.768590 0.690613 0.746599
0.856353 0.787728 0.764536 0.770677 0.695954 0.760475
0.845688 0.791293 0.763739 0.770064 0.693074 0.751034
0.850807 0.789943 0.764068 0.770013 0.694392 0.755257
0.854403 0.789436 0.764080 0.769919 0.695342 0.757811
0.845029 0.791930 0.763665 0.770395 0.692918 0.750531
0.854174 0.788656 0.764167 0.771787 0.695601 0.758965
0.847657 0.790607 0.762869 0.769114 0.693015 0.751234
0.854421 0.789355 0.764251 0.770302 0.695474 0.758201
0.847186 0.791076 0.764089 0.771189 0.693396 0.752555
0.849958 0.790602 0.763780 0.770563 0.693912 0.754176
0.854437 0.789576 0.763835 0.770395 0.694995 0.757319
0.844175 0.791205 0.762683 0.769744 0.691790 0.748398
0.856511 0.787935 0.763890 0.770855 0.695827 0.759721
0.843508 0.791638 0.762798 0.770102 0.691908 0.748282
0.855383 0.788715 0.764345 0.770587 0.695001 0.758293
0.847786 0.791050 0.763624 0.769563 0.692863 0.750714
0.853278 0.789393 0.764334 0.771286 0.695138 0.757473
0.846181 0.791453 0.763647 0.770296 0.692701 0.750514
0.854178 0.789547 0.764221 0.769754 0.694775 0.756911
0.848447 0.790654 0.764371 0.770787 0.693557 0.753027
0.850210 0.790264 0.764384 0.770945 0.694134 0.754480
0.853074 0.790086 0.764210 0.770177 0.694262 0.755491
0.849359 0.790739 0.764123 0.770280 0.692928 0.752829
0.852859 0.790007 0.764165 0.771144 0.694626 0.756417
0.848305 0.791228 0.764088 0.770618 0.693210 0.751541
0.854270 0.789699 0.764086 0.770887 0.694675 0.757321
0.845453 0.791200 0.762670 0.769648 0.692133 0.748857
0.858102 0.786841 0.763652 0.771873 0.695955 0.761471
0.833851 0.792286 0.760051 0.767523 0.687557 0.740513
0.863470 0.782639 0.761930 0.770771 0.695547 0.765753
0.827715 0.792858 0.758964 0.766542 0.686193 0.737746
0.859474 0.785347 0.764284 0.770908 0.695917 0.763137
0.848657 0.790629 0.764289 0.769444 0.692639 0.751942
0.844020 0.791354 0.763194 0.770098 0.691974 0.749343
0.857485 0.786741 0.764472 0.771319 0.696184 0.761242
0.842431 0.791022 0.761872 0.768159 0.691203 0.746839
0.857000 0.787753 0.763081 0.771472 0.695128 0.760636
0.849836 0.790062 0.764054 0.770594 0.694147 0.754282
0.845998 0.790842 0.763592 0.769400 0.692545 0.750677
0.858442 0.785983 0.763584 0.771223 0.695472 0.762226
0.835918 0.792258 0.760757 0.768849 0.689002 0.743639
0.858224 0.787418 0.763971 0.770633 0.695666 0.760705
0.849097 0.790358 0.764404 0.770990 0.693703 0.753426
0.845825 0.791365 0.762920 0.771128 0.692787 0.750169
0.858645 0.787085 0.763567 0.771656 0.695575 0.760990
0.840597 0.791569 0.761462 0.768959 0.690567 0.745318
0.859633 0.786355 0.762577 0.771730 0.696130 0.762423
0.844608 0.791151 0.762797 0.770164 0.693312 0.749684
0.850697 0.790668 0.764271 0.769944 0.694000 0.754222
0.855026 0.788954 0.764262 0.770404 0.694785 0.758065
0.839982 0.792270 0.761100 0.769300 0.690297 0.745302
0.858924 0.786077 0.763528 0.771652 0.696041 0.762207
0.842188 0.791208 0.762584 0.768546 0.691760 0.747146
0.854690 0.788873 0.764332 0.771127 0.695694 0.758107
0.851655 0.789507 0.764301 0.771986 0.694299 0.756148
0.842975 0.791822 0.762529 0.769572 0.691033 0.747577
0.859920 0.786058 0.763504 0.770868 0.695590 0.762037
0.835705 0.791222 0.760696 0.768205 0.688785 0.742736
0.857941 0.787222 0.764112 0.770880 0.695678 0.760485
0.848529 0.790604 0.764177 0.770546 0.693156 0.752446
0.845864 0.790998 0.763674 0.770889 0.692495 0.750583
0.857544 0.787366 0.764123 0.771242 0.695628 0.760006
0.842815 0.792026 0.762192 0.769037 0.691373 0.747098
0.857772 0.786922 0.763532 0.772578 0.695549 0.761137
0.846152 0.791210 0.762999 0.770713 0.692988 0.749973
0.851827 0.790413 0.764359 0.771175 0.693726 0.754916
0.852565 0.789695 0.764221 0.771457 0.694241 0.756360
0.844360 0.791657 0.763122 0.770314 0.692065 0.748663
0.858051 0.787280 0.763973 0.771515 0.695702 0.760182
0.841707 0.791656 0.761901 0.768931 0.690758 0.745843
0.858092 0.786989 0.763741 0.772359 0.695693 0.760956
0.844036 0.791928 0.762969 0.770722 0.692119 0.748629
0.853752 0.789761 0.764440 0.770866 0.694664 0.756148
0.853227 0.790057 0.764167 0.770358 0.694128 0.755296
0.845368 0.791440 0.763261 0.770476 0.692127 0.748994
0.856787 0.788152 0.764364 0.771759 0.695371 0.759345
0.841812 0.792071 0.761949 0.769524 0.690415 0.746099
0.858306 0.787173 0.763814 0.771954 0.695535 0.760381
0.842736 0.791826 0.762630 0.769761 0.691486 0.746816
0.855604 0.788532 0.764241 0.771954 0.695008 0.758365
0.847566 0.791142 0.763487 0.770477 0.692283 0.750724
0.852380 0.789884 0.764339 0.771425 0.694106 0.754895
0.851007 0.790196 0.764143 0.771442 0.694011 0.754029
0.849181 0.790887 0.763461 0.770566 0.693138 0.751755
0.854977 0.789286 0.764227 0.771469 0.694492 0.757153
0.844217 0.791836 0.763106 0.770344 0.691583 0.747744
0.858265 0.786859 0.763785 0.772539 0.695463 0.760715
0.839049 0.792165 0.761161 0.769169 0.689593 0.743816
0.860751 0.785540 0.763503 0.772261 0.695343 0.762876
0.835736 0.792099 0.760803 0.768970 0.688672 0.742225
0.858789 0.786324 0.764207 0.772244 0.695570 0.761269
0.845238 0.791684 0.763221 0.769924 0.691932 0.748860
0.851594 0.789921 0.764097 0.771927 0.693893 0.754905
0.854661 0.789374 0.764380 0.770946 0.694580 0.756167
0.845435 0.791222 0.762928 0.770079 0.692054 0.748768
0.856877 0.787807 0.763846 0.772610 0.694838 0.759662
0.843692 0.791421 0.762607 0.769757 0.691507 0.747520
0.857291 0.787606 0.764003 0.772134 0.695149 0.759678
0.844800 0.791428 0.762330 0.770799 0.691850 0.748164
0.854704 0.789613 0.764709 0.771675 0.694796 0.756909
0.848253 0.791081 0.764088 0.771593 0.692763 0.751518
0.852805 0.790306 0.763605 0.771866 0.694151 0.754633
0.853609 0.789859 0.764154 0.771313 0.694215 0.755067
0.848257 0.791270 0.763663 0.771138 0.692842 0.751199
0.855775 0.789369 0.763542 0.772415 0.695239 0.757718
0.844561 0.791703 0.762874 0.770612 0.691666 0.747673
0.857970 0.787948 0.764357 0.771939 0.695107 0.759228
0.840865 0.791889 0.761406 0.769893 0.690071 0.744847
0.860262 0.785692 0.763308 0.773180 0.695647 0.761894
0.836347 0.792243 0.760626 0.767209 0.688236 0.741191
0.860732 0.784037 0.762034 0.773097 0.695677 0.763807
0.838426 0.791890 0.762764 0.770279 0.690664 0.745895
0.850913 0.788804 0.764124 0.767105 0.691929 0.753236
0.857476 0.788070 0.763907 0.771428 0.694982 0.759352
0.828227 0.791605 0.757880 0.768036 0.686351 0.736720
0.862319 0.785284 0.763282 0.769293 0.694875 0.761553
0.846451 0.790229 0.762438 0.768439 0.691871 0.749174
0.855458 0.788882 0.763143 0.772337 0.695007 0.758481
0.848300 0.790971 0.762891 0.772791 0.694662 0.753778
0.850198 0.791897 0.763238 0.769704 0.693771 0.752976
0.858306 0.788515 0.764138 0.769638 0.694731 0.759316
0.842250 0.792630 0.761674 0.769466 0.690695 0.747345
0.857415 0.788240 0.763750 0.772800 0.695343 0.759283
0.847882 0.791055 0.763663 0.770413 0.692888 0.750343
0.852238 0.790558 0.763266 0.770200 0.694068 0.753151
0.854505 0.789829 0.763322 0.772334 0.694660 0.756798
0.844396 0.791999 0.763103 0.770717 0.691570 0.747939
0.858548 0.786760 0.764399 0.771527 0.695121 0.759953
0.844938 0.791295 0.762368 0.771179 0.691691 0.747493
0.854918 0.789824 0.764005 0.772424 0.694600 0.756272
0.850953 0.791118 0.764100 0.770810 0.693500 0.752301
0.849982 0.790361 0.763699 0.771491 0.693771 0.752057
0.854138 0.789655 0.764409 0.772467 0.695116 0.755979
0.848930 0.791478 0.763987 0.771272 0.693138 0.751004
0.854950 0.789324 0.764795 0.772498 0.695036 0.757228
0.845608 0.791844 0.762420 0.770999 0.691662 0.748324
0.857124 0.789007 0.764272 0.772299 0.694793 0.757915
0.843286 0.792131 0.762694 0.769895 0.690840 0.746274
0.858570 0.787182 0.763537 0.773704 0.695033 0.759847
0.843122 0.791792 0.762277 0.770383 0.691197 0.746341
0.856941 0.788663 0.764410 0.772327 0.694430 0.758269
0.844817 0.792104 0.762745 0.770455 0.691609 0.747636
0.855056 0.788961 0.764378 0.773403 0.694517 0.757271
0.847169 0.791479 0.764069 0.770483 0.692351 0.749873
0.855530 0.789642 0.764043 0.772106 0.694359 0.756040
0.847064 0.791287 0.763040 0.772422 0.692477 0.750444
0.852401 0.789994 0.764296 0.770770 0.693331 0.753860
0.853894 0.790434 0.764204 0.771873 0.694015 0.754285
0.847030 0.791352 0.762986 0.772798 0.692397 0.749971
0.856017 0.789446 0.764506 0.771612 0.694563 0.756429
0.848305 0.791810 0.763412 0.771003 0.692429 0.750048
0.854888 0.788840 0.763535 0.774312 0.694988 0.757377
0.846819 0.791855 0.762246 0.769245 0.691988 0.748217
0.860396 0.786438 0.764244 0.772502 0.695191 0.761249
0.832135 0.792830 0.758770 0.768442 0.687075 0.739587
0.864086 0.783317 0.761648 0.772359 0.694304 0.763428
0.831807 0.793234 0.758486 0.765490 0.687109 0.738308
0.856349 0.785721 0.763287 0.774050 0.695998 0.760712
0.855096 0.788971 0.763556 0.771709 0.694594 0.757800
0.838612 0.791684 0.760812 0.767118 0.687732 0.743257
0.858951 0.785481 0.763864 0.773476 0.694978 0.762064
0.839313 0.790933 0.762616 0.770088 0.691326 0.746227
0.853511 0.789872 0.763656 0.769255 0.694292 0.755982
0.857437 0.787934 0.764447 0.770283 0.694657 0.759107
0.838548 0.792432 0.759947 0.768816 0.689254 0.742952
0.857157 0.785584 0.761513 0.773920 0.694923 0.761789
0.845549 0.790870 0.762976 0.772073 0.693161 0.751536
0.846545 0.791581 0.762581 0.764744 0.691792 0.750371
0.862421 0.784426 0.762636 0.768221 0.695637 0.762969
0.831011 0.792925 0.759133 0.769211 0.689042 0.741452
0.855009 0.789690 0.763335 0.772092 0.694436 0.757142
0.858986 0.787702 0.763307 0.768759 0.693646 0.758296
0.839980 0.792526 0.759850 0.769192 0.689569 0.743637
0.855218 0.785367 0.762067 0.774693 0.695238 0.760876
0.853503 0.789408 0.762885 0.772482 0.695141 0.756600
0.847297 0.791496 0.760856 0.766369 0.691313 0.748334
0.859165 0.787872 0.763838 0.770303 0.694788 0.761333
0.840342 0.793952 0.761776 0.770581 0.690853 0.746886
0.849391 0.790069 0.763474 0.772245 0.693767 0.754334
0.858039 0.788035 0.763217 0.771739 0.695592 0.759597
0.842242 0.791895 0.761204 0.768087 0.690478 0.746767
0.854638 0.790542 0.763960 0.770529 0.694623 0.756583
0.854867 0.790190 0.764034 0.771506 0.694917 0.757076
0.843695 0.791914 0.762633 0.771120 0.691078 0.747739
0.856694 0.788457 0.765036 0.772152 0.695215 0.758411
0.853869 0.789728 0.764433 0.770814 0.694139 0.755013
0.846830 0.791757 0.763010 0.772105 0.691659 0.749582
0.855218 0.789765 0.764168 0.773717 0.694800 0.757145
0.848493 0.791810 0.762811 0.770674 0.692614 0.749532
0.853676 0.790403 0.764210 0.771862 0.694608 0.755354
0.851056 0.790415 0.763737 0.772478 0.693950 0.753583
0.849507 0.791291 0.763736 0.771862 0.693512 0.752197
0.855172 0.790214 0.764275 0.772310 0.694200 0.756683
0.847599 0.791438 0.763492 0.771654 0.691707 0.749586
0.854644 0.790645 0.764272 0.772293 0.693816 0.755004
0.851455 0.790794 0.764177 0.772595 0.693111 0.752614
0.849584 0.791138 0.764071 0.772412 0.692113 0.751091
0.854526 0.790083 0.764204 0.772148 0.693768 0.754952
0.847755 0.791695 0.763962 0.772087 0.692439 0.749449
0.853411 0.790016 0.764458 0.773483 0.694037 0.755591
0.849094 0.792139 0.763915 0.771022 0.692466 0.750366
0.855183 0.789979 0.764548 0.773626 0.694027 0.756433
0.847303 0.792226 0.763530 0.772219 0.692014 0.748869
0.856079 0.789836 0.764491 0.773203 0.693832 0.756452
0.847769 0.792041 0.763246 0.771780 0.691496 0.749171
0.855694 0.789518 0.764617 0.773772 0.694234 0.756305
0.848394 0.791955 0.763941 0.771537 0.692310 0.749590
0.854884 0.790040 0.764614 0.773722 0.693963 0.756134
0.847608 0.792344 0.763487 0.770763 0.691563 0.748620
0.856534 0.789017 0.764283 0.773691 0.694330 0.757521
0.843907 0.792288 0.762852 0.770581 0.690465 0.746069
0.859791 0.787789 0.764125 0.773633 0.694469 0.759788
0.839113 0.792612 0.761322 0.770548 0.689167 0.743185
0.860281 0.786830 0.763737 0.774132 0.694658 0.760721
0.841268 0.792210 0.761230 0.769507 0.689555 0.743851
0.858690 0.787363 0.763763 0.774150 0.694484 0.760102
0.846043 0.792345 0.763789 0.771196 0.691913 0.748854
0.853227 0.791033 0.764722 0.772302 0.693735 0.754691
0.853831 0.791044 0.764413 0.772391 0.693397 0.755150
0.846458 0.791977 0.763220 0.770627 0.691457 0.748220
0.858445 0.787716 0.764278 0.774235 0.694526 0.759453
0.843500 0.792267 0.762560 0.770832 0.690205 0.746217
0.859074 0.788439 0.764160 0.773428 0.694342 0.758862
0.844716 0.792167 0.763213 0.771512 0.691336 0.747531
0.854679 0.790537 0.764829 0.772893 0.693745 0.755566
0.854412 0.790783 0.764543 0.772114 0.693235 0.754566
0.848739 0.791921 0.764224 0.772090 0.691943 0.750192
0.856730 0.790056 0.764494 0.773863 0.694516 0.757141
0.845847 0.792384 0.762806 0.770792 0.691030 0.747537
0.859002 0.788451 0.764300 0.774003 0.694227 0.758863
0.844857 0.792622 0.762369 0.771214 0.691044 0.746632
0.858456 0.787809 0.763700 0.774401 0.693973 0.759304
0.843328 0.792106 0.762708 0.769398 0.690489 0.746433
0.857690 0.788023 0.764359 0.773202 0.694779 0.759123
0.845071 0.792244 0.763052 0.771239 0.690468 0.747854
0.855099 0.790251 0.764738 0.771202 0.693085 0.754736
0.852584 0.791112 0.764674 0.773134 0.692838 0.753909
0.847655 0.791898 0.763227 0.771910 0.691652 0.749019
0.860019 0.788196 0.764551 0.772310 0.693888 0.758499
0.842578 0.792886 0.762444 0.771026 0.690012 0.745489
0.858592 0.787624 0.763455 0.774873 0.694674 0.759706
0.845926 0.792137 0.763135 0.769521 0.691328 0.747823
0.856680 0.789035 0.764364 0.773526 0.694154 0.757674
0.848565 0.792353 0.763623 0.772350 0.692855 0.750345
0.854655 0.790890 0.764377 0.773385 0.693530 0.755617
0.848244 0.791498 0.764220 0.771588 0.691122 0.750029
0.854481 0.790413 0.763362 0.772677 0.694111 0.754526
0.852314 0.791231 0.763312 0.772713 0.693138 0.753791
0.849103 0.791962 0.762900 0.770457 0.692233 0.751248
0.854217 0.791198 0.764168 0.770985 0.693706 0.754100
0.850754 0.791509 0.763086 0.772505 0.693192 0.751901
0.854860 0.789654 0.763145 0.773765 0.693324 0.755915
0.850247 0.791575 0.764270 0.770615 0.692614 0.752219
0.852648 0.790930 0.764780 0.772306 0.693767 0.754978
0.847356 0.791844 0.763184 0.772396 0.692320 0.748945
0.858724 0.789593 0.763207 0.772914 0.693856 0.757489
0.847096 0.792881 0.762714 0.771312 0.691371 0.748028
0.855950 0.790127 0.764419 0.773354 0.693584 0.757011
0.847148 0.792585 0.762158 0.769707 0.691317 0.748128
0.859372 0.788242 0.762765 0.773250 0.694309 0.758981
0.839359 0.793411 0.761919 0.771719 0.689351 0.743622
0.858083 0.788923 0.764852 0.771131 0.694042 0.757840
0.847919 0.791893 0.762922 0.770159 0.691514 0.748489
0.854969 0.788522 0.763677 0.775735 0.693488 0.756933
0.850033 0.791939 0.763472 0.771306 0.692898 0.750695
0.856076 0.790817 0.764426 0.772020 0.693420 0.755892
0.848580 0.792458 0.764060 0.772689 0.691510 0.750522
0.852651 0.790841 0.764401 0.772899 0.693857 0.753906
0.853533 0.790372 0.764654 0.773612 0.693627 0.754520
0.847882 0.791453 0.763463 0.771473 0.691183 0.749307
0.857085 0.789826 0.764557 0.772646 0.693923 0.756096
0.844998 0.792828 0.763237 0.772551 0.691358 0.746906
0.857560 0.789095 0.764464 0.774358 0.693885 0.757521
0.847619 0.791908 0.763533 0.770394 0.690992 0.748512
0.858083 0.786895 0.763983 0.775155 0.694728 0.759916
0.840322 0.792631 0.761490 0.770785 0.689160 0.743522
0.860864 0.787421 0.764033 0.771426 0.694186 0.759256
0.841444 0.792773 0.762123 0.771356 0.689473 0.744742
0.856775 0.788544 0.764019 0.775161 0.694444 0.758041
0.852295 0.791324 0.763842 0.770873 0.692226 0.751284
0.852968 0.791294 0.764912 0.772670 0.692741 0.753970
0.852156 0.790972 0.764823 0.773733 0.693744 0.753696
0.850715 0.791451 0.764481 0.772631 0.693023 0.751669
0.855556 0.790300 0.764838 0.772857 0.693473 0.755631
0.847456 0.791545 0.763690 0.771021 0.691558 0.749013
0.856815 0.788648 0.764441 0.775034 0.694367 0.758337
0.843608 0.792733 0.762079 0.770619 0.690062 0.745652
0.861724 0.787334 0.763545 0.774052 0.693983 0.760935
0.837121 0.793036 0.760752 0.770850 0.687987 0.742015
0.861484 0.787180 0.763899 0.773784 0.693998 0.760913
0.843316 0.792705 0.761369 0.769972 0.689323 0.745142
0.856594 0.788649 0.763881 0.775011 0.693887 0.757932
0.851614 0.791603 0.764930 0.771211 0.693630 0.753027
0.850818 0.792171 0.764421 0.771632 0.692642 0.751953
0.856112 0.790132 0.763589 0.773893 0.693539 0.756899
0.843391 0.792533 0.761842 0.770288 0.690263 0.745594
0.861056 0.786958 0.763737 0.774071 0.694480 0.761006
0.841654 0.792339 0.762247 0.770743 0.690431 0.745237
0.858705 0.789205 0.764824 0.772910 0.694286 0.757690
0.850234 0.792297 0.764938 0.772267 0.691997 0.750951
0.850538 0.792041 0.764115 0.772854 0.692957 0.751916
0.857598 0.789795 0.764581 0.773538 0.694118 0.757718
0.845070 0.792321 0.762886 0.771651 0.690006 0.746989
0.857327 0.789970 0.764169 0.774383 0.694484 0.757459
0.848476 0.792620 0.763819 0.772470 0.692136 0.749484
0.855303 0.790605 0.765222 0.773601 0.693447 0.755769
0.852320 0.792242 0.764249 0.772609 0.692545 0.751973
0.852218 0.791288 0.764389 0.774204 0.693037 0.753639
0.850792 0.791447 0.764601 0.771349 0.692303 0.751631
0.855048 0.791019 0.764353 0.773034 0.693885 0.754804
0.848564 0.792152 0.763455 0.773022 0.692041 0.749604
0.856417 0.790222 0.765235 0.772828 0.694021 0.756047
0.849942 0.792030 0.763920 0.771938 0.691838 0.749681
0.854586 0.790334 0.764215 0.774300 0.693467 0.755314
0.849308 0.792110 0.763823 0.770221 0.691784 0.749764
0.858325 0.788247 0.764203 0.774186 0.694736 0.758962
0.838232 0.792266 0.760015 0.770620 0.687392 0.741505
0.863460 0.785723 0.762955 0.772534 0.694125 0.761628
0.831603 0.792621 0.757939 0.767281 0.685281 0.736625
0.857076 0.785901 0.761317 0.776060 0.693608 0.759084
0.856664 0.790171 0.763163 0.770471 0.694212 0.756527
0.842228 0.792557 0.762275 0.769216 0.689510 0.745720
0.860193 0.785047 0.762305 0.775252 0.694583 0.762752
0.841272 0.792951 0.761076 0.769340 0.689422 0.744947
0.855931 0.790104 0.764317 0.770756 0.694062 0.756672
0.855161 0.788402 0.764972 0.773118 0.694594 0.758231
0.841531 0.792310 0.761819 0.770697 0.690450 0.745078
0.861615 0.787205 0.761998 0.772887 0.693043 0.760277
0.847263 0.791072 0.763309 0.770607 0.691169 0.749794
0.845485 0.792279 0.764345 0.768721 0.691919 0.749301
0.860112 0.788465 0.763940 0.770727 0.695613 0.761067
0.840752 0.791554 0.761564 0.769782 0.689147 0.746043
0.855147 0.791235 0.763536 0.771878 0.693222 0.755168
0.856573 0.790011 0.764589 0.772646 0.694087 0.757083
0.843884 0.793456 0.761761 0.772334 0.691083 0.746009
0.858235 0.788495 0.763322 0.774819 0.694365 0.758105
0.851991 0.791808 0.762495 0.771891 0.692208 0.751791
0.846266 0.792420 0.762665 0.770926 0.690151 0.748407
0.856509 0.788685 0.764610 0.775030 0.694662 0.758976
0.847703 0.792137 0.763284 0.772217 0.692280 0.749222
0.856936 0.790305 0.764359 0.772565 0.692708 0.755878
0.853418 0.791614 0.764697 0.772955 0.692593 0.753622
0.852678 0.791847 0.764698 0.772924 0.692470 0.753084
0.852133 0.791935 0.764581 0.772961 0.692616 0.752661
0.851734 0.792194 0.764655 0.772794 0.692724 0.752566
0.851689 0.792015 0.764555 0.772877 0.692956 0.752420
0.851932 0.791904 0.764457 0.773047 0.693028 0.752447
0.852495 0.791749 0.764284 0.773195 0.693139 0.752833
0.853107 0.791505 0.764509 0.773315 0.693279 0.753560
0.853399 0.791273 0.764611 0.773354 0.693421 0.754053
0.853540 0.791346 0.764714 0.773376 0.693403 0.754282
0.853422 0.791243 0.764773 0.773210 0.693286 0.754130
0.853186 0.791352 0.764976 0.773125 0.693209 0.754003
0.852655 0.791528 0.765047 0.772990 0.692916 0.753519
0.852240 0.791536 0.764903 0.772774 0.692742 0.752947
0.852010 0.791580 0.764902 0.772848 0.692795 0.752802
0.852080 0.791731 0.764925 0.772956 0.692837 0.752819
0.852469 0.791794 0.764912 0.773272 0.692999 0.753007
0.852726 0.791734 0.764792 0.773678 0.693208 0.753225
0.852913 0.791532 0.764811 0.773909 0.693362 0.753436
0.853304 0.791433 0.764806 0.774048 0.693444 0.753661
0.853288 0.791411 0.764730 0.774139 0.693520 0.753674
0.853155 0.791492 0.764783 0.774017 0.693361 0.753511
0.853044 0.791562 0.764747 0.773756 0.693225 0.753287
0.853001 0.791768 0.764765 0.773594 0.692923 0.752983
0.852953 0.791945 0.764870 0.773404 0.692871 0.752811
0.852955 0.791971 0.764936 0.773228 0.692763 0.752892
0.853047 0.791871 0.764905 0.773276 0.692797 0.753183
0.853190 0.791686 0.765055 0.773401 0.692803 0.753383
0.853168 0.791672 0.764932 0.773526 0.692897 0.753597
0.853192 0.791758 0.764936 0.773587 0.693047 0.753733
0.852998 0.791830 0.764977 0.773625 0.692966 0.753720
0.852860 0.791934 0.764901 0.773732 0.692971 0.753608
0.852660 0.792037 0.764779 0.773668 0.692820 0.753353
0.852533 0.792078 0.764799 0.773527 0.692817 0.753163
0.852564 0.792105 0.764862 0.773425 0.692805 0.753024
0.852636 0.792003 0.764859 0.773466 0.692827 0.753002
0.852769 0.791959 0.764866 0.773462 0.692908 0.753128
0.852932 0.791832 0.764855 0.773468 0.692877 0.753353
0.852961 0.791717 0.764859 0.773449 0.692806 0.753509
0.853025 0.791732 0.764914 0.773459 0.692811 0.753480
0.852978 0.791761 0.764940 0.773491 0.692808 0.753419
0.852867 0.791751 0.764928 0.773563 0.692826 0.753345
0.852663 0.791799 0.764877 0.773514 0.692875 0.753214
0.852617 0.791981 0.764826 0.773521 0.692855 0.753117
0.852635 0.792004 0.764831 0.773515 0.692904 0.753096
0.852734 0.791918 0.764830 0.773485 0.692923 0.753123
0.852893 0.791875 0.764853 0.773477 0.692857 0.753222
0.852986 0.791824 0.764829 0.773484 0.692801 0.753308
0.853106 0.791850 0.764815 0.773514 0.692798 0.753388
0.853162 0.791863 0.764817 0.773481 0.692708 0.753395
0.853077 0.791839 0.764874 0.773528 0.692711 0.753380
0.853049 0.791862 0.764914 0.773554 0.692694 0.753319
0.852952 0.791876 0.764956 0.773586 0.692725 0.753245
0.852930 0.791897 0.764930 0.773574 0.692699 0.753197
0.852914 0.791888 0.764969 0.773578 0.692695 0.753230
0.852926 0.791881 0.764941 0.773582 0.692740 0.753231
0.853045 0.791930 0.764937 0.773502 0.692748 0.753283
0.853083 0.791880 0.764971 0.773512 0.692753 0.753287
0.853130 0.791877 0.764983 0.773454 0.692734 0.753330
0.853131 0.791883 0.764991 0.773457 0.692672 0.753292
0.853052 0.791862 0.764973 0.773457 0.692662 0.753235
0.852995 0.791880 0.764969 0.773497 0.692640 0.753161
0.852964 0.791917 0.764999 0.773533 0.692631 0.753091
0.852966 0.791911 0.765005 0.773548 0.692624 0.753096
0.852976 0.791884 0.765023 0.773579 0.692655 0.753127
0.853016 0.791886 0.765027 0.773589 0.692692 0.753113
0.853086 0.791916 0.765004 0.773584 0.692712 0.753150
0.853127 0.791853 0.764996 0.773588 0.692704 0.753209
0.853111 0.791849 0.764990 0.773597 0.692683 0.753191
0.853160 0.791870 0.765008 0.773595 0.692632 0.753157
0.853193 0.791902 0.764988 0.773581 0.692574 0.753153
0.853151 0.791909 0.765016 0.773583 0.692538 0.753089
0.853117 0.791967 0.764974 0.773584 0.692527 0.753070
0.853113 0.791961 0.765019 0.773571 0.692564 0.753039
0.853132 0.791931 0.765046 0.773605 0.692581 0.753058
0.853152 0.791892 0.765056 0.773599 0.692582 0.753100
0.853147 0.791900 0.765048 0.773616 0.692598 0.753108
0.853194 0.791909 0.765053 0.773611 0.692575 0.753115
0.853196 0.791896 0.765046 0.773607 0.692568 0.753070
0.853200 0.791892 0.765041 0.773622 0.692506 0.753056
0.853189 0.791900 0.765036 0.773618 0.692533 0.753047
0.853217 0.791883 0.765038 0.773596 0.692514 0.753029
0.853213 0.791871 0.765021 0.773589 0.692535 0.753018
0.853205 0.791887 0.765065 0.773630 0.692559 0.753043
0.853241 0.791883 0.765058 0.773608 0.692544 0.753068
0.853281 0.791867 0.765070 0.773658 0.692534 0.753056
0.853315 0.791875 0.765028 0.773657 0.692554 0.753081
0.853329 0.791881 0.765045 0.773649 0.692530 0.753058
0.853337 0.791885 0.765045 0.773637 0.692558 0.753035
0.853355 0.791887 0.765030 0.773644 0.692531 0.753016
0.853316 0.791912 0.765016 0.773655 0.692502 0.753009
0.853291 0.791877 0.765033 0.773662 0.692487 0.753020
0.853293 0.791868 0.764991 0.773677 0.692482 0.753007
0.853289 0.791868 0.764981 0.773700 0.692479 0.753024
0.853310 0.791887 0.764991 0.773678 0.692501 0.753031
0.853290 0.791883 0.765006 0.773689 0.692508 0.753016
0.853271 0.791883 0.765021 0.773687 0.692527 0.753014
0.853276 0.791891 0.765018 0.773680 0.692504 0.753018
0.853265 0.791908 0.765026 0.773710 0.692513 0.753001
0.853302 0.791908 0.765009 0.773695 0.692506 0.752995
0.853324 0.791906 0.764988 0.773693 0.692511 0.752997
0.853319 0.791912 0.764976 0.773687 0.692484 0.752987
0.853327 0.791874 0.764969 0.773645 0.692465 0.752959
0.853327 0.791889 0.764986 0.773647 0.692450 0.752944
0.853334 0.791861 0.764986 0.773654 0.692427 0.752919
0.853339 0.791884 0.765006 0.773680 0.692417 0.752909
0.853338 0.791865 0.764965 0.773699 0.692412 0.752905
0.853332 0.791855 0.764960 0.773706 0.692422 0.752896
0.853326 0.791836 0.764950 0.773714 0.692410 0.752913
0.853333 0.791836 0.764950 0.773721 0.692407 0.752925
0.853345 0.791788 0.764933 0.773719 0.692351 0.752909
0.853350 0.791805 0.764948 0.773687 0.692351 0.752894
0.853363 0.791802 0.764955 0.773689 0.692335 0.752902
0.853363 0.791811 0.764936 0.773679 0.692343 0.752917
0.853369 0.791834 0.764951 0.773679 0.692348 0.752892
0.853344 0.791844 0.764968 0.773694 0.692353 0.752900
0.853331 0.791853 0.764968 0.773696 0.692355 0.752898
0.853346 0.791826 0.764953 0.773720 0.692346 0.752890
0.853361 0.791815 0.764953 0.773720 0.692324 0.752879
0.853388 0.791832 0.764958 0.773785 0.692333 0.752869
0.853388 0.791813 0.764943 0.773761 0.692345 0.752875
0.853394 0.791792 0.764972 0.773787 0.692306 0.752877
0.853387 0.791811 0.764995 0.773787 0.692299 0.752860
0.853397 0.791833 0.764987 0.773778 0.692304 0.752844
0.853386 0.791854 0.764970 0.773785 0.692284 0.752860
0.853407 0.791854 0.764948 0.773769 0.692298 0.752850
0.853396 0.791838 0.764950 0.773779 0.692288 0.752875
0.853397 0.791808 0.764925 0.773779 0.692291 0.752913
0.853416 0.791790 0.764933 0.773788 0.692315 0.752921
0.853410 0.791817 0.764960 0.773806 0.692317 0.752927
0.853399 0.791817 0.764970 0.773817 0.692307 0.752925
0.853398 0.791825 0.764977 0.773834 0.692314 0.752938
0.853384 0.791812 0.764967 0.773832 0.692315 0.752896
0.853365 0.791827 0.764967 0.773825 0.692313 0.752902
0.853352 0.791798 0.764967 0.773847 0.692293 0.752887
0.853380 0.791808 0.764960 0.773863 0.692312 0.752904
0.853374 0.791819 0.764970 0.773902 0.692329 0.752925
0.853387 0.791808 0.764974 0.773919 0.692314 0.752925
0.853386 0.791808 0.764957 0.773902 0.692307 0.752925
0.853392 0.791816 0.764957 0.773900 0.692300 0.752915
0.853390 0.791822 0.764964 0.773867 0.692291 0.752894
0.853376 0.791783 0.764964 0.773869 0.692267 0.752877
0.853402 0.791772 0.764967 0.773889 0.692257 0.752879
0.853407 0.791789 0.764967 0.773911 0.692286 0.752865
0.853427 0.791797 0.764955 0.773903 0.692267 0.752865
0.853440 0.791814 0.764955 0.773894 0.692253 0.752858
0.853442 0.791816 0.764991 0.773887 0.692241 0.752862
0.853442 0.791824 0.764991 0.773861 0.692241 0.752862
0.853442 0.791833 0.764982 0.773867 0.692219 0.752862
0.853443 0.791824 0.764989 0.773859 0.692199 0.752862
0.853435 0.791843 0.764989 0.773874 0.692192 0.752865
0.853462 0.791837 0.764979 0.773885 0.692201 0.752873
0.853462 0.791822 0.764987 0.773895 0.692199 0.752875
0.853470 0.791816 0.764984 0.773875 0.692199 0.752888
0.853484 0.791798 0.764967 0.773912 0.692214 0.752902
0.853458 0.791798 0.764977 0.773897 0.692211 0.752902
0.853480 0.791779 0.764925 0.773890 0.692175 0.752894
0.853480 0.791787 0.764933 0.773916 0.692160 0.752904
0.853473 0.791768 0.764945 0.773906 0.692170 0.752888
0.853452 0.791768 0.764936 0.773899 0.692166 0.752871
0.853472 0.791777 0.764953 0.773888 0.692200 0.752879
0.853458 0.791785 0.764933 0.773885 0.692205 0.752869
0.853465 0.791793 0.764941 0.773891 0.692195 0.752843
0.853452 0.791795 0.764933 0.773907 0.692198 0.752823
0.853460 0.791787 0.764926 0.773893 0.692185 0.752846
0.853479 0.791781 0.764928 0.773891 0.692192 0.752846
0.853465 0.791779 0.764948 0.773885 0.692200 0.752837
0.853465 0.791787 0.764954 0.773887 0.692188 0.752839
0.853491 0.791798 0.764941 0.773877 0.692159 0.752833
0.853505 0.791787 0.764921 0.773861 0.692161 0.752833
0.853526 0.791798 0.764931 0.773848 0.692149 0.752827
0.853532 0.791795 0.764941 0.773848 0.692154 0.752827
0.853539 0.791779 0.764946 0.773863 0.692128 0.752827
0.853546 0.791798 0.764939 0.773879 0.692120 0.752822
0.853553 0.791777 0.764929 0.773885 0.692111 0.752829
0.853533 0.791791 0.764929 0.773881 0.692101 0.752835
0.853513 0.791799 0.764929 0.773881 0.692101 0.752820
0.853513 0.791801 0.764924 0.773872 0.692106 0.752827
0.853547 0.791791 0.764934 0.773867 0.692119 0.752829
0.853574 0.791789 0.764963 0.773876 0.692102 0.752845
0.853581 0.791780 0.764956 0.773912 0.692116 0.752846
0.853568 0.791772 0.764946 0.773921 0.692104 0.752837
0.853561 0.791799 0.764932 0.773910 0.692088 0.752862
0.853548 0.791789 0.764929 0.773926 0.692085 0.752890
0.853540 0.791778 0.764937 0.773924 0.692085 0.752868
0.853554 0.791797 0.764922 0.773930 0.692090 0.752869
0.853561 0.791780 0.764924 0.773948 0.692083 0.752850
0.853575 0.791770 0.764932 0.773917 0.692090 0.752858
0.853567 0.791764 0.764962 0.773902 0.692073 0.752869
0.853568 0.791770 0.764962 0.773905 0.692083 0.752873
0.853574 0.791803 0.764929 0.773907 0.692105 0.752879
0.853581 0.791797 0.764929 0.773907 0.692088 0.752881
0.853575 0.791797 0.764920 0.773927 0.692093 0.752885
0.853569 0.791805 0.764908 0.773927 0.692090 0.752869
0.853569 0.791816 0.764908 0.773918 0.692075 0.752877
0.853548 0.791826 0.764898 0.773923 0.692071 0.752858
0.853553 0.791824 0.764920 0.773921 0.692080 0.752847
0.853540 0.791830 0.764943 0.773901 0.692134 0.752875
0.853546 0.791841 0.764950 0.773901 0.692144 0.752902
0.853566 0.791824 0.764918 0.773915 0.692129 0.752866
0.853532 0.791799 0.764901 0.773915 0.692129 0.752866
0.853533 0.791791 0.764906 0.773925 0.692110 0.752881
0.853552 0.791774 0.764913 0.773934 0.692117 0.752871
0.853552 0.791777 0.764901 0.773925 0.692105 0.752877
0.853559 0.791766 0.764891 0.773947 0.692105 0.752871
0.853559 0.791772 0.764916 0.773937 0.692118 0.752873
0.853538 0.791772 0.764921 0.773939 0.692104 0.752850
0.853537 0.791778 0.764928 0.773949 0.692091 0.752843
0.853558 0.791762 0.764946 0.773943 0.692091 0.752837
0.853559 0.791772 0.764938 0.773929 0.692086 0.752854
0.853560 0.791764 0.764950 0.773927 0.692084 0.752862
0.853567 0.791764 0.764955 0.773912 0.692089 0.752868
0.853553 0.791772 0.764946 0.773910 0.692082 0.752866
0.853533 0.791743 0.764963 0.773934 0.692079 0.752864
0.853546 0.791753 0.764946 0.773921 0.692074 0.752870
0.853559 0.791772 0.764946 0.773938 0.692067 0.752862
0.853567 0.791799 0.764928 0.773933 0.692050 0.752862
0.853568 0.791766 0.764965 0.773918 0.692042 0.752856
0.853568 0.791757 0.764948 0.773913 0.692033 0.752850
0.853575 0.791759 0.764950 0.773924 0.692015 0.752845
0.853588 0.791759 0.764943 0.773930 0.692020 0.752845
0.853579 0.791776 0.764933 0.773940 0.692028 0.752841
0.853578 0.791768 0.764950 0.773955 0.692003 0.752835
0.853585 0.791741 0.764962 0.773942 0.692006 0.752812
0.853584 0.791703 0.764937 0.773944 0.692013 0.752803
0.853591 0.791703 0.764955 0.773966 0.692015 0.752814
0.853584 0.791701 0.764943 0.773940 0.692013 0.752826
0.853583 0.791707 0.764923 0.773945 0.692042 0.752831
0.853569 0.791747 0.764923 0.773936 0.692030 0.752831
0.853569 0.791757 0.764899 0.773945 0.692037 0.752818
0.853549 0.791732 0.764889 0.773945 0.692061 0.752808
0.853542 0.791753 0.764906 0.773943 0.692066 0.752808
0.853565 0.791747 0.764916 0.773949 0.692037 0.752835
0.853559 0.791712 0.764906 0.773936 0.692032 0.752826
0.853552 0.791728 0.764923 0.773934 0.692051 0.752810
0.853538 0.791731 0.764913 0.773960 0.692051 0.752801
0.853539 0.791697 0.764899 0.773929 0.692046 0.752822
0.853527 0.791697 0.764925 0.773916 0.692032 0.752816
0.853515 0.791695 0.764896 0.773914 0.692051 0.752816
0.853508 0.791674 0.764896 0.773943 0.692053 0.752847
0.853521 0.791685 0.764905 0.773943 0.692051 0.752849
0.853514 0.791678 0.764920 0.773943 0.692024 0.752847
0.853538 0.791695 0.764906 0.773939 0.692012 0.752831
0.853563 0.791701 0.764864 0.773945 0.691989 0.752830
0.853576 0.791712 0.764879 0.773965 0.691984 0.752830
0.853576 0.791720 0.764864 0.773946 0.691986 0.752822
0.853563 0.791701 0.764872 0.773928 0.691974 0.752816
0.853550 0.791680 0.764864 0.773965 0.691984 0.752795
0.853557 0.791680 0.764864 0.773987 0.691981 0.752803
0.853570 0.791707 0.764866 0.773974 0.691981 0.752805
0.853570 0.791707 0.764866 0.773965 0.691979 0.752805
0.853570 0.791762 0.764881 0.773974 0.691984 0.752766
0.853570 0.791780 0.764881 0.773959 0.691976 0.752736
0.853575 0.791770 0.764881 0.773965 0.691957 0.752736
0.853604 0.791762 0.764889 0.773961 0.691959 0.752745
0.853603 0.791762 0.764894 0.773950 0.691954 0.752745
0.853616 0.791751 0.764901 0.773942 0.691959 0.752749
0.853609 0.791776 0.764874 0.773933 0.691952 0.752728
0.853609 0.791780 0.764874 0.773950 0.691942 0.752734
0.853589 0.791789 0.764896 0.773967 0.691940 0.752738
0.853602 0.791783 0.764874 0.774000 0.691947 0.752738
0.853610 0.791774 0.764869 0.773980 0.691966 0.752740
0.853604 0.791780 0.764869 0.773969 0.691971 0.752724
0.853611 0.791791 0.764849 0.773952 0.691971 0.752707
0.853611 0.791799 0.764835 0.773981 0.691947 0.752694
0.853621 0.791826 0.764840 0.773977 0.691941 0.752696
0.853589 0.791816 0.764835 0.773966 0.691936 0.752684
0.853590 0.791818 0.764835 0.773951 0.691943 0.752692
0.853619 0.791804 0.764835 0.773953 0.691948 0.752700
0.853613 0.791785 0.764854 0.773955 0.691950 0.752702
0.853613 0.791793 0.764857 0.773946 0.691942 0.752702
0.853621 0.791783 0.764832 0.773955 0.691935 0.752713
0.853628 0.791785 0.764830 0.773955 0.691942 0.752713
0.853641 0.791793 0.764847 0.773955 0.691925 0.752723
0.853633 0.791818 0.764862 0.773965 0.691920 0.752734
0.853619 0.791818 0.764872 0.773994 0.691928 0.752732
0.853613 0.791841 0.764845 0.773994 0.691913 0.752734
0.853621 0.791814 0.764857 0.773993 0.691903 0.752726
0.853616 0.791802 0.764876 0.773971 0.691907 0.752713
0.853617 0.791833 0.764876 0.773954 0.691905 0.752713
0.853598 0.791814 0.764857 0.773967 0.691910 0.752738
0.853595 0.791820 0.764865 0.773950 0.691925 0.752707
0.853596 0.791833 0.764872 0.773937 0.691925 0.752696
0.853608 0.791846 0.764842 0.773930 0.691927 0.752711
0.853616 0.791856 0.764837 0.773947 0.691949 0.752717
0.853623 0.791846 0.764857 0.773941 0.691959 0.752719
0.853630 0.791846 0.764862 0.773949 0.691954 0.752732
0.853630 0.791837 0.764852 0.773934 0.691954 0.752744
0.853630 0.791837 0.764827 0.773943 0.691954 0.752757
0.853635 0.791837 0.764837 0.773934 0.691930 0.752736
0.853635 0.791829 0.764845 0.773934 0.691930 0.752726
0.853655 0.791842 0.764837 0.773943 0.691956 0.752742
0.853643 0.791842 0.764837 0.773934 0.691946 0.752726
0.853636 0.791842 0.764854 0.773932 0.691943 0.752698
0.853658 0.791831 0.764837 0.773936 0.691936 0.752707
0.853663 0.791815 0.764847 0.773929 0.691938 0.752719
0.853657 0.791815 0.764837 0.773927 0.691943 0.752719
0.853662 0.791806 0.764842 0.773961 0.691951 0.752728
0.853655 0.791806 0.764877 0.773961 0.691932 0.752728
0.853645 0.791811 0.764872 0.773987 0.691943 0.752711
0.853665 0.791819 0.764879 0.773987 0.691951 0.752709
0.853655 0.791821 0.764901 0.774014 0.691950 0.752746
0.853674 0.791819 0.764906 0.773967 0.691960 0.752738
0.853652 0.791811 0.764919 0.773958 0.691948 0.752742
0.853632 0.791805 0.764904 0.773990 0.691917 0.752734
0.853618 0.791805 0.764921 0.773967 0.691929 0.752727
0.853639 0.791811 0.764884 0.773954 0.691934 0.752734
0.853641 0.791794 0.764886 0.773984 0.691943 0.752728
0.853656 0.791807 0.764905 0.773970 0.691943 0.752742
0.853634 0.791788 0.764905 0.773970 0.691892 0.752719
0.853620 0.791781 0.764899 0.773971 0.691912 0.752721
0.853619 0.791796 0.764916 0.773969 0.691888 0.752713
0.853620 0.791779 0.764925 0.774000 0.691897 0.752711
0.853614 0.791787 0.764923 0.773971 0.691899 0.752717
0.853614 0.791760 0.764899 0.773980 0.691892 0.752709
0.853615 0.791781 0.764901 0.773993 0.691880 0.752711
0.853609 0.791781 0.764901 0.773985 0.691865 0.752698
0.853602 0.791783 0.764928 0.773989 0.691900 0.752709
0.853601 0.791775 0.764951 0.773983 0.691886 0.752713
0.853603 0.791796 0.764921 0.774011 0.691854 0.752721
0.853597 0.791771 0.764881 0.774021 0.691865 0.752707
0.853597 0.791771 0.764889 0.774019 0.691855 0.752715
0.853603 0.791779 0.764911 0.774026 0.691854 0.752713
0.853601 0.791779 0.764914 0.774053 0.691847 0.752706
0.853594 0.791750 0.764914 0.774048 0.691849 0.752713
0.853594 0.791741 0.764921 0.774053 0.691842 0.752700
0.853608 0.791752 0.764909 0.774063 0.691859 0.752715
0.853608 0.791752 0.764901 0.774056 0.691866 0.752702
0.853622 0.791733 0.764894 0.774065 0.691880 0.752702
0.853607 0.791744 0.764892 0.774046 0.691858 0.752688
0.853616 0.791733 0.764884 0.774063 0.691858 0.752700
0.853603 0.791738 0.764886 0.774046 0.691858 0.752709
0.853641 0.791725 0.764862 0.774051 0.691851 0.752702
0.853617 0.791721 0.764872 0.774054 0.691853 0.752705
0.853606 0.791769 0.764874 0.774056 0.691870 0.752711
0.853611 0.791735 0.764889 0.774054 0.691872 0.752702
0.853604 0.791744 0.764892 0.774066 0.691856 0.752700
0.853592 0.791759 0.764909 0.774088 0.691856 0.752707
0.853598 0.791767 0.764929 0.774059 0.691848 0.752702
0.853617 0.791761 0.764939 0.774068 0.691846 0.752711
0.853626 0.791765 0.764904 0.774054 0.691855 0.752717
0.853627 0.791765 0.764902 0.774059 0.691850 0.752719
0.853652 0.791763 0.764904 0.774061 0.691865 0.752702
0.853652 0.791738 0.764916 0.774061 0.691874 0.752713
0.853662 0.791709 0.764925 0.774078 0.691879 0.752698
0.853648 0.791753 0.764925 0.774070 0.691905 0.752711
0.853638 0.791742 0.764943 0.774063 0.691884 0.752730
0.853630 0.791742 0.764955 0.774085 0.691870 0.752726
0.853650 0.791759 0.764978 0.774085 0.691877 0.752705
0.853666 0.791776 0.764958 0.774068 0.691872 0.752700
0.853660 0.791748 0.764943 0.774073 0.691855 0.752725
0.853647 0.791753 0.764940 0.774096 0.691866 0.752734
0.853644 0.791741 0.764970 0.774087 0.691851 0.752728
0.853622 0.791753 0.764963 0.774088 0.691844 0.752711
0.853582 0.791753 0.764980 0.774088 0.691840 0.752732
0.853603 0.791763 0.764977 0.774118 0.691827 0.752749
0.853591 0.791766 0.764994 0.774105 0.691839 0.752705
0.853608 0.791763 0.764990 0.774064 0.691847 0.752705
0.853606 0.791780 0.764997 0.774084 0.691839 0.752709
0.853594 0.791780 0.764963 0.774086 0.691848 0.752717
0.853600 0.791761 0.764995 0.774082 0.691840 0.752742
0.853594 0.791790 0.764963 0.774071 0.691871 0.752749
0.853575 0.791774 0.764985 0.774108 0.691856 0.752721
0.853590 0.791784 0.764976 0.774099 0.691877 0.752726
0.853568 0.791772 0.764974 0.774084 0.691890 0.752732
0.853608 0.791772 0.764987 0.774084 0.691905 0.752763
0.853588 0.791782 0.764957 0.774082 0.691907 0.752742
0.853581 0.791790 0.764960 0.774093 0.691890 0.752725
0.853603 0.791801 0.764982 0.774080 0.691907 0.752723
0.853601 0.791799 0.764990 0.774075 0.691899 0.752725
0.853602 0.791790 0.764970 0.774075 0.691901 0.752753
0.853593 0.791809 0.765017 0.774077 0.691887 0.752740
0.853607 0.791826 0.765024 0.774079 0.691880 0.752698
0.853594 0.791815 0.765029 0.774064 0.691892 0.752706
0.853601 0.791828 0.765022 0.774062 0.691917 0.752692
0.853598 0.791803 0.765027 0.774065 0.691897 0.752671
0.853584 0.791803 0.765027 0.774077 0.691895 0.752650
0.853586 0.791799 0.765044 0.774088 0.691890 0.752654
0.853595 0.791810 0.764999 0.774115 0.691892 0.752673
0.853601 0.791791 0.765007 0.774104 0.691895 0.752665
0.853593 0.791824 0.765044 0.774102 0.691887 0.752646
0.853586 0.791832 0.765032 0.774102 0.691897 0.752652
0.853593 0.791843 0.765032 0.774115 0.691907 0.752652
0.853613 0.791824 0.765002 0.774115 0.691896 0.752660
0.853613 0.791868 0.765010 0.774122 0.691882 0.752663
0.853571 0.791868 0.765034 0.774107 0.691902 0.752658
0.853557 0.791868 0.765015 0.774142 0.691882 0.752656
0.853585 0.791860 0.765007 0.774166 0.691904 0.752656
0.853570 0.791857 0.764998 0.774171 0.691897 0.752654
0.853590 0.791849 0.764998 0.774182 0.691897 0.752642
0.853583 0.791845 0.764973 0.774172 0.691882 0.752637
0.853585 0.791847 0.764983 0.774160 0.691884 0.752644
0.853579 0.791837 0.764985 0.774118 0.691894 0.752667
0.853579 0.791853 0.764995 0.774123 0.691882 0.752652
0.853593 0.791835 0.765005 0.774140 0.691867 0.752669
0.853571 0.791832 0.765002 0.774153 0.691872 0.752656
0.853576 0.791851 0.765010 0.774158 0.691870 0.752623
0.853570 0.791843 0.764990 0.774153 0.691870 0.752625
0.853592 0.791851 0.764997 0.774155 0.691862 0.752633
0.853599 0.791883 0.764990 0.774162 0.691869 0.752640
0.853604 0.791883 0.764970 0.774169 0.691831 0.752644
0.853611 0.791902 0.764953 0.774171 0.691831 0.752646
0.853611 0.791899 0.764981 0.774162 0.691839 0.752658
0.853605 0.791881 0.764998 0.774217 0.691848 0.752665
0.853598 0.791862 0.764990 0.774217 0.691863 0.752646
0.853569 0.791868 0.764973 0.774223 0.691865 0.752650
0.853591 0.791878 0.764988 0.774234 0.691870 0.752646
0.853592 0.791891 0.764990 0.774227 0.691853 0.752648
0.853606 0.791891 0.764983 0.774234 0.691872 0.752669
0.853607 0.791910 0.764990 0.774225 0.691872 0.752684
0.853612 0.791918 0.764973 0.774203 0.691891 0.752705
0.853607 0.791910 0.764966 0.774190 0.691874 0.752705
0.853620 0.791891 0.764983 0.774229 0.691884 0.752700
0.853613 0.791883 0.764990 0.774244 0.691877 0.752698
0.853634 0.791883 0.764975 0.774243 0.691867 0.752700
0.853627 0.791893 0.764998 0.774241 0.691865 0.752700
0.853633 0.791864 0.765005 0.774244 0.691851 0.752692
0.853635 0.791877 0.764978 0.774243 0.691819 0.752694
0.853635 0.791887 0.764978 0.774251 0.691818 0.752713
0.853641 0.791891 0.765000 0.774256 0.691843 0.752703
0.853615 0.791899 0.765015 0.774245 0.691851 0.752707
0.853614 0.791864 0.764998 0.774245 0.691860 0.752724
0.853609 0.791847 0.765000 0.774226 0.691851 0.752738
0.853611 0.791862 0.764993 0.774261 0.691848 0.752742
0.853604 0.791862 0.765015 0.774261 0.691853 0.752723
0.853596 0.791877 0.765013 0.774239 0.691853 0.752704
0.853617 0.791874 0.765013 0.774241 0.691836 0.752721
0.853617 0.791872 0.765007 0.774224 0.691848 0.752705
0.853589 0.791883 0.765054 0.774233 0.691868 0.752728
0.853581 0.791872 0.765035 0.774200 0.691864 0.752705
0.853581 0.791877 0.765037 0.774198 0.691846 0.752717
0.853611 0.791889 0.765059 0.774216 0.691833 0.752698
0.853575 0.791889 0.765037 0.774222 0.691824 0.752675
0.853547 0.791904 0.765028 0.774220 0.691844 0.752685
0.853589 0.791919 0.765057 0.774224 0.691838 0.752692
0.853577 0.791931 0.765059 0.774239 0.691833 0.752692
0.853563 0.791925 0.765057 0.774253 0.691836 0.752700
0.853557 0.791927 0.765057 0.774258 0.691826 0.752681
0.853563 0.791908 0.765057 0.774253 0.691814 0.752673
0.853545 0.791916 0.765057 0.774253 0.691853 0.752675
0.853552 0.791916 0.765074 0.774244 0.691860 0.752704
0.853579 0.791900 0.765052 0.774235 0.691852 0.752690
0.853561 0.791883 0.765052 0.774233 0.691854 0.752696
0.853539 0.791921 0.765067 0.774227 0.691852 0.752688
0.853539 0.791931 0.765074 0.774275 0.691879 0.752679
0.853553 0.791921 0.765072 0.774242 0.691874 0.752698
0.853568 0.791904 0.765052 0.774216 0.691849 0.752702
0.853587 0.791921 0.765056 0.774195 0.691818 0.752694
0.853587 0.791965 0.765017 0.774187 0.691832 0.752681
0.853567 0.791948 0.765054 0.774183 0.691835 0.752671
0.853555 0.791961 0.765042 0.774196 0.691838 0.752665
0.853570 0.791959 0.765088 0.774172 0.691808 0.752686
0.853571 0.791967 0.765091 0.774187 0.691827 0.752717
0.853579 0.791906 0.765066 0.774191 0.691832 0.752715
0.853599 0.791890 0.765061 0.774162 0.691829 0.752740
0.853607 0.791890 0.765078 0.774153 0.691839 0.752730
0.853596 0.791913 0.765071 0.774128 0.691827 0.752704
0.853585 0.791929 0.765067 0.774150 0.691838 0.752673
0.853622 0.791915 0.765071 0.774154 0.691852 0.752698
0.853631 0.791944 0.765071 0.774152 0.691837 0.752732
0.853629 0.791919 0.765071 0.774177 0.691837 0.752732
0.853601 0.791915 0.765051 0.774160 0.691847 0.752717
0.853621 0.791911 0.765078 0.774153 0.691854 0.752723
0.853635 0.791886 0.765071 0.774153 0.691851 0.752734
0.853662 0.791899 0.765046 0.774181 0.691841 0.752692
0.853663 0.791907 0.765044 0.774171 0.691851 0.752711
0.853635 0.791909 0.765039 0.774171 0.691856 0.752707
0.853649 0.791921 0.765071 0.774177 0.691860 0.752713
0.853637 0.791915 0.765100 0.774155 0.691855 0.752721
0.853663 0.791936 0.765105 0.774157 0.691843 0.752713
0.853655 0.791959 0.765073 0.774186 0.691822 0.752713
0.853655 0.791976 0.765088 0.774210 0.691839 0.752721
0.853689 0.791963 0.765118 0.774149 0.691856 0.752723
0.853668 0.791978 0.765103 0.774155 0.691848 0.752694
0.853692 0.791984 0.765091 0.774153 0.691851 0.752679
0.853685 0.791984 0.765040 0.774153 0.691834 0.752700
0.853667 0.791946 0.765042 0.774153 0.691846 0.752706
0.853668 0.791978 0.765057 0.774149 0.691846 0.752713
0.853695 0.791967 0.765040 0.774116 0.691872 0.752698
0.853678 0.791963 0.765046 0.774149 0.691862 0.752698
0.853690 0.791961 0.765076 0.774157 0.691846 0.752683
0.853670 0.791969 0.765064 0.774138 0.691831 0.752707
0.853701 0.791990 0.765084 0.774177 0.691834 0.752684
0.853698 0.791999 0.765069 0.774164 0.691826 0.752686
0.853683 0.792015 0.765072 0.774175 0.691829 0.752677
0.853682 0.792029 0.765077 0.774138 0.691829 0.752663
0.853676 0.792028 0.765052 0.774120 0.691805 0.752679
0.853705 0.792026 0.765012 0.774158 0.691797 0.752681
0.853717 0.792015 0.765037 0.774176 0.691812 0.752677
0.853709 0.792071 0.765028 0.774161 0.691783 0.752621
0.853683 0.792078 0.765025 0.774135 0.691781 0.752625
0.853677 0.792103 0.765020 0.774135 0.691786 0.752646
0.853664 0.792095 0.765034 0.774170 0.691800 0.752669
0.853657 0.792063 0.765049 0.774179 0.691777 0.752650
0.853671 0.792080 0.765040 0.774194 0.691763 0.752627
0.853683 0.792080 0.765010 0.774199 0.691799 0.752625
0.853683 0.792038 0.765025 0.774183 0.691771 0.752610
0.853663 0.792059 0.765018 0.774209 0.691798 0.752598
0.853677 0.792059 0.765020 0.774228 0.691783 0.752612
0.853698 0.792053 0.765020 0.774226 0.691773 0.752600
