0.629834 0.688898 0.667869 0.587608 0.623652 0.607473
0.051124 0.043048 0.047077 0.044693 0.038191 0.040388
0.687257 0.620910 0.648022 0.644018 0.608542 0.650331
0.658137 0.734729 0.701741 0.617305 0.654607 0.628286
0.658137 0.734729 0.701741 0.617305 0.654607 0.628286
0.658137 0.734729 0.701741 0.617305 0.654607 0.628286
0.751154 0.813017 0.781191 0.733419 0.734290 0.712043
0.811831 0.843399 0.818971 0.797487 0.762006 0.762695
0.829108 0.850899 0.825351 0.808101 0.770621 0.776798
0.834259 0.853093 0.827070 0.813218 0.773482 0.780716
0.867252 0.855390 0.831214 0.825315 0.780427 0.798638
0.872356 0.816368 0.806508 0.814992 0.761281 0.790386
0.868744 0.859211 0.833372 0.826366 0.781899 0.799961
0.855928 0.864977 0.837081 0.824650 0.783569 0.796807
0.866883 0.872794 0.844393 0.827873 0.789063 0.805542
0.884139 0.871530 0.848424 0.831433 0.792851 0.814616
0.888329 0.869457 0.847230 0.831056 0.794761 0.818415
0.883185 0.885550 0.854699 0.833101 0.801317 0.818967
0.880530 0.887129 0.856323 0.833648 0.800936 0.818224
0.881268 0.880787 0.853909 0.833086 0.797084 0.815677
0.883612 0.871778 0.848940 0.831863 0.792153 0.812414
0.888519 0.864758 0.844002 0.830448 0.788731 0.810941
0.892446 0.862760 0.843332 0.829870 0.788838 0.813083
0.894703 0.871900 0.851085 0.832410 0.794537 0.818567
0.896091 0.887446 0.862629 0.836506 0.803966 0.825173
0.894912 0.898451 0.866364 0.838022 0.809575 0.828323
0.897934 0.897296 0.866834 0.837835 0.809002 0.829095
0.901055 0.889986 0.864108 0.836221 0.805203 0.827632
0.904081 0.885679 0.863694 0.836477 0.803545 0.825467
0.901209 0.889439 0.865244 0.837018 0.804655 0.826830
0.899020 0.896175 0.869581 0.838755 0.808283 0.828775
0.898238 0.901373 0.873065 0.839946 0.811396 0.830929
0.900636 0.903776 0.875695 0.840419 0.814038 0.833669
0.904078 0.903567 0.876472 0.840267 0.815876 0.836786
0.908107 0.902764 0.877672 0.840241 0.818302 0.839161
0.909212 0.904746 0.880341 0.840109 0.821234 0.841203
0.907451 0.908553 0.882709 0.841057 0.823472 0.842499
0.906716 0.909559 0.884138 0.842177 0.824089 0.842362
0.908217 0.908326 0.883764 0.842190 0.823564 0.841496
0.911320 0.906876 0.883883 0.841784 0.823914 0.841805
0.914444 0.907154 0.885546 0.841677 0.825857 0.843832
0.914175 0.909013 0.887783 0.841568 0.829357 0.846075
0.913789 0.909961 0.888034 0.841852 0.830256 0.846910
0.914625 0.909880 0.886949 0.842800 0.828424 0.845681
0.912029 0.910694 0.885707 0.843172 0.826970 0.844557
0.915577 0.907422 0.884177 0.842590 0.825482 0.844806
0.913216 0.911059 0.887055 0.843311 0.830004 0.847556
0.914360 0.910866 0.888061 0.842761 0.830469 0.848925
0.920583 0.906836 0.885571 0.842260 0.826600 0.847632
0.917906 0.909644 0.886657 0.842395 0.827770 0.847210
0.917661 0.909458 0.886276 0.842699 0.827990 0.848347
0.915219 0.910952 0.887608 0.843207 0.829653 0.849597
0.913687 0.912579 0.888337 0.843633 0.830803 0.849530
0.917744 0.909970 0.886762 0.843339 0.827988 0.848870
0.917585 0.910703 0.887282 0.843589 0.828354 0.848468
0.916199 0.911495 0.887721 0.844265 0.829244 0.849845
0.916931 0.909825 0.886863 0.844295 0.829070 0.850518
0.914565 0.911914 0.887781 0.844919 0.830320 0.850239
0.918900 0.910340 0.887399 0.844018 0.828292 0.849003
0.915807 0.912725 0.888300 0.844480 0.829641 0.848521
0.917858 0.910886 0.887922 0.844213 0.829293 0.849878
0.913713 0.914230 0.889339 0.845057 0.831550 0.850139
0.921575 0.909218 0.887693 0.842867 0.828545 0.849796
0.911552 0.916138 0.890093 0.844865 0.832268 0.847994
0.925134 0.904755 0.883833 0.840701 0.824954 0.849222
0.909904 0.917094 0.890589 0.845897 0.833276 0.850068
0.917708 0.912318 0.888986 0.844599 0.830540 0.849881
0.920916 0.910453 0.888094 0.843641 0.828874 0.848960
0.909926 0.917363 0.891078 0.846401 0.833374 0.848517
0.918903 0.912340 0.889568 0.844852 0.830738 0.849427
0.916637 0.913271 0.889789 0.845543 0.831525 0.850059
0.910675 0.916764 0.890615 0.846944 0.833229 0.850050
0.923737 0.908947 0.887754 0.843370 0.828630 0.849902
0.916761 0.914314 0.891379 0.845996 0.832570 0.850013
0.912620 0.916643 0.891412 0.846769 0.834037 0.850532
0.923293 0.909061 0.887832 0.843621 0.829394 0.850929
0.913366 0.915753 0.891001 0.846750 0.833450 0.851297
0.914147 0.915587 0.890971 0.846580 0.833118 0.851252
0.922826 0.909657 0.888367 0.844024 0.829601 0.851309
0.912880 0.916909 0.891548 0.847223 0.834364 0.851194
0.920359 0.912769 0.890592 0.845384 0.831772 0.851998
0.919778 0.912820 0.890444 0.845649 0.831584 0.851861
0.913770 0.916459 0.891101 0.847185 0.833729 0.851215
0.923738 0.909583 0.888268 0.843596 0.829429 0.851601
0.913748 0.916738 0.891246 0.847036 0.834059 0.850941
0.921210 0.912096 0.890044 0.844919 0.831238 0.851573
0.918530 0.914355 0.890766 0.846042 0.832160 0.851958
0.915377 0.916021 0.890953 0.847182 0.833440 0.851331
0.923937 0.910193 0.888751 0.843652 0.829904 0.851840
0.911228 0.917515 0.890876 0.847798 0.834097 0.850337
0.927655 0.904986 0.884036 0.840819 0.825695 0.850818
0.913548 0.917167 0.891829 0.847049 0.834608 0.851193
0.917491 0.915134 0.890940 0.846177 0.833022 0.851812
0.925206 0.908495 0.886978 0.842635 0.828579 0.851038
0.912331 0.917667 0.891859 0.847623 0.834486 0.850272
0.919433 0.913906 0.891218 0.846324 0.831885 0.851408
0.923737 0.910605 0.889305 0.844098 0.830318 0.851855
0.912271 0.917566 0.891425 0.848314 0.834687 0.850520
0.926066 0.908938 0.887611 0.842828 0.829090 0.852521
0.918946 0.914590 0.891639 0.846893 0.833074 0.851753
0.914916 0.916564 0.892036 0.847428 0.834351 0.851336
0.924148 0.909867 0.888413 0.843971 0.829899 0.851870
0.914828 0.916523 0.891770 0.847818 0.833859 0.850914
0.917618 0.915210 0.891832 0.847333 0.833175 0.851169
0.925097 0.910269 0.889039 0.843830 0.830353 0.852808
0.914036 0.917348 0.891975 0.848345 0.835246 0.849950
0.926059 0.908995 0.887326 0.843028 0.829213 0.852646
0.917432 0.915710 0.891782 0.847126 0.833751 0.852145
0.915988 0.916442 0.891996 0.847578 0.834542 0.852000
0.923841 0.910651 0.888977 0.844262 0.830529 0.852306
0.913336 0.917527 0.891824 0.848441 0.834949 0.850271
0.924567 0.910807 0.889109 0.844051 0.830676 0.852702
0.919880 0.914737 0.892070 0.846843 0.833830 0.852185
0.918282 0.915694 0.892428 0.847474 0.834578 0.851592
0.924588 0.911094 0.889459 0.844569 0.830781 0.852665
0.912649 0.917613 0.891430 0.848807 0.834535 0.849748
0.925256 0.909587 0.887852 0.843964 0.830037 0.852327
0.916226 0.916213 0.892033 0.847995 0.834780 0.851895
0.918985 0.915101 0.892048 0.847432 0.834264 0.851840
0.925501 0.910412 0.888580 0.843901 0.830318 0.852800
0.914146 0.917235 0.892158 0.848680 0.834853 0.849799
0.923102 0.911835 0.890155 0.845666 0.831482 0.852224
0.919445 0.914848 0.891824 0.847372 0.833426 0.851417
0.918191 0.915792 0.892548 0.847677 0.834386 0.851256
0.924742 0.911369 0.889365 0.844483 0.831185 0.852911
0.916797 0.916250 0.892326 0.848224 0.834759 0.851281
0.922359 0.912787 0.890706 0.846063 0.832511 0.852480
0.920709 0.914264 0.891701 0.846874 0.833617 0.851683
0.917734 0.916184 0.892083 0.847984 0.834395 0.850229
0.926662 0.909048 0.887400 0.843409 0.829447 0.853304
0.910934 0.918657 0.891925 0.848935 0.835763 0.849069
0.928422 0.902940 0.881513 0.839548 0.824000 0.849883
0.914059 0.916171 0.891050 0.847517 0.834716 0.851138
0.910642 0.918003 0.891658 0.847963 0.835469 0.849864
0.927148 0.907654 0.885327 0.841448 0.827186 0.851106
0.919190 0.914742 0.891738 0.847143 0.833048 0.851223
0.909180 0.918726 0.891466 0.849575 0.835246 0.848858
0.926532 0.907351 0.886078 0.842427 0.828117 0.853211
0.921838 0.913571 0.891399 0.846011 0.832341 0.852098
0.908917 0.919421 0.892209 0.848899 0.836261 0.847976
0.925212 0.910023 0.888241 0.843603 0.829548 0.851695
0.922383 0.910835 0.889193 0.845285 0.830893 0.850965
0.911461 0.917632 0.891742 0.848598 0.835859 0.851037
0.920901 0.913587 0.891500 0.846521 0.834017 0.852737
0.926615 0.909359 0.887575 0.843101 0.829556 0.853450
0.915226 0.917250 0.892158 0.848665 0.834742 0.849096
0.922308 0.913051 0.891094 0.845998 0.831915 0.851418
0.924260 0.911518 0.889812 0.844908 0.831330 0.852687
0.916691 0.916377 0.892989 0.848082 0.835307 0.850693
0.921335 0.914426 0.891871 0.846400 0.833788 0.851868
0.923730 0.912695 0.890211 0.845116 0.831865 0.851778
0.918829 0.915716 0.892102 0.847382 0.834253 0.851454
0.920980 0.914476 0.891423 0.846677 0.834072 0.852346
0.923010 0.913017 0.890689 0.845556 0.832789 0.853108
0.917225 0.916875 0.891945 0.848125 0.834443 0.850455
0.923810 0.913077 0.890617 0.845169 0.831763 0.852335
0.921048 0.915179 0.891908 0.846746 0.833732 0.851434
0.919135 0.915907 0.892253 0.847679 0.834834 0.851632
0.922707 0.913447 0.890889 0.846238 0.833526 0.852583
0.919862 0.915545 0.891814 0.847325 0.834280 0.851303
0.920828 0.915073 0.891648 0.847016 0.833883 0.851422
0.923830 0.913102 0.890701 0.845395 0.832836 0.852752
0.918689 0.916489 0.892173 0.848012 0.834856 0.850961
0.923822 0.913129 0.890605 0.845502 0.832594 0.852555
0.919251 0.915924 0.891779 0.847851 0.833846 0.850332
0.922021 0.914204 0.891072 0.846823 0.832969 0.851382
0.921905 0.914551 0.891390 0.847126 0.833551 0.851800
0.920050 0.915836 0.892003 0.847923 0.834512 0.851529
0.924292 0.913023 0.890587 0.845600 0.832792 0.852896
0.918609 0.916835 0.892222 0.848139 0.834551 0.850596
0.924888 0.912399 0.890070 0.845347 0.832220 0.852840
0.916319 0.917614 0.892349 0.848936 0.835313 0.850330
0.925093 0.912034 0.889620 0.845185 0.831971 0.852790
0.917543 0.917113 0.892436 0.848689 0.834884 0.850569
0.923745 0.913369 0.890734 0.845938 0.832599 0.852527
0.920016 0.915971 0.891988 0.848162 0.834259 0.851463
0.921424 0.915086 0.891461 0.847383 0.833776 0.851841
0.921825 0.914985 0.891683 0.847197 0.833448 0.851857
0.919636 0.916609 0.892451 0.848140 0.834430 0.850950
0.924143 0.913133 0.890776 0.845899 0.832711 0.852693
0.915431 0.918056 0.892544 0.849347 0.835520 0.849645
0.927117 0.908428 0.886019 0.843158 0.829022 0.853732
0.910537 0.919180 0.892251 0.849239 0.835730 0.848501
0.926981 0.908506 0.885663 0.843087 0.828876 0.853228
0.918717 0.916044 0.892154 0.848293 0.834771 0.851217
0.911808 0.918958 0.892810 0.849208 0.835919 0.849024
0.925989 0.909372 0.887248 0.844119 0.829585 0.853444
0.917939 0.916051 0.892358 0.848453 0.834341 0.850907
0.913371 0.918399 0.892780 0.849813 0.835692 0.848827
0.926375 0.909017 0.887279 0.843948 0.829820 0.854227
0.915666 0.916904 0.893067 0.849182 0.835385 0.850417
0.916601 0.916395 0.892714 0.849040 0.835323 0.850530
0.925936 0.910079 0.887862 0.845147 0.830558 0.853998
0.916681 0.916764 0.892839 0.849363 0.835712 0.850712
0.916791 0.916622 0.892840 0.849333 0.835272 0.850428
0.926001 0.910191 0.887705 0.845274 0.830325 0.853524
0.918600 0.916945 0.893324 0.848295 0.835276 0.850943
0.918756 0.917059 0.893366 0.848176 0.835464 0.851259
0.925053 0.911684 0.889574 0.845429 0.832086 0.853182
0.917591 0.916945 0.892683 0.849008 0.834972 0.850864
0.918956 0.916920 0.892596 0.848756 0.834808 0.851321
0.924058 0.912897 0.890102 0.846194 0.832232 0.853765
0.916207 0.918323 0.892767 0.849539 0.835364 0.850084
0.924470 0.912723 0.890007 0.846112 0.832128 0.853496
0.920416 0.916078 0.892216 0.848246 0.834455 0.852259
0.915456 0.918418 0.892732 0.849511 0.835732 0.850191
0.925202 0.911220 0.888504 0.845580 0.831419 0.853435
0.919379 0.916374 0.892131 0.849016 0.834914 0.851658
0.918158 0.917600 0.892888 0.849288 0.835223 0.851109
0.925664 0.911586 0.888559 0.845567 0.830693 0.853931
0.914603 0.918430 0.892671 0.850258 0.835707 0.849326
0.923964 0.913186 0.890193 0.847239 0.832738 0.853013
0.921749 0.915356 0.892031 0.848141 0.834212 0.852829
0.913675 0.919039 0.892881 0.850083 0.836248 0.849050
0.926025 0.909853 0.887022 0.845208 0.829526 0.853264
0.920400 0.915407 0.891697 0.849360 0.834093 0.852065
0.912160 0.919434 0.892798 0.850524 0.836576 0.848466
0.926218 0.909295 0.886375 0.844886 0.828739 0.853117
0.919044 0.915449 0.891572 0.849326 0.833725 0.850890
0.913850 0.918661 0.893259 0.849931 0.836063 0.849460
0.926178 0.910386 0.888184 0.844928 0.831141 0.854367
0.919382 0.916214 0.892980 0.849111 0.834447 0.852014
0.914294 0.917882 0.892936 0.850701 0.835299 0.849057
0.925922 0.909763 0.887660 0.845739 0.829576 0.853340
0.920898 0.915293 0.892050 0.848761 0.834402 0.852598
0.912309 0.919191 0.892928 0.850529 0.836913 0.848617
0.926022 0.910106 0.886864 0.845675 0.828550 0.852518
0.922726 0.913391 0.890197 0.848121 0.832037 0.851847
0.911693 0.919500 0.892855 0.850096 0.836657 0.848822
0.925202 0.911971 0.889901 0.846204 0.832256 0.854154
0.923558 0.913791 0.890961 0.847238 0.832841 0.853088
0.914015 0.918465 0.893334 0.850388 0.835925 0.849077
0.923770 0.912768 0.890579 0.847473 0.832473 0.853476
0.922658 0.913592 0.891086 0.848267 0.833329 0.853687
0.912915 0.919020 0.892475 0.851337 0.836329 0.848847
0.923600 0.912807 0.889759 0.847589 0.831303 0.852787
0.924236 0.912696 0.889849 0.847367 0.831519 0.853236
0.914539 0.918499 0.893066 0.850698 0.836734 0.849860
0.922248 0.914778 0.891640 0.848651 0.834034 0.853103
0.923984 0.913219 0.890552 0.847237 0.832438 0.853215
0.917787 0.917341 0.893303 0.849736 0.835238 0.850792
0.922943 0.914715 0.891673 0.848050 0.833421 0.853332
0.922111 0.914899 0.891749 0.848876 0.833712 0.853233
0.917936 0.917102 0.892772 0.850478 0.834972 0.851081
0.922750 0.914543 0.891150 0.848615 0.832684 0.852790
0.921783 0.915669 0.892186 0.848912 0.834047 0.852862
0.918889 0.917512 0.892793 0.849983 0.835311 0.851695
0.924748 0.912962 0.890428 0.847004 0.832375 0.854002
0.919420 0.917032 0.892635 0.849624 0.835010 0.851659
0.920439 0.916506 0.892493 0.849297 0.834028 0.852049
0.923616 0.914142 0.890809 0.847930 0.832226 0.853259
0.919384 0.917313 0.892567 0.849640 0.834503 0.851590
0.922487 0.915343 0.891782 0.848538 0.833352 0.853171
0.921083 0.916348 0.892280 0.849073 0.833845 0.852415
0.920834 0.916477 0.892416 0.849222 0.833911 0.852197
0.922811 0.915098 0.891707 0.848537 0.833500 0.853253
0.919203 0.917775 0.892730 0.849644 0.834781 0.851487
0.924210 0.913800 0.890548 0.847809 0.832101 0.853298
0.919003 0.917504 0.892766 0.850047 0.834709 0.851165
0.922862 0.915246 0.891676 0.848735 0.833518 0.853006
0.920983 0.916442 0.892366 0.849368 0.834240 0.852338
0.921636 0.916180 0.892300 0.849093 0.833902 0.852540
0.922061 0.915762 0.892135 0.848908 0.833610 0.852797
0.919641 0.917315 0.892622 0.849889 0.834394 0.851582
0.923820 0.914219 0.890880 0.848193 0.832577 0.853278
0.917030 0.918586 0.893071 0.850576 0.835691 0.850547
0.924997 0.912839 0.890046 0.847271 0.831577 0.853672
0.917560 0.918111 0.892941 0.850719 0.835421 0.850852
0.923296 0.914975 0.891387 0.848646 0.832922 0.853245
0.919897 0.917219 0.892731 0.849928 0.834517 0.852008
0.921385 0.916019 0.892411 0.849415 0.833928 0.852541
0.921370 0.916240 0.892478 0.849421 0.834106 0.852572
0.919851 0.917238 0.892770 0.850088 0.834467 0.851810
0.924104 0.913896 0.890841 0.848044 0.832314 0.853390
0.916423 0.918747 0.893004 0.851027 0.836041 0.850388
0.926246 0.910937 0.888211 0.846479 0.830291 0.853810
0.914224 0.918928 0.893085 0.851134 0.836563 0.849567
0.924512 0.913563 0.890729 0.847668 0.832466 0.853595
0.920662 0.916314 0.892464 0.849905 0.834046 0.852109
0.917814 0.917849 0.893092 0.851001 0.834709 0.850832
0.924549 0.912457 0.890126 0.847363 0.831271 0.853639
0.914806 0.918905 0.893249 0.851362 0.836227 0.849405
0.925590 0.911960 0.889501 0.847323 0.831679 0.853711
0.920099 0.916510 0.892556 0.850132 0.835228 0.852306
0.916366 0.918037 0.893168 0.851395 0.835875 0.850343
0.925892 0.910402 0.888169 0.846521 0.829738 0.854138
0.916898 0.918317 0.893364 0.851178 0.836503 0.850849
0.922034 0.915416 0.892259 0.848903 0.834445 0.852776
0.923396 0.914231 0.891455 0.848113 0.833193 0.852724
0.918229 0.917609 0.893533 0.850476 0.835343 0.851024
0.923174 0.913935 0.891554 0.848489 0.833404 0.853929
0.920118 0.916476 0.892774 0.850199 0.834246 0.851941
0.920363 0.916281 0.892453 0.849845 0.833306 0.851680
0.923196 0.914362 0.891540 0.848628 0.832978 0.853433
0.918050 0.917827 0.892906 0.851027 0.836307 0.851746
0.925090 0.912889 0.890444 0.847488 0.832500 0.854064
0.918905 0.917698 0.893194 0.850122 0.835135 0.851463
0.923334 0.914669 0.891301 0.848690 0.833033 0.853203
0.920797 0.916456 0.892424 0.849902 0.834644 0.852532
0.920462 0.916747 0.892921 0.849703 0.834271 0.851996
0.923472 0.914621 0.891484 0.848455 0.832698 0.853024
0.919116 0.917525 0.892817 0.850732 0.835136 0.851457
0.923931 0.913657 0.891288 0.847988 0.832955 0.853493
0.917597 0.918406 0.893222 0.851207 0.835573 0.850512
0.926210 0.911271 0.888774 0.846568 0.830585 0.853650
0.914943 0.918983 0.893136 0.851912 0.836480 0.849391
0.922223 0.915352 0.891868 0.849364 0.833718 0.852707
0.923009 0.914618 0.891924 0.848574 0.833295 0.852958
0.916636 0.918368 0.893559 0.851447 0.835978 0.850199
0.925537 0.910875 0.889338 0.847383 0.830582 0.853619
0.914846 0.918406 0.893211 0.851930 0.836025 0.848828
0.923635 0.914272 0.891494 0.848440 0.832817 0.853219
0.923064 0.914469 0.891622 0.848665 0.833889 0.853740
0.914758 0.918630 0.892947 0.852588 0.836427 0.849395
0.925402 0.911212 0.889267 0.847341 0.830518 0.853752
0.918455 0.917372 0.893895 0.850439 0.835482 0.850783
0.919831 0.916833 0.893249 0.850169 0.835677 0.852285
0.924402 0.912241 0.890383 0.847916 0.832825 0.853717
0.918006 0.917375 0.893427 0.851189 0.834968 0.850851
0.921143 0.915345 0.892574 0.849531 0.832853 0.851979
0.923620 0.914089 0.891308 0.848659 0.833031 0.853385
0.919538 0.917323 0.893358 0.850484 0.836045 0.852140
0.923403 0.914455 0.891823 0.848421 0.833688 0.853380
0.920082 0.916890 0.892892 0.850346 0.834972 0.851437
0.923569 0.914455 0.891595 0.848673 0.833705 0.853382
0.920244 0.916809 0.893035 0.850554 0.835398 0.852106
0.921341 0.916191 0.892414 0.849835 0.833969 0.852296
0.923189 0.914604 0.891659 0.848971 0.833067 0.852977
0.918382 0.917829 0.893315 0.851113 0.835751 0.851266
0.924407 0.913723 0.891256 0.848044 0.833190 0.853513
0.919380 0.917632 0.893062 0.850651 0.834959 0.851222
0.924280 0.913078 0.891010 0.848129 0.832190 0.853565
0.916234 0.918565 0.893044 0.852253 0.835763 0.850064
0.925291 0.912352 0.889973 0.847646 0.831465 0.853710
0.917889 0.918152 0.893468 0.851410 0.835898 0.850684
0.921731 0.915519 0.892140 0.849842 0.834428 0.852589
0.922004 0.915131 0.892320 0.849684 0.833963 0.852635
0.918483 0.917600 0.893538 0.851116 0.835093 0.850514
0.924976 0.912395 0.890531 0.847809 0.831839 0.853724
0.915460 0.918489 0.893346 0.852241 0.836095 0.849069
0.924436 0.913349 0.891099 0.848268 0.832639 0.853521
0.920543 0.916691 0.893065 0.850584 0.835039 0.851954
0.919834 0.916854 0.893309 0.851003 0.834893 0.851690
0.923868 0.912980 0.891314 0.848466 0.832257 0.853397
0.916117 0.918727 0.893528 0.852180 0.835915 0.849414
0.926125 0.910401 0.888928 0.847275 0.830888 0.853742
0.915059 0.918585 0.893126 0.852356 0.836368 0.849124
0.922358 0.915330 0.892323 0.849381 0.833851 0.852572
0.924051 0.913112 0.891240 0.848218 0.832214 0.853578
0.914750 0.919129 0.893138 0.852923 0.836247 0.849024
0.925723 0.910813 0.889232 0.847203 0.830705 0.853470
0.916893 0.918217 0.893587 0.851513 0.835893 0.849844
0.922780 0.915150 0.891981 0.849513 0.834451 0.853210
0.923236 0.913363 0.891264 0.849228 0.833438 0.853785
0.916449 0.918036 0.893356 0.852758 0.835811 0.849979
0.924182 0.913080 0.891193 0.848353 0.831738 0.853283
0.920410 0.916528 0.893525 0.850490 0.835457 0.851912
0.919115 0.917399 0.893588 0.850945 0.836096 0.851516
0.924537 0.912781 0.891158 0.848063 0.833065 0.853791
0.918504 0.917440 0.893621 0.851218 0.835161 0.850624
0.923146 0.914229 0.891563 0.849225 0.832824 0.853060
0.921989 0.915502 0.892238 0.850105 0.834012 0.852854
0.919007 0.917515 0.893528 0.851434 0.835606 0.851187
0.924175 0.913526 0.891384 0.848418 0.832661 0.853207
0.918119 0.917949 0.893424 0.851966 0.835643 0.850428
0.923732 0.914140 0.891653 0.848808 0.833547 0.853348
0.920324 0.917189 0.893244 0.851036 0.835473 0.851621
0.922057 0.915787 0.892405 0.850007 0.833951 0.852632
0.921251 0.915953 0.892498 0.850478 0.834438 0.852450
0.919470 0.917597 0.893187 0.851574 0.835576 0.851113
0.924571 0.913634 0.891450 0.848442 0.832735 0.853530
0.916078 0.919177 0.893330 0.852457 0.835784 0.849056
0.926401 0.909622 0.887985 0.846993 0.830320 0.853623
0.912560 0.919434 0.892813 0.853070 0.836663 0.848294
0.924433 0.913925 0.891301 0.848494 0.832711 0.853110
0.922667 0.914780 0.891895 0.849549 0.833477 0.852813
0.912579 0.919916 0.892915 0.853374 0.836348 0.848018
0.925501 0.911607 0.889946 0.847264 0.830840 0.853497
0.917463 0.918072 0.893856 0.851325 0.835447 0.849536
0.922591 0.914675 0.891741 0.849956 0.834548 0.853172
0.922103 0.913953 0.891456 0.850160 0.834584 0.853363
0.918976 0.916993 0.893258 0.851717 0.835628 0.851391
0.923477 0.913927 0.891962 0.848936 0.832281 0.853394
0.921429 0.915615 0.893074 0.850543 0.834881 0.852528
0.919579 0.916889 0.893424 0.851592 0.835786 0.851713
0.923326 0.914074 0.892310 0.848965 0.833616 0.852757
0.920572 0.916578 0.893172 0.850557 0.834862 0.851298
0.922470 0.915607 0.892249 0.850183 0.834213 0.852908
0.921902 0.915768 0.892464 0.850571 0.834256 0.852997
0.920084 0.917010 0.893201 0.851474 0.834897 0.851547
0.923053 0.914659 0.891945 0.849494 0.833377 0.852948
0.919346 0.917461 0.893470 0.851784 0.835742 0.851124
0.923419 0.914775 0.892175 0.849248 0.834110 0.853000
0.921000 0.916764 0.892945 0.850677 0.834699 0.851493
0.923083 0.914964 0.891843 0.850034 0.833724 0.852913
0.919722 0.917339 0.892964 0.851833 0.835766 0.851326
0.923766 0.914918 0.892108 0.849304 0.833967 0.853113
0.919355 0.917907 0.893350 0.851609 0.835318 0.850861
0.923887 0.913938 0.891454 0.849196 0.833337 0.853370
0.916069 0.919147 0.893427 0.852997 0.836271 0.849446
0.926428 0.910967 0.889113 0.847311 0.830700 0.853685
0.912760 0.919683 0.892994 0.853409 0.836445 0.847401
0.925123 0.912902 0.890676 0.848306 0.832574 0.853444
0.919843 0.917070 0.893337 0.851363 0.835004 0.851125
0.917610 0.918237 0.893728 0.852424 0.835482 0.849799
0.925191 0.911794 0.890236 0.848226 0.831466 0.853758
0.915223 0.919074 0.893905 0.852922 0.836652 0.849054
0.925157 0.912612 0.890704 0.848612 0.832753 0.853723
0.921304 0.915637 0.892459 0.851088 0.834889 0.852264
0.917745 0.918013 0.893722 0.852489 0.835913 0.850084
0.925385 0.912029 0.890246 0.847821 0.831255 0.853645
0.916841 0.918291 0.893788 0.852850 0.835890 0.849523
0.922625 0.914638 0.892176 0.850013 0.834312 0.852754
0.922337 0.915400 0.892733 0.850050 0.834603 0.852550
0.919272 0.917650 0.893541 0.851677 0.835682 0.850947
0.924628 0.912639 0.890644 0.848915 0.832270 0.853706
0.918327 0.917600 0.893356 0.852510 0.835814 0.850728
0.922384 0.915555 0.892627 0.850600 0.834504 0.852256
0.923961 0.914442 0.892064 0.849519 0.833645 0.853129
0.917449 0.918341 0.893644 0.852801 0.835997 0.850060
0.925519 0.912443 0.890521 0.848460 0.832052 0.853713
0.918956 0.918146 0.893612 0.851971 0.835776 0.850330
0.923693 0.914415 0.891698 0.849691 0.833750 0.853166
0.920468 0.916643 0.892857 0.851758 0.835315 0.851962
0.920228 0.917004 0.893336 0.851280 0.835011 0.851478
0.923630 0.914484 0.892131 0.849491 0.833374 0.852935
0.918016 0.918495 0.893456 0.852743 0.835834 0.850066
0.925683 0.912577 0.890219 0.848435 0.832373 0.853910
0.916843 0.918824 0.893571 0.852850 0.836186 0.849590
0.924787 0.913655 0.891226 0.849095 0.832895 0.853385
0.919964 0.916662 0.893271 0.852114 0.835323 0.851527
0.919141 0.917325 0.893591 0.852457 0.835361 0.850750
0.925043 0.913314 0.891248 0.848769 0.832314 0.853438
0.915777 0.919152 0.893696 0.853044 0.836287 0.848733
0.925279 0.912559 0.890435 0.848762 0.832368 0.853704
0.919249 0.917784 0.893400 0.852199 0.835566 0.850512
0.922041 0.915889 0.892757 0.850865 0.834421 0.852152
0.922824 0.914547 0.891993 0.850457 0.833731 0.853042
0.916792 0.918800 0.893513 0.853208 0.835992 0.849470
0.926009 0.912449 0.890363 0.847952 0.831632 0.853759
0.915838 0.919201 0.893793 0.852914 0.836355 0.848791
0.924394 0.913505 0.890783 0.849627 0.833186 0.853399
0.921602 0.915614 0.892646 0.851394 0.834868 0.852373
0.918499 0.917943 0.893781 0.852438 0.835499 0.850165
0.925554 0.912449 0.890428 0.848549 0.831761 0.853581
0.915575 0.919234 0.893809 0.853322 0.836209 0.849283
0.923846 0.914481 0.892134 0.849619 0.833855 0.853363
0.922858 0.915794 0.892520 0.850448 0.834532 0.852541
0.919059 0.917530 0.893172 0.852530 0.835340 0.850636
0.923910 0.914213 0.891724 0.849622 0.833020 0.853152
0.918926 0.918402 0.893575 0.851947 0.835783 0.850154
0.925666 0.912386 0.890063 0.848508 0.832256 0.853686
0.916173 0.919042 0.893483 0.853272 0.836297 0.849550
0.923333 0.915275 0.892134 0.850402 0.834103 0.852856
0.924237 0.913931 0.891331 0.849842 0.833197 0.853283
0.914481 0.919485 0.893615 0.853649 0.835938 0.848501
0.925553 0.913210 0.890777 0.848278 0.831358 0.852911
0.919474 0.917787 0.893599 0.851617 0.835293 0.850447
0.921882 0.915580 0.892601 0.851079 0.835353 0.852799
0.922671 0.915759 0.892504 0.850803 0.834799 0.852825
0.921555 0.916871 0.892968 0.850819 0.834294 0.851342
0.923424 0.914803 0.891962 0.850257 0.833542 0.853080
0.917598 0.918454 0.893223 0.852890 0.836172 0.850426
0.925148 0.913972 0.891504 0.849092 0.833164 0.853448
0.918933 0.917874 0.893464 0.852060 0.834886 0.850189
0.923217 0.914934 0.891617 0.850810 0.833751 0.852863
0.921673 0.916659 0.892879 0.851428 0.835037 0.851854
0.921346 0.916840 0.893127 0.851189 0.834672 0.851420
0.922519 0.915599 0.892008 0.851183 0.833906 0.852295
0.919638 0.917788 0.893155 0.852506 0.835434 0.850546
0.924203 0.914665 0.892177 0.849458 0.833688 0.853361
0.919603 0.918101 0.893294 0.852384 0.835337 0.850345
0.925072 0.913128 0.890228 0.849509 0.832251 0.853470
0.915811 0.919414 0.893642 0.853302 0.836273 0.848762
0.926233 0.912552 0.890449 0.848463 0.832041 0.853769
0.916769 0.918403 0.893499 0.853578 0.835749 0.849558
0.921794 0.915479 0.892641 0.851263 0.834208 0.852159
0.923608 0.915389 0.892606 0.850014 0.833871 0.852574
0.919225 0.918148 0.893459 0.852521 0.835497 0.850312
0.924023 0.914165 0.891101 0.850441 0.833181 0.853023
0.919141 0.918464 0.893615 0.852416 0.835714 0.850150
0.926299 0.912647 0.890164 0.848556 0.831995 0.853825
0.917076 0.918647 0.893226 0.853487 0.836043 0.849728
0.923490 0.914908 0.891901 0.850762 0.833979 0.852732
0.922672 0.915963 0.892851 0.850652 0.834175 0.852055
0.918643 0.918232 0.893518 0.852743 0.835485 0.850026
0.924935 0.913922 0.890994 0.849756 0.832502 0.853246
0.918952 0.918421 0.893588 0.852590 0.835488 0.849976
0.924814 0.913824 0.891094 0.849946 0.833286 0.853423
0.919819 0.917792 0.893171 0.852519 0.835585 0.850639
0.923803 0.915040 0.891874 0.850417 0.833824 0.852599
0.920001 0.917198 0.893385 0.852094 0.835123 0.850805
0.922339 0.916252 0.892572 0.851393 0.834760 0.852061
0.923217 0.915914 0.892108 0.850983 0.834409 0.852545
0.919500 0.918084 0.893524 0.852133 0.835451 0.850362
0.924442 0.914646 0.891253 0.850098 0.833442 0.853019
0.918960 0.918154 0.893109 0.852840 0.835772 0.850328
0.924479 0.914400 0.891793 0.849648 0.833515 0.853077
0.918344 0.918800 0.893483 0.852582 0.835664 0.849486
0.926014 0.911080 0.888816 0.848548 0.831053 0.853705
0.914863 0.919778 0.893727 0.853691 0.836392 0.848678
0.924906 0.913991 0.891666 0.849134 0.832733 0.853057
0.920860 0.916458 0.892814 0.852108 0.834471 0.851092
0.918545 0.918050 0.893108 0.853181 0.835521 0.850436
0.925298 0.913479 0.891401 0.848730 0.832462 0.853522
0.918932 0.918592 0.893600 0.851894 0.835727 0.849582
0.925346 0.911248 0.888755 0.848999 0.831295 0.853662
0.917919 0.917837 0.892801 0.853095 0.836090 0.849895
0.922994 0.916731 0.893047 0.849676 0.834314 0.851876
0.925022 0.913154 0.890851 0.848731 0.831664 0.853186
0.912687 0.920135 0.892482 0.854034 0.835851 0.847222
0.926731 0.911165 0.889018 0.848104 0.830847 0.853448
0.921400 0.917390 0.893403 0.850905 0.835082 0.850936
0.920385 0.917787 0.893426 0.851981 0.835061 0.850815
0.924391 0.911798 0.889360 0.849546 0.831288 0.853531
0.918108 0.918232 0.893431 0.853008 0.835834 0.850445
0.922634 0.915926 0.893114 0.849818 0.834003 0.851911
0.925478 0.913685 0.891476 0.848677 0.832394 0.852988
0.916623 0.918587 0.893287 0.853682 0.836045 0.849123
0.924816 0.913348 0.890462 0.850213 0.832697 0.853345
0.922867 0.916809 0.892950 0.850381 0.834397 0.851399
0.920783 0.917561 0.893541 0.851641 0.834998 0.850594
0.924330 0.913017 0.890776 0.850416 0.832567 0.853387
0.917792 0.918319 0.893283 0.853395 0.835827 0.850304
0.924000 0.914885 0.892207 0.850044 0.833404 0.852834
0.922850 0.916105 0.892531 0.850916 0.833978 0.851810
0.919425 0.917930 0.893069 0.852891 0.835294 0.850225
0.924810 0.914120 0.891001 0.849889 0.832822 0.853215
0.919638 0.918248 0.893463 0.852228 0.835371 0.849898
0.925206 0.914238 0.891409 0.849774 0.832928 0.852924
0.920345 0.917943 0.893276 0.852339 0.835635 0.850449
0.923555 0.915034 0.892118 0.850587 0.834020 0.852972
0.920954 0.917051 0.893151 0.852204 0.834907 0.851046
0.922336 0.916641 0.892516 0.851488 0.834121 0.851528
0.922933 0.915989 0.892467 0.851356 0.834084 0.851972
0.920636 0.917120 0.893400 0.852114 0.834902 0.850906
0.924292 0.914564 0.891806 0.850258 0.833462 0.852922
0.919519 0.918356 0.893446 0.852504 0.835308 0.849896
0.925236 0.913900 0.891066 0.849501 0.832742 0.853270
0.918228 0.919001 0.893554 0.853003 0.836001 0.849678
0.925807 0.912496 0.890115 0.849513 0.831828 0.853527
0.916980 0.919002 0.893641 0.853377 0.835699 0.848623
0.925656 0.912972 0.890589 0.849440 0.832112 0.853575
0.918950 0.917955 0.893468 0.853274 0.835561 0.849862
0.922234 0.916116 0.892756 0.851614 0.834069 0.851831
0.923654 0.915318 0.892426 0.850526 0.833525 0.852433
0.919512 0.918369 0.893479 0.852797 0.835578 0.850054
0.925681 0.913065 0.890516 0.849529 0.832274 0.853447
0.918173 0.918863 0.893657 0.853229 0.835739 0.849104
0.926052 0.912848 0.890072 0.849559 0.831860 0.853515
0.918989 0.918289 0.893457 0.853043 0.835860 0.849996
0.923341 0.915356 0.892244 0.851213 0.833907 0.852444
0.922100 0.916072 0.892585 0.851758 0.833786 0.851899
0.919950 0.917991 0.893442 0.852715 0.835188 0.850103
0.925493 0.913676 0.891013 0.849443 0.832519 0.853458
0.917357 0.919174 0.893723 0.853301 0.835640 0.848852
0.926331 0.912497 0.889494 0.849174 0.831322 0.853422
0.918963 0.918543 0.893627 0.853016 0.836017 0.849732
0.924173 0.914605 0.891798 0.850555 0.833580 0.852756
0.921710 0.916668 0.892930 0.852030 0.834073 0.851286
0.920714 0.917348 0.893271 0.852516 0.834660 0.850571
0.924555 0.914539 0.891738 0.850310 0.833155 0.852747
0.918761 0.918595 0.893557 0.853026 0.835704 0.849455
0.925994 0.912915 0.890171 0.849606 0.831627 0.853342
0.918170 0.918829 0.893675 0.853093 0.835868 0.849345
0.925223 0.913695 0.890909 0.850055 0.832638 0.853193
0.919883 0.917901 0.893507 0.853055 0.835480 0.850065
0.922809 0.916219 0.892668 0.851373 0.833960 0.851811
0.922762 0.915978 0.892512 0.851679 0.833956 0.851972
0.919738 0.917986 0.893320 0.852981 0.835392 0.849946
0.925537 0.914095 0.891257 0.849506 0.832605 0.852965
0.918623 0.918744 0.893471 0.853087 0.835657 0.849290
0.925771 0.912716 0.890048 0.849583 0.831657 0.853271
0.918494 0.918869 0.893730 0.853142 0.835864 0.849325
0.925508 0.913055 0.890412 0.849781 0.831780 0.853287
0.918248 0.918337 0.893270 0.853520 0.835467 0.849209
0.923706 0.915383 0.892369 0.850311 0.833415 0.852237
0.922029 0.916397 0.892941 0.851804 0.833931 0.851614
0.920259 0.917747 0.893172 0.853045 0.835195 0.850002
0.925891 0.914212 0.890916 0.849552 0.832622 0.853131
0.918309 0.918888 0.893796 0.852946 0.835770 0.849320
0.926495 0.911663 0.888853 0.849170 0.830748 0.853682
0.917458 0.918619 0.893273 0.853656 0.835997 0.849302
0.924001 0.914847 0.892137 0.849625 0.833171 0.852333
0.922394 0.916673 0.892503 0.851591 0.833937 0.851281
0.919416 0.917697 0.892854 0.853425 0.834674 0.849906
0.923655 0.915566 0.892506 0.850048 0.833545 0.852274
0.921660 0.917739 0.893425 0.851002 0.835136 0.850517
0.924830 0.913303 0.889884 0.850535 0.831899 0.853077
0.918321 0.918447 0.893021 0.853451 0.835647 0.849984
0.924937 0.914902 0.891905 0.849189 0.833089 0.852450
0.922943 0.916596 0.892767 0.851311 0.834028 0.851528
0.920207 0.917419 0.892672 0.853300 0.834799 0.850525
0.924682 0.915338 0.892006 0.850149 0.833415 0.852598
0.920986 0.917786 0.893602 0.851449 0.834477 0.850072
0.924433 0.914669 0.891153 0.851148 0.832746 0.852326
0.919337 0.918091 0.893378 0.853360 0.835487 0.849763
0.925663 0.914575 0.891579 0.848822 0.832472 0.852535
0.919517 0.918031 0.893142 0.852285 0.834043 0.849594
0.924717 0.913891 0.890549 0.850715 0.832282 0.852873
0.920057 0.917948 0.893253 0.853091 0.835668 0.849730
0.925191 0.914934 0.891364 0.849922 0.832778 0.852361
0.919382 0.918243 0.893159 0.853157 0.834607 0.849245
0.923771 0.915094 0.891671 0.851374 0.833161 0.852180
0.921774 0.916966 0.893297 0.852094 0.834618 0.851147
0.923126 0.915861 0.892540 0.851331 0.833654 0.851495
0.921842 0.916639 0.892722 0.852661 0.834183 0.850874
0.922716 0.916162 0.892412 0.852022 0.834225 0.851618
0.923112 0.916582 0.892931 0.851171 0.834155 0.851549
0.922483 0.916704 0.893038 0.851511 0.833847 0.850449
0.923529 0.916073 0.892304 0.851585 0.833433 0.851502
0.921903 0.917308 0.893259 0.852172 0.834495 0.850622
0.924363 0.915327 0.891890 0.850604 0.832857 0.852159
0.918255 0.918866 0.893459 0.853492 0.835288 0.848477
0.927317 0.911078 0.888655 0.848408 0.830078 0.853210
0.913239 0.920420 0.893443 0.853998 0.835558 0.846439
0.927874 0.908980 0.886625 0.846761 0.827737 0.852592
0.913649 0.919995 0.893746 0.853858 0.835470 0.846649
0.924827 0.914114 0.891343 0.850387 0.832482 0.852475
0.924085 0.914693 0.892331 0.849675 0.832855 0.852534
0.916425 0.919541 0.893805 0.853551 0.835860 0.847803
0.926271 0.910083 0.887140 0.848808 0.829086 0.852752
0.920586 0.917351 0.893300 0.852526 0.835701 0.850561
0.921104 0.917584 0.893940 0.851388 0.835718 0.851078
0.926995 0.910379 0.888388 0.848136 0.829478 0.853416
0.913381 0.919224 0.892606 0.855193 0.834756 0.847675
0.922364 0.916104 0.893072 0.851393 0.833591 0.851257
0.926708 0.912519 0.890047 0.846854 0.830576 0.853227
0.914449 0.919910 0.893560 0.853783 0.836053 0.846930
0.923250 0.912730 0.888799 0.850723 0.830185 0.850976
0.925874 0.914245 0.890891 0.849903 0.833297 0.853355
0.918591 0.919031 0.893834 0.850493 0.836249 0.849486
0.928089 0.910050 0.888196 0.845796 0.829676 0.853492
0.918440 0.917103 0.892572 0.852354 0.834723 0.850073
0.917160 0.918525 0.892915 0.852657 0.835162 0.849269
0.926749 0.912022 0.889743 0.846522 0.830498 0.853435
0.921042 0.917949 0.893570 0.850322 0.835185 0.850666
0.922145 0.916306 0.892758 0.851514 0.834858 0.851719
0.924715 0.913202 0.890388 0.849829 0.832177 0.852872
0.921049 0.917316 0.893369 0.851702 0.834993 0.850958
0.923689 0.915820 0.893155 0.848939 0.833933 0.852464
0.926243 0.913543 0.891202 0.848120 0.832573 0.853529
0.917469 0.918462 0.893220 0.853327 0.835143 0.849042
0.923845 0.915167 0.892214 0.850245 0.833560 0.852279
0.925220 0.914790 0.892188 0.848503 0.832936 0.852681
0.919121 0.918610 0.893687 0.852162 0.835340 0.849332
0.925504 0.913411 0.890739 0.849431 0.832298 0.852939
0.920781 0.917451 0.893133 0.852023 0.834737 0.849863
0.921193 0.917668 0.893545 0.851665 0.835096 0.850131
0.925637 0.913675 0.891119 0.848476 0.832548 0.853349
0.919559 0.918548 0.893569 0.852652 0.835324 0.849838
0.924475 0.914600 0.891634 0.850591 0.832870 0.852328
0.922462 0.916226 0.892716 0.851929 0.833756 0.851159
0.921114 0.917798 0.893379 0.852112 0.834960 0.850489
0.925796 0.913305 0.890452 0.849907 0.832131 0.853297
0.918113 0.918571 0.893362 0.853848 0.834845 0.848955
0.923182 0.916093 0.892559 0.851770 0.833829 0.851366
0.924779 0.915439 0.892178 0.850593 0.833493 0.852490
0.918886 0.918411 0.893521 0.853712 0.834964 0.849366
0.925182 0.914164 0.891334 0.850314 0.832023 0.852497
0.920898 0.917549 0.893382 0.852812 0.834186 0.850023
0.922992 0.916354 0.892755 0.851800 0.833922 0.851663
0.924482 0.915578 0.892132 0.850719 0.833370 0.852297
0.920497 0.917723 0.893320 0.853006 0.834301 0.849871
0.924144 0.914746 0.891443 0.851572 0.832520 0.852097
0.921850 0.917399 0.893173 0.852459 0.834641 0.850641
0.924456 0.915497 0.892096 0.851048 0.833250 0.852431
0.921333 0.917057 0.892935 0.853035 0.833765 0.850463
0.922702 0.916726 0.892755 0.852267 0.833586 0.851001
0.924546 0.915781 0.892111 0.851275 0.833151 0.852066
0.920215 0.917999 0.893323 0.853181 0.834452 0.849650
0.925244 0.914350 0.891154 0.850380 0.832100 0.852269
0.919936 0.918058 0.893282 0.853456 0.834290 0.849145
0.924820 0.915067 0.891867 0.850728 0.832475 0.852158
0.921863 0.917570 0.893411 0.852341 0.834130 0.850246
0.923872 0.915420 0.891971 0.851666 0.832817 0.851811
0.921101 0.917666 0.893329 0.853187 0.834091 0.849917
0.924501 0.915807 0.892395 0.851012 0.833066 0.851905
0.921940 0.916927 0.893115 0.852961 0.833900 0.850849
0.922702 0.916418 0.892761 0.852598 0.833547 0.851065
0.924082 0.916282 0.892630 0.851682 0.833181 0.851354
0.922419 0.917094 0.893172 0.852583 0.833581 0.850827
0.923793 0.916014 0.892293 0.851942 0.833084 0.851675
0.922003 0.917362 0.893275 0.852807 0.833830 0.850134
0.924409 0.915739 0.892047 0.851476 0.832708 0.851895
0.920872 0.917978 0.893367 0.853122 0.834491 0.849652
0.925760 0.913398 0.890435 0.850539 0.831393 0.852770
0.915908 0.919612 0.893624 0.854168 0.834728 0.846920
0.927994 0.910291 0.887967 0.848030 0.828497 0.853319
0.913301 0.920193 0.893731 0.854979 0.835280 0.846242
0.926400 0.912269 0.890148 0.849545 0.830616 0.852992
0.922280 0.917029 0.893459 0.852341 0.833645 0.850337
0.920159 0.917862 0.893433 0.853843 0.834329 0.849744
0.925563 0.913387 0.890903 0.850366 0.831703 0.852713
0.919747 0.918446 0.893840 0.853165 0.835151 0.849288
0.925544 0.914093 0.890527 0.851763 0.831863 0.852505
0.922663 0.916494 0.892835 0.852933 0.833957 0.851084
0.921057 0.917504 0.893501 0.852828 0.834297 0.850199
0.925892 0.912728 0.890064 0.850248 0.830841 0.852646
0.916745 0.919101 0.893390 0.855052 0.834812 0.847812
0.926114 0.913933 0.890926 0.850466 0.831721 0.852485
0.922241 0.916765 0.893067 0.852786 0.833626 0.850905
0.920872 0.917805 0.893032 0.853779 0.834173 0.849962
0.926109 0.913590 0.890520 0.850322 0.831081 0.852507
0.918753 0.918727 0.893421 0.853286 0.834670 0.848541
0.926555 0.912931 0.889553 0.850517 0.831062 0.852715
0.920460 0.917576 0.893033 0.853718 0.834784 0.849542
0.923032 0.916689 0.892951 0.852044 0.833581 0.850950
0.924693 0.915094 0.891848 0.850939 0.832291 0.851889
0.918537 0.918952 0.893298 0.854425 0.834853 0.848540
0.926205 0.912867 0.890101 0.850542 0.831193 0.852853
0.919551 0.918456 0.893810 0.853460 0.835433 0.849418
0.924602 0.915168 0.891971 0.851775 0.833092 0.852057
0.923174 0.915627 0.892229 0.853086 0.833009 0.851409
0.919753 0.918357 0.893437 0.853415 0.834223 0.849151
0.926775 0.912953 0.890226 0.850048 0.830935 0.852739
0.916815 0.918964 0.893696 0.854882 0.835153 0.847734
0.925919 0.913761 0.890902 0.850695 0.831706 0.852322
0.922062 0.916951 0.893221 0.853060 0.833734 0.850590
0.920903 0.917485 0.893324 0.854090 0.834189 0.850093
0.925756 0.913969 0.891152 0.850801 0.831982 0.852346
0.919805 0.918728 0.893611 0.853443 0.835060 0.849256
0.925647 0.913440 0.890335 0.851554 0.831328 0.852492
0.921139 0.917704 0.893235 0.853717 0.834419 0.849731
0.923422 0.916416 0.892701 0.852478 0.832895 0.851086
0.923607 0.915778 0.892246 0.852401 0.832918 0.851479
0.920361 0.918104 0.893453 0.853854 0.834606 0.849489
0.925941 0.913873 0.890896 0.850877 0.831758 0.852273
0.919325 0.918654 0.893604 0.853845 0.834891 0.848773
0.925789 0.913457 0.890482 0.851119 0.831251 0.852493
0.920119 0.918144 0.893271 0.853969 0.834383 0.849334
0.924320 0.915878 0.892445 0.851992 0.833078 0.851334
0.924170 0.916264 0.892591 0.852145 0.833232 0.851217
0.920782 0.917930 0.893396 0.853846 0.834306 0.849503
0.925362 0.914414 0.891329 0.851291 0.831870 0.852097
0.919343 0.918798 0.893553 0.854377 0.834649 0.848795
0.926008 0.913725 0.890671 0.851276 0.831517 0.852300
0.919704 0.918470 0.893541 0.854094 0.834975 0.848984
0.924880 0.914733 0.891493 0.852018 0.832278 0.851777
0.921767 0.917589 0.893314 0.853533 0.833903 0.850028
0.923668 0.916149 0.892586 0.852647 0.833034 0.851013
0.923083 0.916517 0.892763 0.852988 0.833503 0.850954
0.922512 0.917410 0.893153 0.853266 0.834146 0.850452
0.924758 0.915498 0.892017 0.852180 0.832542 0.851612
0.920296 0.918262 0.893587 0.853916 0.834341 0.849058
0.925878 0.913478 0.890587 0.851269 0.831207 0.852468
0.918139 0.919115 0.893581 0.854624 0.834946 0.848080
0.926888 0.912275 0.889581 0.850221 0.829764 0.852520
0.916701 0.919293 0.893687 0.855183 0.835032 0.847571
0.926143 0.913130 0.890605 0.850884 0.831033 0.852559
0.920826 0.918165 0.893605 0.853807 0.834538 0.849664
0.923335 0.916077 0.892373 0.853566 0.833114 0.850935
0.924771 0.915725 0.892380 0.852050 0.832882 0.851422
0.920882 0.918002 0.893475 0.853925 0.834540 0.849597
0.925384 0.914112 0.890881 0.852309 0.831561 0.852073
0.920138 0.918238 0.893546 0.853882 0.834666 0.849106
0.925574 0.914073 0.890979 0.851817 0.831656 0.852087
0.920609 0.918101 0.893246 0.854816 0.834674 0.849235
0.924614 0.915621 0.892287 0.852069 0.832644 0.851472
0.921899 0.917325 0.893192 0.853687 0.833549 0.850123
0.923942 0.916499 0.892386 0.853418 0.833300 0.851022
0.924250 0.916164 0.892475 0.852379 0.833007 0.851105
0.921990 0.917530 0.893201 0.853486 0.833901 0.850098
0.925027 0.915314 0.891413 0.852600 0.832608 0.851604
0.920451 0.918228 0.893450 0.854350 0.834471 0.849037
0.925927 0.914348 0.891300 0.851165 0.831485 0.851963
0.918938 0.918918 0.893532 0.854989 0.834721 0.848344
0.926619 0.912516 0.889690 0.850968 0.830111 0.852361
0.917105 0.919624 0.894021 0.853951 0.835238 0.847576
0.926814 0.911192 0.888373 0.850928 0.829507 0.852497
0.917722 0.918237 0.893419 0.855709 0.834801 0.847985
0.923294 0.916118 0.893154 0.850508 0.832927 0.850624
0.925732 0.914124 0.890940 0.851123 0.831490 0.851602
0.913361 0.919551 0.892848 0.855661 0.834870 0.845239
0.927959 0.912744 0.890172 0.848354 0.829910 0.852615
0.921317 0.917735 0.893367 0.851640 0.834045 0.850291
0.924826 0.915100 0.891162 0.852566 0.832403 0.852094
0.921747 0.916816 0.892170 0.854386 0.834218 0.850830
0.922891 0.917503 0.892890 0.852118 0.834046 0.850733
0.926295 0.914648 0.891509 0.850063 0.831567 0.852026
0.919555 0.918772 0.893231 0.855053 0.834522 0.848829
0.925671 0.914207 0.890703 0.851970 0.831195 0.851498
0.921909 0.917613 0.893350 0.853279 0.834133 0.849765
0.923886 0.917100 0.892789 0.852517 0.834018 0.850737
0.924507 0.915751 0.891531 0.853083 0.832793 0.851262
0.920301 0.918286 0.893392 0.853872 0.834041 0.848849
0.926088 0.913566 0.891003 0.850453 0.831030 0.852031
0.920619 0.918170 0.893209 0.854778 0.834496 0.849048
0.924728 0.915802 0.891980 0.852646 0.832423 0.851071
0.923232 0.917330 0.893219 0.852513 0.833552 0.850240
0.922686 0.917038 0.892980 0.853208 0.833944 0.850403
0.924382 0.915900 0.892296 0.853119 0.833212 0.851261
0.922352 0.917618 0.893325 0.853497 0.833958 0.849766
0.924594 0.915310 0.892024 0.852465 0.832464 0.851352
0.920924 0.918348 0.893246 0.854752 0.834611 0.849437
0.925656 0.915058 0.891673 0.851956 0.831856 0.851482
0.919937 0.918701 0.893676 0.853835 0.834384 0.848553
0.926077 0.913685 0.890496 0.852305 0.830943 0.851900
0.919919 0.918710 0.893694 0.854769 0.834962 0.848954
0.925513 0.914717 0.891541 0.851886 0.831447 0.851499
0.920676 0.918548 0.893630 0.854528 0.834722 0.849077
0.924618 0.915060 0.891722 0.853302 0.832194 0.851418
0.921553 0.917897 0.893670 0.853391 0.834022 0.849781
0.925139 0.915765 0.892086 0.852954 0.832420 0.851083
0.921355 0.917544 0.892734 0.855147 0.833815 0.849621
0.923755 0.916614 0.892988 0.852173 0.833216 0.851022
0.924422 0.916528 0.892643 0.852644 0.832830 0.850691
0.921323 0.917567 0.892680 0.855201 0.833512 0.849290
0.925221 0.915670 0.892264 0.851629 0.832256 0.851386
0.922029 0.917982 0.893312 0.853268 0.833834 0.849764
0.924450 0.914981 0.891127 0.853712 0.832014 0.851215
0.921645 0.918542 0.893512 0.853441 0.834831 0.849502
0.926823 0.913050 0.890380 0.850865 0.830302 0.852174
0.915114 0.919937 0.893131 0.855980 0.834826 0.846442
0.928308 0.910587 0.887884 0.849361 0.827303 0.851660
0.915178 0.920461 0.893742 0.854047 0.835813 0.846864
0.924964 0.912572 0.889767 0.852878 0.831190 0.851748
0.924981 0.915053 0.891392 0.853309 0.832532 0.851335
0.918252 0.919236 0.894137 0.854165 0.834621 0.848138
0.925925 0.911903 0.889557 0.851211 0.829382 0.851605
0.918223 0.917965 0.893656 0.855638 0.835450 0.848603
0.924508 0.916162 0.892375 0.852846 0.834016 0.851640
0.925806 0.914439 0.891564 0.851114 0.832055 0.852132
0.918020 0.919503 0.893585 0.854259 0.835090 0.848198
0.924921 0.912041 0.888361 0.851297 0.828897 0.851525
0.920673 0.917254 0.892730 0.855485 0.834598 0.850337
0.921676 0.918279 0.893716 0.851261 0.835323 0.850437
0.928057 0.911742 0.889227 0.848212 0.830272 0.851923
0.914356 0.919163 0.892371 0.855917 0.835012 0.846617
0.924812 0.915763 0.891744 0.852702 0.832450 0.851745
0.926564 0.914581 0.891283 0.848417 0.830290 0.851919
0.918563 0.919516 0.893428 0.853298 0.834392 0.848426
0.924057 0.912266 0.888976 0.851889 0.829797 0.851643
0.924164 0.915593 0.891444 0.853295 0.833210 0.851329
0.922093 0.918548 0.893265 0.851898 0.834950 0.849939
0.926411 0.913836 0.890756 0.850097 0.830991 0.852692
0.918515 0.919005 0.892962 0.855059 0.834285 0.848427
0.922369 0.916076 0.892037 0.854783 0.833409 0.850558
0.926159 0.914406 0.890811 0.852409 0.832458 0.852282
0.919710 0.918928 0.893572 0.854108 0.835294 0.849532
0.924813 0.916286 0.892330 0.851992 0.833036 0.851600
0.924757 0.915814 0.891944 0.852307 0.832635 0.851321
0.920106 0.918462 0.893375 0.855031 0.834279 0.849207
0.925423 0.914828 0.891955 0.851626 0.832091 0.852066
0.924475 0.916174 0.892781 0.851897 0.833067 0.851375
0.921361 0.917963 0.893120 0.854675 0.833552 0.849552
0.924595 0.915404 0.891635 0.852735 0.831898 0.851200
0.922267 0.918167 0.893250 0.853420 0.834256 0.849710
0.924304 0.916478 0.892529 0.852922 0.833493 0.851303
0.923081 0.916619 0.892448 0.854002 0.833542 0.850423
0.922482 0.917385 0.892972 0.853825 0.833806 0.850238
0.924747 0.916042 0.892133 0.852411 0.832230 0.851420
0.921717 0.917925 0.893390 0.854273 0.833730 0.849657
0.924698 0.916511 0.892438 0.852684 0.832545 0.850912
0.923305 0.916932 0.892822 0.853614 0.832927 0.850193
0.922482 0.917403 0.893136 0.854103 0.833034 0.849996
0.924636 0.916365 0.892518 0.852712 0.832586 0.851181
0.921830 0.918000 0.893603 0.854591 0.834162 0.849606
0.923971 0.916040 0.892340 0.853718 0.832586 0.851154
0.922483 0.918138 0.893536 0.853715 0.834010 0.849857
0.924755 0.915738 0.892088 0.853250 0.831856 0.851065
0.921605 0.918218 0.893371 0.854686 0.833779 0.849168
0.925194 0.915723 0.892076 0.852702 0.831634 0.851227
0.921867 0.918252 0.893381 0.854477 0.833684 0.849586
0.925017 0.915647 0.892151 0.853389 0.831977 0.851235
0.922129 0.918069 0.893530 0.854139 0.833901 0.849596
0.924623 0.915805 0.892146 0.853535 0.832043 0.851095
0.921874 0.918391 0.893622 0.854190 0.833969 0.849237
0.925305 0.914996 0.891544 0.853172 0.831634 0.851344
0.920250 0.918792 0.893774 0.854871 0.834296 0.848646
0.926701 0.913966 0.890743 0.852143 0.830416 0.851806
0.918148 0.919389 0.893678 0.855603 0.834549 0.847741
0.926744 0.913162 0.890128 0.851870 0.829656 0.851703
0.919240 0.919244 0.893814 0.854906 0.834751 0.848153
0.926123 0.913583 0.890339 0.852828 0.830417 0.851700
0.921137 0.918314 0.893721 0.854763 0.834421 0.849393
0.924113 0.916537 0.892733 0.853793 0.832940 0.850784
0.924356 0.916535 0.892504 0.853947 0.832541 0.850885
0.921397 0.918409 0.893724 0.854467 0.834345 0.849401
0.926069 0.913978 0.890897 0.852817 0.830589 0.851666
0.920116 0.918877 0.893833 0.855449 0.834349 0.848806
0.926446 0.914373 0.891126 0.852448 0.830602 0.851391
0.920452 0.918347 0.893435 0.854947 0.834104 0.848775
0.924709 0.916237 0.892561 0.853631 0.832394 0.850981
0.924728 0.916665 0.892889 0.853423 0.832605 0.850952
0.922212 0.917866 0.893491 0.854623 0.833319 0.849592
0.925476 0.915561 0.891865 0.853292 0.831746 0.851201
0.921127 0.918739 0.893677 0.854720 0.834261 0.849086
0.926393 0.914498 0.891205 0.852848 0.830675 0.851589
0.920691 0.918942 0.893652 0.855067 0.834443 0.848831
0.925982 0.913858 0.890455 0.853039 0.830010 0.851243
0.920115 0.918809 0.894027 0.854362 0.834883 0.848948
0.925779 0.914204 0.891144 0.852594 0.831319 0.851668
0.920712 0.918444 0.893515 0.855467 0.833822 0.848913
0.925032 0.916299 0.892879 0.852466 0.832338 0.850950
0.923778 0.916810 0.892773 0.854203 0.832374 0.850579
0.921913 0.918268 0.893438 0.855124 0.833879 0.849514
0.927010 0.914490 0.891541 0.851350 0.830519 0.851638
0.919582 0.919130 0.893779 0.855126 0.834166 0.848534
0.925998 0.913650 0.890170 0.853124 0.830097 0.851336
0.921255 0.918602 0.893995 0.854002 0.834717 0.849469
0.925417 0.915009 0.891641 0.853283 0.831526 0.851362
0.922217 0.917947 0.893280 0.855102 0.834121 0.849577
0.924653 0.916324 0.892327 0.853834 0.832205 0.850989
0.921978 0.917806 0.893569 0.854135 0.833046 0.849791
0.924772 0.916394 0.892180 0.854060 0.832721 0.850642
0.923701 0.916912 0.892268 0.854633 0.832844 0.850420
0.922404 0.917953 0.893072 0.852865 0.833993 0.850375
0.924630 0.916808 0.892800 0.851917 0.832917 0.850671
0.923151 0.917394 0.892749 0.854619 0.833187 0.849754
0.924686 0.915862 0.891544 0.854548 0.831960 0.850919
0.922899 0.917625 0.893481 0.852867 0.833882 0.850747
0.923746 0.916581 0.892685 0.852854 0.833022 0.850820
0.921643 0.918015 0.893168 0.854861 0.833951 0.848993
0.926437 0.915542 0.891340 0.852707 0.831184 0.851390
0.921578 0.918788 0.893465 0.854297 0.833865 0.849330
0.925000 0.915676 0.891857 0.852956 0.831331 0.851454
0.921748 0.918763 0.893464 0.854336 0.834657 0.849739
0.926580 0.914124 0.890211 0.852891 0.830563 0.851174
0.918145 0.919186 0.893382 0.856331 0.834100 0.847085
0.926142 0.914951 0.891850 0.851073 0.831365 0.851210
0.922094 0.918476 0.893701 0.853638 0.834164 0.849497
0.924459 0.914828 0.891007 0.854501 0.830614 0.850925
0.922930 0.918027 0.893483 0.853797 0.834242 0.850347
0.925325 0.916341 0.892418 0.852291 0.831985 0.851165
0.922028 0.917870 0.893221 0.854973 0.833066 0.849385
0.923843 0.916645 0.892746 0.853911 0.833199 0.850722
0.924260 0.916439 0.892777 0.854570 0.832822 0.850996
0.921997 0.918119 0.893639 0.854963 0.833669 0.849731
0.925781 0.915834 0.892301 0.852678 0.831752 0.851075
0.920547 0.918676 0.893543 0.855416 0.833991 0.848540
0.925689 0.914928 0.891476 0.853150 0.830796 0.851065
0.921943 0.918398 0.893998 0.853822 0.833889 0.849563
0.925708 0.913273 0.890298 0.853415 0.830081 0.851489
0.918708 0.919300 0.893686 0.855949 0.834498 0.847952
0.927387 0.913883 0.890919 0.850656 0.830324 0.851385
0.919118 0.919033 0.893607 0.855567 0.833853 0.847746
0.925282 0.914560 0.891120 0.853906 0.830912 0.851258
0.924021 0.917752 0.893634 0.853553 0.833642 0.850669
0.924017 0.916951 0.893052 0.854113 0.832564 0.850793
0.923526 0.916602 0.892837 0.854337 0.833018 0.850483
0.923047 0.917338 0.893331 0.854385 0.833494 0.850182
0.925111 0.916028 0.892440 0.853596 0.831748 0.850814
0.921873 0.918034 0.893872 0.854489 0.834055 0.849489
0.925344 0.914549 0.891205 0.854018 0.831023 0.851378
0.920134 0.919126 0.893769 0.855175 0.834559 0.848853
0.927508 0.913284 0.889928 0.851846 0.828962 0.851566
0.917290 0.919488 0.893544 0.856339 0.834138 0.847012
0.927343 0.913331 0.890261 0.851684 0.829148 0.851918
0.920108 0.919343 0.893757 0.854852 0.834283 0.848749
0.925320 0.914504 0.890849 0.854254 0.830535 0.850759
0.923629 0.917309 0.893536 0.853547 0.834103 0.850735
0.923190 0.917794 0.893510 0.853969 0.833735 0.850508
0.925133 0.915477 0.891349 0.853688 0.830837 0.850672
0.920201 0.919146 0.893940 0.855167 0.834788 0.848847
0.927276 0.913335 0.890152 0.852510 0.829918 0.852233
0.919267 0.918865 0.893706 0.855966 0.835011 0.848597
0.926364 0.914778 0.891658 0.851915 0.830803 0.850953
0.922840 0.917610 0.893499 0.853997 0.832602 0.849322
0.923074 0.917716 0.893382 0.855062 0.833760 0.850535
0.925986 0.915592 0.892117 0.853403 0.831747 0.851924
0.920707 0.918699 0.893726 0.855384 0.833636 0.848723
0.925695 0.915326 0.891515 0.853524 0.831285 0.851000
0.922189 0.918321 0.893644 0.854996 0.834090 0.849674
0.924889 0.916133 0.892569 0.853602 0.831659 0.850926
0.923905 0.917597 0.893289 0.854138 0.832751 0.849883
0.923530 0.916793 0.892575 0.855113 0.832229 0.850375
0.923156 0.917678 0.893740 0.853325 0.833791 0.850732
0.924983 0.916578 0.892583 0.853597 0.832583 0.850640
0.922171 0.917819 0.893107 0.855513 0.833210 0.848814
0.925410 0.915980 0.892716 0.852735 0.832144 0.851473
0.922923 0.918117 0.893731 0.854709 0.833713 0.849770
0.924542 0.915885 0.891858 0.854526 0.831410 0.850261
0.922648 0.918230 0.893839 0.853053 0.833984 0.849967
0.925809 0.914062 0.890810 0.852158 0.830432 0.851537
0.917859 0.919490 0.893525 0.856389 0.834021 0.847027
0.928276 0.912522 0.889471 0.850288 0.828618 0.851946
0.914979 0.920303 0.893538 0.855517 0.834846 0.846066
0.925215 0.912359 0.888362 0.853953 0.828502 0.849801
0.925899 0.915735 0.891636 0.852057 0.832421 0.850791
0.919622 0.918990 0.894060 0.854491 0.834616 0.848968
0.926238 0.911443 0.888423 0.852053 0.828156 0.851821
0.919285 0.919354 0.893780 0.855672 0.834910 0.848567
0.925561 0.916136 0.892596 0.853097 0.833332 0.851946
0.924496 0.914693 0.891806 0.853005 0.832317 0.852222
0.919208 0.918941 0.893680 0.855331 0.834968 0.848725
0.927569 0.913189 0.889190 0.851346 0.828122 0.850662
0.921698 0.917381 0.892977 0.855065 0.832947 0.848725
0.920864 0.918128 0.893965 0.853160 0.834803 0.849760
0.927037 0.914209 0.890921 0.851094 0.831878 0.852951
0.918957 0.918479 0.893501 0.856375 0.834290 0.848874
0.925092 0.916653 0.892365 0.852575 0.832055 0.850668
0.925336 0.915557 0.892013 0.851123 0.831249 0.851127
0.920016 0.919169 0.893278 0.854226 0.833852 0.848601
0.925964 0.914590 0.890740 0.852769 0.830144 0.851035
0.923848 0.917676 0.892757 0.854086 0.832749 0.849721
0.921258 0.918543 0.893534 0.854921 0.833494 0.849187
0.925062 0.914526 0.891331 0.853769 0.831214 0.851772
0.921874 0.918248 0.893593 0.855197 0.834347 0.849815
0.925863 0.915994 0.892301 0.853286 0.831159 0.850790
0.924275 0.916890 0.892929 0.853962 0.832119 0.850037
0.923950 0.917078 0.893042 0.854083 0.832280 0.849939
0.923728 0.917229 0.893132 0.854267 0.832650 0.849973
0.923566 0.917457 0.893295 0.854310 0.832961 0.850183
0.923562 0.917452 0.893322 0.854475 0.833209 0.850291
0.923663 0.917431 0.893276 0.854620 0.833230 0.850375
0.923906 0.917324 0.893115 0.854650 0.833165 0.850543
0.924146 0.917148 0.893117 0.854626 0.833049 0.850843
0.924254 0.916977 0.893054 0.854535 0.832942 0.851012
0.924299 0.916976 0.893057 0.854468 0.832878 0.851084
0.924258 0.916949 0.893110 0.854354 0.832869 0.850984
0.924181 0.917063 0.893295 0.854340 0.832994 0.850970
0.923961 0.917216 0.893447 0.854321 0.833049 0.850770
0.923793 0.917275 0.893459 0.854252 0.833122 0.850542
0.923694 0.917329 0.893494 0.854288 0.833197 0.850494
0.923716 0.917376 0.893484 0.854285 0.833142 0.850488
0.923856 0.917328 0.893409 0.854362 0.833019 0.850486
0.923921 0.917206 0.893231 0.854493 0.832882 0.850481
0.923960 0.917035 0.893138 0.854530 0.832777 0.850463
0.924119 0.916946 0.893067 0.854539 0.832683 0.850529
0.924102 0.916922 0.893012 0.854593 0.832687 0.850538
0.924050 0.916997 0.893090 0.854535 0.832665 0.850503
0.924038 0.917090 0.893157 0.854427 0.832721 0.850464
0.924055 0.917239 0.893243 0.854411 0.832703 0.850387
0.924057 0.917348 0.893334 0.854324 0.832788 0.850349
0.924062 0.917355 0.893368 0.854214 0.832751 0.850387
0.924100 0.917277 0.893309 0.854244 0.832730 0.850489
0.924149 0.917153 0.893320 0.854317 0.832658 0.850524
0.924119 0.917117 0.893203 0.854398 0.832647 0.850580
0.924123 0.917147 0.893178 0.854464 0.832710 0.850644
0.924030 0.917196 0.893211 0.854539 0.832696 0.850669
0.923974 0.917273 0.893227 0.854686 0.832786 0.850670
0.923887 0.917366 0.893222 0.854713 0.832798 0.850588
0.923844 0.917414 0.893278 0.854654 0.832869 0.850530
0.923872 0.917438 0.893330 0.854589 0.832883 0.850480
0.923904 0.917382 0.893319 0.854589 0.832877 0.850454
0.923956 0.917335 0.893299 0.854549 0.832858 0.850482
0.924027 0.917250 0.893254 0.854496 0.832781 0.850548
0.924024 0.917175 0.893223 0.854446 0.832684 0.850599
0.924049 0.917173 0.893242 0.854442 0.832667 0.850569
0.924030 0.917190 0.893260 0.854479 0.832684 0.850557
0.923982 0.917208 0.893287 0.854565 0.832743 0.850558
0.923892 0.917256 0.893291 0.854569 0.832825 0.850532
0.923878 0.917359 0.893290 0.854591 0.832842 0.850513
0.923889 0.917377 0.893295 0.854593 0.832881 0.850521
0.923930 0.917336 0.893289 0.854556 0.832870 0.850531
0.924001 0.917304 0.893284 0.854518 0.832798 0.850562
0.924038 0.917268 0.893253 0.854490 0.832724 0.850578
0.924094 0.917275 0.893232 0.854486 0.832692 0.850603
0.924120 0.917273 0.893226 0.854458 0.832638 0.850600
0.924081 0.917266 0.893262 0.854505 0.832664 0.850599
0.924073 0.917284 0.893284 0.854536 0.832680 0.850581
0.924032 0.917293 0.893311 0.854572 0.832714 0.850554
0.924022 0.917306 0.893304 0.854577 0.832705 0.850545
0.924016 0.917302 0.893320 0.854575 0.832707 0.850566
0.924018 0.917292 0.893296 0.854574 0.832709 0.850559
0.924074 0.917301 0.893285 0.854507 0.832696 0.850574
0.924090 0.917276 0.893296 0.854503 0.832679 0.850566
0.924114 0.917282 0.893299 0.854453 0.832668 0.850590
0.924113 0.917286 0.893309 0.854460 0.832644 0.850577
0.924078 0.917284 0.893313 0.854468 0.832652 0.850564
0.924051 0.917303 0.893320 0.854501 0.832664 0.850544
0.924039 0.917325 0.893343 0.854536 0.832666 0.850516
0.924038 0.917320 0.893348 0.854555 0.832663 0.850521
0.924041 0.917308 0.893350 0.854567 0.832670 0.850537
0.924056 0.917302 0.893344 0.854563 0.832681 0.850521
0.924089 0.917308 0.893319 0.854548 0.832680 0.850535
0.924109 0.917280 0.893314 0.854547 0.832666 0.850560
0.924103 0.917281 0.893316 0.854559 0.832657 0.850547
0.924131 0.917294 0.893336 0.854560 0.832634 0.850532
0.924154 0.917316 0.893328 0.854558 0.832614 0.850540
0.924134 0.917321 0.893346 0.854565 0.832603 0.850510
0.924117 0.917350 0.893325 0.854573 0.832601 0.850504
0.924113 0.917345 0.893351 0.854562 0.832627 0.850488
0.924118 0.917333 0.893364 0.854581 0.832639 0.850501
0.924123 0.917312 0.893368 0.854575 0.832627 0.850519
0.924119 0.917316 0.893363 0.854585 0.832633 0.850523
0.924143 0.917321 0.893368 0.854578 0.832624 0.850527
0.924148 0.917317 0.893364 0.854580 0.832621 0.850504
0.924152 0.917318 0.893365 0.854590 0.832580 0.850495
0.924144 0.917322 0.893360 0.854584 0.832594 0.850492
0.924157 0.917314 0.893359 0.854568 0.832583 0.850485
0.924154 0.917310 0.893351 0.854563 0.832593 0.850476
0.924145 0.917319 0.893372 0.854587 0.832607 0.850493
0.924162 0.917314 0.893367 0.854571 0.832596 0.850511
0.924182 0.917305 0.893371 0.854600 0.832588 0.850502
0.924199 0.917309 0.893349 0.854592 0.832598 0.850520
0.924205 0.917314 0.893358 0.854588 0.832584 0.850508
0.924208 0.917319 0.893358 0.854576 0.832597 0.850496
0.924219 0.917319 0.893349 0.854581 0.832578 0.850483
0.924198 0.917331 0.893346 0.854585 0.832560 0.850479
0.924184 0.917315 0.893354 0.854582 0.832548 0.850488
0.924184 0.917311 0.893333 0.854584 0.832544 0.850480
0.924180 0.917311 0.893323 0.854591 0.832540 0.850487
0.924190 0.917319 0.893327 0.854576 0.832550 0.850491
0.924179 0.917319 0.893336 0.854580 0.832553 0.850483
0.924169 0.917319 0.893345 0.854580 0.832563 0.850484
0.924173 0.917323 0.893346 0.854575 0.832554 0.850489
0.924166 0.917332 0.893350 0.854595 0.832557 0.850475
0.924187 0.917332 0.893342 0.854585 0.832553 0.850470
0.924196 0.917332 0.893328 0.854586 0.832557 0.850470
0.924192 0.917337 0.893324 0.854580 0.832538 0.850466
0.924195 0.917321 0.893320 0.854556 0.832528 0.850450
0.924195 0.917329 0.893328 0.854555 0.832522 0.850442
0.924199 0.917317 0.893328 0.854561 0.832513 0.850431
0.924203 0.917330 0.893342 0.854575 0.832505 0.850428
0.924203 0.917322 0.893327 0.854584 0.832506 0.850429
0.924199 0.917318 0.893322 0.854589 0.832509 0.850426
0.924196 0.917310 0.893318 0.854594 0.832502 0.850440
0.924199 0.917310 0.893318 0.854599 0.832502 0.850449
0.924206 0.917290 0.893310 0.854600 0.832465 0.850441
0.924210 0.917299 0.893318 0.854580 0.832465 0.850433
0.924217 0.917299 0.893323 0.854588 0.832465 0.850437
0.924217 0.917303 0.893315 0.854584 0.832473 0.850445
0.924221 0.917310 0.893324 0.854584 0.832477 0.850427
0.924206 0.917314 0.893332 0.854594 0.832481 0.850431
0.924200 0.917318 0.893332 0.854593 0.832480 0.850425
0.924206 0.917306 0.893323 0.854608 0.832478 0.850421
0.924212 0.917302 0.893323 0.854608 0.832463 0.850412
0.924226 0.917311 0.893322 0.854648 0.832465 0.850409
0.924226 0.917303 0.893313 0.854633 0.832472 0.850413
0.924229 0.917295 0.893331 0.854647 0.832446 0.850419
0.924226 0.917303 0.893344 0.854647 0.832443 0.850412
0.924234 0.917316 0.893340 0.854642 0.832447 0.850404
0.924226 0.917324 0.893332 0.854648 0.832431 0.850412
0.924236 0.917324 0.893318 0.854629 0.832438 0.850402
0.924229 0.917315 0.893318 0.854633 0.832430 0.850413
0.924229 0.917304 0.893305 0.854633 0.832429 0.850440
0.924239 0.917296 0.893310 0.854638 0.832444 0.850450
0.924235 0.917308 0.893322 0.854655 0.832443 0.850455
0.924228 0.917308 0.893326 0.854659 0.832435 0.850456
0.924228 0.917312 0.893330 0.854669 0.832439 0.850464
0.924222 0.917308 0.893326 0.854670 0.832444 0.850439
0.924211 0.917317 0.893326 0.854664 0.832444 0.850444
0.924204 0.917305 0.893326 0.854680 0.832429 0.850436
0.924218 0.917309 0.893322 0.854690 0.832434 0.850443
0.924214 0.917313 0.893326 0.854715 0.832445 0.850456
0.924221 0.917309 0.893325 0.854725 0.832433 0.850456
0.924221 0.917309 0.893316 0.854715 0.832435 0.850456
0.924225 0.917313 0.893316 0.854716 0.832432 0.850453
0.924225 0.917318 0.893321 0.854697 0.832429 0.850440
0.924219 0.917302 0.893321 0.854696 0.832420 0.850433
0.924232 0.917298 0.893320 0.854712 0.832413 0.850432
0.924236 0.917307 0.893320 0.854728 0.832431 0.850424
0.924246 0.917311 0.893317 0.854723 0.832420 0.850424
0.924253 0.917319 0.893317 0.854719 0.832414 0.850420
0.924253 0.917319 0.893333 0.854713 0.832407 0.850425
0.924253 0.917323 0.893333 0.854691 0.832407 0.850425
0.924253 0.917327 0.893329 0.854697 0.832392 0.850425
0.924252 0.917323 0.893334 0.854692 0.832381 0.850425
0.924249 0.917331 0.893334 0.854702 0.832378 0.850424
0.924263 0.917326 0.893330 0.854706 0.832381 0.850428
0.924263 0.917318 0.893334 0.854710 0.832376 0.850427
0.924266 0.917313 0.893335 0.854693 0.832376 0.850435
0.924273 0.917305 0.893326 0.854719 0.832388 0.850444
0.924259 0.917305 0.893330 0.854709 0.832389 0.850444
0.924268 0.917297 0.893305 0.854704 0.832362 0.850440
0.924268 0.917301 0.893310 0.854718 0.832355 0.850450
0.924265 0.917293 0.893319 0.854714 0.832363 0.850442
0.924255 0.917293 0.893315 0.854708 0.832365 0.850435
0.924265 0.917298 0.893323 0.854704 0.832387 0.850439
0.924259 0.917302 0.893315 0.854706 0.832391 0.850436
0.924262 0.917306 0.893320 0.854712 0.832388 0.850419
0.924255 0.917306 0.893315 0.854722 0.832387 0.850405
0.924258 0.917301 0.893311 0.854711 0.832375 0.850417
0.924269 0.917297 0.893310 0.854712 0.832378 0.850417
0.924262 0.917297 0.893324 0.854706 0.832387 0.850414
0.924262 0.917301 0.893329 0.854713 0.832385 0.850420
0.924276 0.917305 0.893320 0.854709 0.832367 0.850415
0.924283 0.917301 0.893312 0.854699 0.832366 0.850415
0.924292 0.917305 0.893316 0.854688 0.832359 0.850411
0.924296 0.917306 0.893320 0.854688 0.832363 0.850411
0.924299 0.917297 0.893325 0.854698 0.832349 0.850411
0.924302 0.917305 0.893320 0.854708 0.832341 0.850406
0.924306 0.917298 0.893316 0.854706 0.832338 0.850410
0.924296 0.917306 0.893316 0.854708 0.832330 0.850415
0.924286 0.917310 0.893316 0.854708 0.832330 0.850407
0.924286 0.917310 0.893317 0.854703 0.832339 0.850411
0.924302 0.917306 0.893321 0.854697 0.832352 0.850410
0.924316 0.917307 0.893333 0.854701 0.832341 0.850418
0.924319 0.917302 0.893329 0.854719 0.832347 0.850417
0.924312 0.917298 0.893325 0.854724 0.832340 0.850414
0.924309 0.917310 0.893322 0.854720 0.832334 0.850432
0.924302 0.917307 0.893322 0.854730 0.832335 0.850448
0.924299 0.917303 0.893327 0.854731 0.832335 0.850436
0.924305 0.917311 0.893318 0.854737 0.832339 0.850436
0.924309 0.917302 0.893317 0.854746 0.832335 0.850422
0.924315 0.917299 0.893322 0.854726 0.832339 0.850426
0.924312 0.917294 0.893339 0.854715 0.832328 0.850436
0.924312 0.917299 0.893339 0.854723 0.832335 0.850441
0.924316 0.917315 0.893322 0.854730 0.832350 0.850446
0.924319 0.917311 0.893322 0.854730 0.832339 0.850445
0.924315 0.917311 0.893318 0.854738 0.832338 0.850444
0.924312 0.917315 0.893315 0.854738 0.832333 0.850436
0.924312 0.917319 0.893315 0.854734 0.832322 0.850440
0.924302 0.917323 0.893311 0.854740 0.832323 0.850426
0.924306 0.917323 0.893324 0.854741 0.832331 0.850424
0.924299 0.917327 0.893337 0.854732 0.832369 0.850447
0.924302 0.917331 0.893342 0.854732 0.832376 0.850464
0.924313 0.917323 0.893324 0.854743 0.832359 0.850437
0.924296 0.917310 0.893316 0.854743 0.832359 0.850437
0.924296 0.917306 0.893321 0.854747 0.832349 0.850445
0.924306 0.917298 0.893325 0.854752 0.832357 0.850442
0.924306 0.917298 0.893316 0.854747 0.832350 0.850446
0.924309 0.917294 0.893312 0.854763 0.832350 0.850442
0.924309 0.917298 0.893325 0.854759 0.832363 0.850448
0.924299 0.917298 0.893330 0.854758 0.832356 0.850436
0.924300 0.917303 0.893334 0.854762 0.832349 0.850432
0.924310 0.917294 0.893343 0.854757 0.832344 0.850427
0.924309 0.917298 0.893338 0.854746 0.832340 0.850434
0.924309 0.917294 0.893342 0.854746 0.832341 0.850438
0.924312 0.917294 0.893347 0.854736 0.832345 0.850443
0.924306 0.917298 0.893343 0.854737 0.832341 0.850444
0.924296 0.917286 0.893351 0.854752 0.832342 0.850444
0.924302 0.917290 0.893343 0.854741 0.832338 0.850449
0.924309 0.917298 0.893343 0.854750 0.832335 0.850445
0.924312 0.917310 0.893334 0.854744 0.832324 0.850445
0.924312 0.917299 0.893351 0.854734 0.832315 0.850440
0.924312 0.917295 0.893342 0.854727 0.832308 0.850436
0.924315 0.917295 0.893342 0.854731 0.832291 0.850431
0.924322 0.917295 0.893337 0.854737 0.832295 0.850431
0.924320 0.917303 0.893333 0.854750 0.832304 0.850433
0.924320 0.917299 0.893342 0.854760 0.832289 0.850428
0.924323 0.917287 0.893345 0.854749 0.832289 0.850410
0.924323 0.917271 0.893332 0.854748 0.832292 0.850400
0.924327 0.917271 0.893341 0.854764 0.832296 0.850409
0.924323 0.917271 0.893337 0.854750 0.832297 0.850418
0.924324 0.917276 0.893329 0.854756 0.832315 0.850423
0.924317 0.917291 0.893329 0.854751 0.832303 0.850423
0.924317 0.917295 0.893317 0.854756 0.832306 0.850414
0.924307 0.917283 0.893313 0.854756 0.832320 0.850411
0.924304 0.917290 0.893321 0.854757 0.832324 0.850411
0.924313 0.917286 0.893325 0.854762 0.832306 0.850428
0.924309 0.917269 0.893321 0.854751 0.832302 0.850425
0.924306 0.917278 0.893329 0.854752 0.832313 0.850417
0.924299 0.917277 0.893325 0.854766 0.832313 0.850414
0.924299 0.917261 0.893317 0.854746 0.832309 0.850426
0.924292 0.917261 0.893329 0.854735 0.832302 0.850422
0.924285 0.917261 0.893311 0.854735 0.832313 0.850422
0.924282 0.917253 0.893311 0.854757 0.832312 0.850437
0.924289 0.917257 0.893315 0.854757 0.832308 0.850437
0.924285 0.917253 0.893324 0.854757 0.832289 0.850437
0.924299 0.917261 0.893321 0.854758 0.832287 0.850429
0.924313 0.917266 0.893300 0.854764 0.832278 0.850430
0.924320 0.917269 0.893309 0.854780 0.832274 0.850430
0.924320 0.917274 0.893300 0.854772 0.832273 0.850426
0.924313 0.917266 0.893304 0.854754 0.832266 0.850422
0.924307 0.917258 0.893300 0.854780 0.832274 0.850416
0.924310 0.917258 0.893300 0.854796 0.832274 0.850420
0.924317 0.917270 0.893299 0.854785 0.832274 0.850419
0.924317 0.917270 0.893299 0.854780 0.832270 0.850419
0.924317 0.917294 0.893308 0.854785 0.832274 0.850399
0.924317 0.917302 0.893308 0.854775 0.832271 0.850384
0.924321 0.917299 0.893308 0.854780 0.832255 0.850384
0.924334 0.917294 0.893313 0.854774 0.832254 0.850387
0.924334 0.917294 0.893318 0.854770 0.832256 0.850387
0.924341 0.917291 0.893322 0.854765 0.832259 0.850392
0.924338 0.917303 0.893310 0.854761 0.832256 0.850380
0.924338 0.917302 0.893310 0.854770 0.832248 0.850384
0.924327 0.917307 0.893317 0.854780 0.832244 0.850383
0.924334 0.917302 0.893304 0.854799 0.832247 0.850383
0.924337 0.917298 0.893299 0.854783 0.832258 0.850382
0.924334 0.917302 0.893299 0.854779 0.832261 0.850374
0.924337 0.917306 0.893291 0.854769 0.832261 0.850367
0.924337 0.917310 0.893288 0.854791 0.832252 0.850365
0.924345 0.917323 0.893293 0.854792 0.832260 0.850371
0.924327 0.917319 0.893288 0.854788 0.832256 0.850362
0.924327 0.917318 0.893288 0.854778 0.832259 0.850366
0.924340 0.917310 0.893288 0.854777 0.832258 0.850370
0.924336 0.917302 0.893296 0.854777 0.832257 0.850369
0.924336 0.917306 0.893295 0.854772 0.832248 0.850369
0.924339 0.917302 0.893283 0.854777 0.832245 0.850378
0.924343 0.917302 0.893283 0.854777 0.832248 0.850378
0.924350 0.917306 0.893291 0.854777 0.832237 0.850382
0.924347 0.917318 0.893300 0.854780 0.832234 0.850391
0.924340 0.917318 0.893304 0.854802 0.832242 0.850392
0.924336 0.917326 0.893292 0.854802 0.832230 0.850391
0.924339 0.917314 0.893295 0.854794 0.832217 0.850380
0.924336 0.917305 0.893303 0.854778 0.832216 0.850372
0.924335 0.917316 0.893303 0.854769 0.832217 0.850372
0.924325 0.917314 0.893295 0.854780 0.832221 0.850390
0.924326 0.917318 0.893306 0.854770 0.832232 0.850374
0.924325 0.917322 0.893304 0.854759 0.832232 0.850365
0.924333 0.917325 0.893287 0.854754 0.832232 0.850372
0.924336 0.917329 0.893282 0.854763 0.832247 0.850377
0.924339 0.917325 0.893295 0.854757 0.832254 0.850376
0.924342 0.917325 0.893300 0.854762 0.832250 0.850385
0.924342 0.917321 0.893296 0.854752 0.832250 0.850394
0.924342 0.917321 0.893284 0.854757 0.832250 0.850403
0.924346 0.917321 0.893288 0.854752 0.832236 0.850390
0.924346 0.917317 0.893292 0.854752 0.832236 0.850387
0.924356 0.917320 0.893288 0.854757 0.832245 0.850395
0.924349 0.917320 0.893288 0.854752 0.832237 0.850387
0.924346 0.917320 0.893296 0.854753 0.832237 0.850371
0.924356 0.917316 0.893288 0.854751 0.832234 0.850374
0.924359 0.917308 0.893291 0.854746 0.832234 0.850383
0.924356 0.917308 0.893288 0.854746 0.832237 0.850383
0.924359 0.917304 0.893292 0.854774 0.832246 0.850393
0.924356 0.917304 0.893309 0.854774 0.832235 0.850393
0.924349 0.917303 0.893304 0.854788 0.832237 0.850379
0.924359 0.917307 0.893309 0.854788 0.832241 0.850380
0.924351 0.917307 0.893316 0.854802 0.832235 0.850400
0.924361 0.917307 0.893321 0.854772 0.832243 0.850396
0.924352 0.917303 0.893330 0.854767 0.832241 0.850402
0.924342 0.917299 0.893321 0.854787 0.832224 0.850398
0.924335 0.917299 0.893330 0.854772 0.832226 0.850394
0.924345 0.917303 0.893308 0.854769 0.832230 0.850398
0.924344 0.917295 0.893307 0.854781 0.832232 0.850393
0.924351 0.917298 0.893315 0.854770 0.832232 0.850395
0.924341 0.917290 0.893315 0.854770 0.832199 0.850383
0.924335 0.917291 0.893317 0.854778 0.832220 0.850389
0.924335 0.917300 0.893325 0.854779 0.832206 0.850385
0.924335 0.917292 0.893329 0.854799 0.832208 0.850386
0.924331 0.917296 0.893329 0.854778 0.832208 0.850390
0.924331 0.917284 0.893317 0.854783 0.832199 0.850387
0.924331 0.917291 0.893316 0.854794 0.832192 0.850386
0.924327 0.917291 0.893316 0.854789 0.832180 0.850377
0.924324 0.917297 0.893334 0.854795 0.832213 0.850387
0.924324 0.917292 0.893348 0.854790 0.832206 0.850392
0.924323 0.917300 0.893330 0.854803 0.832184 0.850396
0.924320 0.917288 0.893308 0.854807 0.832185 0.850381
0.924320 0.917288 0.893313 0.854808 0.832178 0.850384
0.924323 0.917292 0.893326 0.854814 0.832184 0.850392
0.924324 0.917292 0.893331 0.854836 0.832186 0.850388
0.924321 0.917280 0.893331 0.854829 0.832185 0.850392
0.924321 0.917276 0.893336 0.854836 0.832182 0.850383
0.924327 0.917280 0.893326 0.854840 0.832187 0.850391
0.924327 0.917280 0.893322 0.854834 0.832191 0.850383
0.924334 0.917272 0.893318 0.854839 0.832192 0.850383
0.924328 0.917275 0.893318 0.854830 0.832182 0.850374
0.924330 0.917272 0.893314 0.854840 0.832182 0.850377
0.924323 0.917271 0.893313 0.854830 0.832182 0.850380
0.924344 0.917267 0.893300 0.854837 0.832179 0.850376
0.924330 0.917262 0.893304 0.854835 0.832178 0.850375
0.924323 0.917282 0.893304 0.854834 0.832184 0.850379
0.924327 0.917271 0.893318 0.854835 0.832189 0.850376
0.924323 0.917275 0.893324 0.854847 0.832183 0.850377
0.924316 0.917278 0.893332 0.854863 0.832183 0.850381
0.924320 0.917283 0.893340 0.854841 0.832174 0.850376
0.924330 0.917278 0.893344 0.854846 0.832170 0.850379
0.924333 0.917277 0.893327 0.854835 0.832172 0.850384
0.924333 0.917277 0.893328 0.854841 0.832174 0.850383
0.924347 0.917278 0.893327 0.854840 0.832180 0.850376
0.924347 0.917265 0.893331 0.854840 0.832183 0.850378
0.924349 0.917248 0.893329 0.854850 0.832182 0.850364
0.924343 0.917268 0.893329 0.854845 0.832195 0.850372
0.924340 0.917265 0.893337 0.854840 0.832185 0.850386
0.924337 0.917265 0.893347 0.854856 0.832184 0.850387
0.924347 0.917273 0.893360 0.854856 0.832187 0.850375
0.924358 0.917281 0.893352 0.854846 0.832184 0.850370
0.924355 0.917269 0.893343 0.854852 0.832172 0.850388
0.924343 0.917268 0.893338 0.854859 0.832169 0.850391
0.924344 0.917259 0.893355 0.854855 0.832158 0.850386
0.924334 0.917268 0.893351 0.854863 0.832159 0.850379
0.924314 0.917268 0.893359 0.854863 0.832156 0.850392
0.924323 0.917272 0.893354 0.854883 0.832143 0.850399
0.924316 0.917272 0.893362 0.854872 0.832150 0.850368
0.924327 0.917272 0.893363 0.854848 0.832159 0.850375
0.924328 0.917281 0.893368 0.854864 0.832150 0.850380
0.924321 0.917281 0.893351 0.854863 0.832153 0.850384
0.924324 0.917273 0.893368 0.854865 0.832161 0.850402
0.924321 0.917284 0.893351 0.854853 0.832178 0.850406
0.924310 0.917276 0.893358 0.854879 0.832161 0.850382
0.924317 0.917280 0.893348 0.854875 0.832166 0.850387
0.924307 0.917276 0.893349 0.854864 0.832183 0.850392
0.924327 0.917276 0.893358 0.854864 0.832195 0.850414
0.924317 0.917280 0.893340 0.854865 0.832195 0.850395
0.924314 0.917284 0.893346 0.854877 0.832183 0.850388
0.924323 0.917288 0.893359 0.854866 0.832189 0.850388
0.924324 0.917289 0.893363 0.854860 0.832186 0.850394
0.924324 0.917284 0.893350 0.854860 0.832180 0.850411
0.924321 0.917292 0.893376 0.854859 0.832174 0.850402
0.924328 0.917301 0.893380 0.854858 0.832176 0.850377
0.924321 0.917297 0.893385 0.854848 0.832183 0.850381
0.924324 0.917300 0.893381 0.854848 0.832197 0.850373
0.924325 0.917288 0.893385 0.854856 0.832187 0.850360
0.924318 0.917288 0.893385 0.854859 0.832187 0.850348
0.924318 0.917283 0.893394 0.854863 0.832183 0.850346
0.924320 0.917287 0.893367 0.854885 0.832183 0.850360
0.924324 0.917279 0.893372 0.854881 0.832182 0.850356
0.924321 0.917296 0.893394 0.854882 0.832179 0.850342
0.924318 0.917300 0.893390 0.854882 0.832187 0.850347
0.924321 0.917304 0.893390 0.854893 0.832189 0.850347
0.924331 0.917296 0.893373 0.854893 0.832176 0.850351
0.924331 0.917316 0.893377 0.854898 0.832170 0.850350
0.924311 0.917316 0.893390 0.854888 0.832185 0.850345
0.924305 0.917316 0.893382 0.854915 0.832175 0.850346
0.924318 0.917312 0.893378 0.854930 0.832185 0.850346
0.924312 0.917312 0.893374 0.854936 0.832182 0.850346
0.924322 0.917308 0.893374 0.854948 0.832182 0.850337
0.924318 0.917303 0.893361 0.854944 0.832170 0.850332
0.924318 0.917303 0.893365 0.854932 0.832169 0.850336
0.924314 0.917299 0.893364 0.854900 0.832177 0.850348
0.924314 0.917307 0.893368 0.854906 0.832170 0.850340
0.924321 0.917299 0.893372 0.854916 0.832158 0.850347
0.924311 0.917300 0.893373 0.854927 0.832162 0.850339
0.924315 0.917308 0.893377 0.854933 0.832163 0.850324
0.924312 0.917304 0.893369 0.854927 0.832163 0.850323
0.924321 0.917308 0.893368 0.854926 0.832154 0.850327
0.924325 0.917319 0.893363 0.854932 0.832158 0.850331
0.924328 0.917319 0.893355 0.854937 0.832142 0.850336
0.924332 0.917327 0.893347 0.854936 0.832142 0.850336
0.924332 0.917328 0.893365 0.854932 0.832150 0.850345
0.924328 0.917320 0.893374 0.854967 0.832153 0.850349
0.924325 0.917312 0.893369 0.854967 0.832159 0.850336
0.924312 0.917316 0.893361 0.854973 0.832164 0.850341
0.924322 0.917320 0.893370 0.854977 0.832163 0.850336
0.924321 0.917323 0.893369 0.854971 0.832152 0.850335
0.924328 0.917323 0.893365 0.854977 0.832162 0.850347
0.924328 0.917331 0.893369 0.854972 0.832162 0.850355
0.924331 0.917336 0.893361 0.854956 0.832172 0.850368
0.924328 0.917331 0.893356 0.854945 0.832161 0.850368
0.924335 0.917323 0.893365 0.854970 0.832169 0.850363
0.924331 0.917319 0.893369 0.854981 0.832166 0.850364
0.924341 0.917319 0.893360 0.854981 0.832158 0.850363
0.924338 0.917323 0.893374 0.854982 0.832159 0.850363
0.924341 0.917311 0.893378 0.854981 0.832152 0.850359
0.924341 0.917315 0.893360 0.854981 0.832130 0.850359
0.924341 0.917319 0.893360 0.854986 0.832124 0.850372
0.924344 0.917323 0.893373 0.854992 0.832144 0.850369
0.924331 0.917328 0.893382 0.854988 0.832152 0.850374
0.924331 0.917311 0.893374 0.854988 0.832160 0.850381
0.924327 0.917303 0.893373 0.854980 0.832152 0.850390
0.924327 0.917306 0.893369 0.854999 0.832148 0.850388
0.924323 0.917306 0.893382 0.854999 0.832152 0.850382
0.924320 0.917315 0.893382 0.854991 0.832157 0.850375
0.924330 0.917315 0.893382 0.854990 0.832141 0.850382
0.924330 0.917315 0.893378 0.854981 0.832148 0.850375
0.924317 0.917319 0.893404 0.854985 0.832163 0.850386
0.924314 0.917315 0.893396 0.854966 0.832170 0.850375
0.924314 0.917315 0.893395 0.854966 0.832154 0.850384
0.924327 0.917318 0.893403 0.854976 0.832136 0.850371
0.924310 0.917318 0.893395 0.854981 0.832139 0.850366
0.924297 0.917327 0.893391 0.854982 0.832154 0.850375
0.924317 0.917330 0.893403 0.854981 0.832145 0.850373
0.924310 0.917333 0.893403 0.854991 0.832141 0.850373
0.924303 0.917335 0.893403 0.855002 0.832146 0.850377
0.924300 0.917334 0.893403 0.855008 0.832138 0.850370
0.924303 0.917326 0.893403 0.855002 0.832131 0.850366
0.924293 0.917330 0.893403 0.855002 0.832152 0.850366
0.924296 0.917330 0.893412 0.854997 0.832155 0.850382
0.924309 0.917322 0.893398 0.854985 0.832146 0.850373
0.924299 0.917314 0.893398 0.854985 0.832146 0.850378
0.924289 0.917330 0.893407 0.854988 0.832146 0.850374
0.924289 0.917333 0.893412 0.855018 0.832165 0.850371
0.924296 0.917330 0.893412 0.854998 0.832161 0.850377
0.924302 0.917321 0.893398 0.854976 0.832142 0.850383
0.924312 0.917324 0.893397 0.854959 0.832119 0.850379
0.924312 0.917345 0.893382 0.854955 0.832131 0.850370
0.924302 0.917342 0.893404 0.854956 0.832135 0.850367
0.924295 0.917345 0.893394 0.854967 0.832140 0.850362
0.924301 0.917340 0.893415 0.854944 0.832117 0.850375
0.924301 0.917344 0.893414 0.854955 0.832127 0.850390
0.924304 0.917321 0.893401 0.854953 0.832126 0.850391
0.924314 0.917313 0.893396 0.854932 0.832121 0.850402
0.924317 0.917313 0.893405 0.854927 0.832129 0.850399
0.924315 0.917325 0.893406 0.854913 0.832127 0.850389
0.924313 0.917334 0.893407 0.854936 0.832140 0.850373
0.924329 0.917325 0.893406 0.854935 0.832146 0.850384
0.924332 0.917331 0.893400 0.854928 0.832130 0.850398
0.924332 0.917324 0.893400 0.854942 0.832130 0.850398
0.924319 0.917325 0.893392 0.854932 0.832137 0.850390
0.924329 0.917320 0.893405 0.854927 0.832141 0.850395
0.924336 0.917308 0.893400 0.854927 0.832136 0.850398
0.924349 0.917311 0.893388 0.854940 0.832128 0.850373
0.924349 0.917315 0.893388 0.854936 0.832136 0.850386
0.924336 0.917321 0.893389 0.854936 0.832140 0.850387
0.924342 0.917324 0.893400 0.854942 0.832139 0.850385
0.924335 0.917320 0.893412 0.854926 0.832130 0.850389
0.924349 0.917327 0.893417 0.854925 0.832128 0.850385
0.924346 0.917340 0.893406 0.854947 0.832118 0.850385
0.924346 0.917348 0.893415 0.854962 0.832129 0.850389
0.924363 0.917339 0.893426 0.854920 0.832135 0.850388
0.924353 0.917348 0.893423 0.854926 0.832132 0.850372
0.924367 0.917353 0.893420 0.854927 0.832131 0.850364
0.924364 0.917353 0.893395 0.854927 0.832125 0.850377
0.924353 0.917337 0.893394 0.854927 0.832132 0.850381
0.924353 0.917348 0.893403 0.854920 0.832132 0.850385
0.924366 0.917344 0.893395 0.854901 0.832141 0.850371
0.924355 0.917339 0.893393 0.854920 0.832133 0.850371
0.924363 0.917340 0.893411 0.854925 0.832127 0.850363
0.924352 0.917344 0.893408 0.854917 0.832120 0.850381
0.924370 0.917352 0.893415 0.854942 0.832120 0.850362
0.924366 0.917356 0.893407 0.854931 0.832111 0.850361
0.924359 0.917364 0.893412 0.854935 0.832116 0.850358
0.924359 0.917378 0.893417 0.854917 0.832121 0.850356
0.924356 0.917373 0.893404 0.854899 0.832107 0.850364
0.924369 0.917368 0.893377 0.854916 0.832098 0.850357
0.924376 0.917364 0.893389 0.854926 0.832105 0.850351
0.924373 0.917394 0.893391 0.854924 0.832092 0.850325
0.924359 0.917398 0.893392 0.854909 0.832093 0.850330
0.924356 0.917405 0.893387 0.854909 0.832096 0.850342
0.924349 0.917401 0.893390 0.854928 0.832103 0.850354
0.924345 0.917389 0.893399 0.854933 0.832083 0.850341
0.924352 0.917398 0.893395 0.854943 0.832076 0.850329
0.924359 0.917398 0.893383 0.854950 0.832098 0.850330
0.924359 0.917383 0.893392 0.854939 0.832090 0.850329
0.924349 0.917390 0.893387 0.854954 0.832104 0.850320
0.924356 0.917390 0.893387 0.854962 0.832092 0.850328
0.924366 0.917386 0.893387 0.854963 0.832084 0.850319
