1.869202
1.567963
17.048462
2.176973
1.776418
1.940154
1.571648
1.304977
1.251633
1.014575
0.959662
0.835249
0.992273
0.864570
0.922728
0.815043
0.804706
0.850046
0.798895
0.786276
0.782948
0.780220
0.782468
0.775514
0.748428
0.738109
0.753443
0.738037
0.725444
0.723942
0.716108
0.712754
0.711238
0.700141
0.691599
0.691216
0.686503
0.677442
0.672709
0.671670
0.668079
0.662119
0.660578
0.659384
0.655069
0.656662
0.654459
0.650247
0.650184
0.648344
0.647721
0.644849
0.644212
0.643027
0.641305
0.640559
0.639053
0.639286
0.638227
0.637575
0.636926
0.635853
0.635827
0.635581
0.637835
0.642802
0.639207
0.633134
0.634789
0.636068
0.632595
0.631487
0.633777
0.633764
0.630108
0.631436
0.633384
0.629695
0.629055
0.631083
0.629677
0.627664
0.627223
0.628173
0.629386
0.627811
0.626419
0.625453
0.625771
0.627362
0.629111
0.636128
0.630016
0.625736
0.630926
0.627791
0.623941
0.625641
0.627428
0.627417
0.623541
0.625005
0.626866
0.623332
0.622252
0.624549
0.625504
0.626284
0.622451
0.622673
0.625457
0.623826
0.623188
0.620995
0.621181
0.623136
0.623674
0.625754
0.622223
0.621030
0.623505
0.622692
0.621164
0.619341
0.619904
0.621382
0.620650
0.619227
0.618436
0.619295
0.624182
0.629931
0.641658
0.625640
0.630190
0.634144
0.620198
0.631344
0.631478
0.620083
0.632044
0.626251
0.622978
0.627723
0.619406
0.624973
0.622522
0.618692
0.619958
0.619542
0.617953
0.618821
0.618276
0.617228
0.617814
0.617995
0.617628
0.616574
0.616807
0.617056
0.616104
0.615943
0.616154
0.616329
0.616191
0.615654
0.615024
0.614699
0.614935
0.615312
0.615578
0.616292
0.616564
0.617095
0.615741
0.614568
0.613641
0.613227
0.613068
0.613349
0.614495
0.616889
0.625308
0.629394
0.625451
0.614525
0.620785
0.624109
0.615079
0.618704
0.627851
0.617789
0.616438
0.622707
0.614673
0.615377
0.619324
0.613705
0.613463
0.616052
0.613755
0.612006
0.615202
0.615118
0.614289
0.611456
0.614176
0.616051
0.612033
0.612142
0.617574
0.617785
0.612969
0.612465
0.616447
0.619465
0.610718
0.618918
0.622703
0.614318
0.618219
0.622273
0.610411
0.616565
0.618514
0.610844
0.619466
0.618525
0.612530
0.619663
0.616327
0.610800
0.618093
0.611963
0.612186
0.615911
0.611682
0.611345
0.613711
0.609351
0.610499
0.611404
0.609211
0.608413
0.609778
0.608562
0.607938
0.608898
0.610172
0.607898
0.607489
0.608196
0.608180
0.607363
0.606674
0.606845
0.607027
0.607307
0.607963
0.607382
0.606877
0.606236
0.605857
0.606135
0.606559
0.607460
0.608191
0.609548
0.608719
0.607118
0.605797
0.605221
0.605322
0.605651
0.606858
0.608733
0.613906
0.614242
0.608978
0.605234
0.606744
0.610958
0.612511
0.610123
0.605875
0.608249
0.612997
0.608701
0.605602
0.606461
0.606886
0.607154
0.605098
0.605033
0.605884
0.607580
0.606930
0.606017
0.604716
0.604240
0.604208
0.604284
0.604933
0.606677
0.608789
0.611022
0.608519
0.604267
0.604292
0.606952
0.612431
0.611762
0.605609
0.605883
0.610489
0.610525
0.606037
0.604098
0.607018
0.604911
0.604161
0.603988
0.604457
0.605049
0.604742
0.603512
0.603695
0.603030
0.603076
0.603901
0.604278
0.604905
0.606100
0.607175
0.606527
0.604210
0.602430
0.602363
0.603642
0.606077
0.607098
0.604901
0.602082
0.602274
0.604455
0.607037
0.610517
0.606892
0.602703
0.603796
0.608141
0.611565
0.607975
0.602847
0.604893
0.606244
0.604435
0.602504
0.603242
0.604098
0.603853
0.602402
0.601582
0.602392
0.603466
0.603792
0.603022
0.601705
0.601151
0.601076
0.601656
0.603208
0.605644
0.612896
0.612126
0.604561
0.602384
0.608892
0.609587
0.605881
0.601994
0.603564
0.603172
0.602765
0.601353
0.602127
0.602010
0.601701
0.601244
0.600973
0.601115
0.601309
0.601378
0.600743
0.600682
0.600696
0.600801
0.600548
0.601043
0.602605
0.604387
0.608695
0.609949
0.604412
0.600209
0.601791
0.606444
0.606387
0.603458
0.600631
0.602381
0.605059
0.603700
0.601003
0.600201
0.601982
0.602706
0.600768
0.599667
0.600276
0.601798
0.602881
0.602206
0.600733
0.599676
0.599301
0.600698
0.602661
0.604180
0.603153
0.601015
0.599118
0.599597
0.601886
0.603299
0.604380
0.601640
0.599114
0.600063
0.603129
0.604494
0.603747
0.601256
0.598954
0.600968
0.603442
0.602491
0.600437
0.599670
0.599560
0.601287
0.604450
0.604355
0.602536
0.600222
0.600015
0.603896
0.602830
0.601016
0.600317
0.598629
0.600108
0.599876
0.600907
0.600031
0.600055
0.599488
0.598435
0.599053
0.598662
0.598701
0.599678
0.600577
0.602744
0.602829
0.602410
0.600251
0.598487
0.598504
0.598758
0.601310
0.601874
0.601398
0.600576
0.598437
0.597785
0.599219
0.599795
0.600000
0.600611
0.599922
0.597940
0.598801
0.598756
0.597624
0.599984
0.599454
0.599277
0.601102
0.602083
0.605988
0.603541
0.601337
0.598589
0.600157
0.600466
0.602938
0.606190
0.601139
0.601076
0.602047
0.607908
0.606322
0.601254
0.600638
0.603879
0.601313
0.599582
0.600630
0.601876
0.601175
0.598655
0.598514
0.600991
0.600152
0.598029
0.597238
0.598345
0.598853
0.598575
0.598837
0.598136
0.597310
0.596612
0.596579
0.596375
0.596833
0.597145
0.597601
0.598561
0.599492
0.601122
0.600537
0.599542
0.597622
0.596097
0.596410
0.597849
0.599517
0.600014
0.600415
0.598203
0.596335
0.595948
0.596994
0.598491
0.600017
0.601325
0.598799
0.596753
0.595872
0.595868
0.597172
0.598908
0.600192
0.598990
0.597804
0.596423
0.595600
0.595398
0.596313
0.597240
0.598205
0.600713
0.600313
0.599593
0.598558
0.596138
0.595840
0.597369
0.597293
0.599887
0.602075
0.599398
0.599393
0.598091
0.597924
0.598835
0.599428
0.600819
0.597991
0.598411
0.595589
0.598266
0.595814
0.597900
0.597675
0.598370
0.596862
0.597919
0.599321
0.598832
0.598683
0.596270
0.597023
0.595555
0.596017
0.595072
0.595631
0.594935
0.595117
0.595088
0.594937
0.596025
0.597756
0.602442
0.605655
0.609317
0.606222
0.596663
0.596845
0.602888
0.609445
0.598003
0.600833
0.604906
0.605030
0.597493
0.604498
0.605318
0.606344
0.598541
0.606941
0.606052
0.601230
0.601625
0.604161
0.600132
0.597192
0.600911
0.597398
0.597163
0.597817
0.599247
0.596236
0.596648
0.598502
0.599443
0.596663
0.596028
0.598381
0.598691
0.596288
0.595370
0.596672
0.598174
0.596735
0.594939
0.595071
0.596849
0.596588
0.595220
0.594581
0.594485
0.595082
0.595879
0.595266
0.594195
0.594210
0.594094
0.594030
0.594925
0.595276
0.594959
0.594834
0.594726
0.594190
0.593743
0.593744
0.593316
0.593120
0.593245
0.593253
0.593131
0.593312
0.593794
0.594702
0.596657
0.599606
0.603881
0.604609
0.598922
0.594186
0.594749
0.596963
0.598074
0.596602
0.593303
0.595065
0.597978
0.598723
0.595370
0.593627
0.594273
0.595903
0.597284
0.597218
0.595314
0.593401
0.594319
0.597034
0.597817
0.596210
0.593414
0.593420
0.595002
0.597569
0.598799
0.595580
0.593080
0.593320
0.594661
0.595921
0.596328
0.594232
0.592742
0.592637
0.594078
0.595330
0.595498
0.595253
0.593538
0.592242
0.592236
0.592778
0.593915
0.594688
0.595214
0.594489
0.593457
0.592369
0.591768
0.591669
0.591952
0.592427
0.593199
0.594833
0.596368
0.598060
0.597817
0.595604
0.593144
0.591977
0.591955
0.592682
0.594316
0.594614
0.594291
0.593703
0.592215
0.591775
0.592569
0.591473
0.591885
0.592921
0.592515
0.593985
0.596362
0.597785
0.599443
0.600344
0.595607
0.597055
0.595607
0.602465
0.597508
0.596875
0.594403
0.593911
0.593667
0.594875
0.596957
0.594333
0.593998
0.592234
0.593791
0.593310
0.594025
0.593632
0.591975
0.592016
0.591235
0.591688
0.591901
0.592022
0.592750
0.592474
0.593320
0.594119
0.593423
0.593854
0.593837
0.592269
0.592167
0.591900
0.591855
0.592106
0.590834
0.592782
0.591837
0.591577
0.593936
0.594090
0.596932
0.601659
0.602379
0.602941
0.597328
0.594072
0.598632
0.602581
0.600846
0.594065
0.599936
0.599351
0.602118
0.594499
0.598117
0.600793
0.600880
0.593439
0.596388
0.598834
0.600789
0.596516
0.597636
0.601950
0.595191
0.595123
0.594477
0.596305
0.592867
0.593113
0.594461
0.593187
0.592134
0.592448
0.592650
0.592275
0.591379
0.591336
0.591422
0.591172
0.591316
0.590888
0.590561
0.590592
0.590645
0.590552
0.590749
0.590915
0.590745
0.590664
0.590554
0.590495
0.590367
0.590448
0.590617
0.590763
0.591171
0.591776
0.592861
0.594023
0.594771
0.594550
0.593895
0.591351
0.589519
0.590009
0.591166
0.592485
0.592489
0.591576
0.590603
0.589422
0.589176
0.589687
0.590283
0.590699
0.591584
0.592849
0.593748
0.593106
0.591820
0.590811
0.590282
0.589372
0.590204
0.591206
0.592296
0.593592
0.592390
0.592569
0.593801
0.589709
0.593953
0.595559
0.592443
0.594317
0.592304
0.591989
0.593335
0.591947
0.592600
0.591483
0.592476
0.591072
0.592913
0.592152
0.593122
0.593052
0.592438
0.591578
0.593419
0.591440
0.590412
0.590394
0.590446
0.589221
0.590418
0.590488
0.590551
0.591033
0.592546
0.593830
0.592913
0.592829
0.591927
0.591254
0.590136
0.589460
0.588764
0.588870
0.589718
0.590407
0.591244
0.591870
0.593180
0.594847
0.593610
0.592526
0.592162
0.589945
0.589219
0.591220
0.592420
0.594118
0.593201
0.590251
0.589579
0.589022
0.589505
0.590941
0.589905
0.589359
0.589747
0.589787
0.588882
0.589592
0.588685
0.589260
0.589350
0.588605
0.590477
0.591285
0.592013
0.595064
0.597234
0.599995
0.598874
0.594469
0.596564
0.601857
0.600939
0.591887
0.597245
0.596202
0.597722
0.592318
0.594247
0.594304
0.595544
0.591212
0.592107
0.593579
0.592978
0.590472
0.590803
0.592392
0.591720
0.590217
0.589296
0.589001
0.588558
0.588251
0.588146
0.588159
0.588171
0.588133
0.588059
0.587977
0.587903
0.587851
0.587828
0.587808
0.587759
0.587681
0.587605
0.587565
0.587569
0.587581
0.587559
0.587504
0.587444
0.587413
0.587409
0.587403
0.587382
0.587351
0.587324
0.587306
0.587292
0.587279
0.587264
0.587248
0.587229
0.587211
0.587197
0.587187
0.587177
0.587163
0.587145
0.587130
0.587120
0.587113
0.587104
0.587092
0.587079
0.587067
0.587058
0.587050
0.587040
0.587029
0.587019
0.587010
0.587002
0.586993
0.586984
0.586975
0.586967
0.586959
0.586951
0.586943
0.586935
0.586927
0.586920
0.586913
0.586906
0.586898
0.586891
0.586884
0.586877
0.586870
0.586864
0.586857
0.586850
0.586844
0.586837
0.586831
0.586825
0.586818
0.586812
0.586806
0.586800
0.586793
0.586787
0.586781
0.586775
0.586769
0.586763
0.586757
0.586751
0.586745
0.586740
0.586734
0.586728
0.586722
0.586717
0.586711
0.586705
0.586700
0.586694
0.586689
0.586684
0.586678
0.586673
0.586668
0.586662
0.586657
0.586652
0.586647
0.586642
0.586637
0.586632
0.586627
0.586623
0.586618
0.586613
0.586608
0.586604
0.586599
0.586594
0.586590
0.586585
0.586581
0.586576
0.586571
0.586567
0.586562
0.586558
0.586553
0.586549
0.586545
0.586540
0.586536
0.586532
0.586527
0.586523
0.586519
0.586515
0.586511
0.586507
0.586503
0.586498
0.586494
0.586490
0.586486
0.586482
0.586478
0.586474
0.586470
0.586466
0.586462
0.586458
0.586454
0.586450
0.586447
0.586443
0.586439
0.586435
0.586431
0.586427
0.586423
0.586419
0.586415
0.586412
0.586408
0.586404
0.586400
0.586396
0.586392
0.586389
0.586385
0.586381
0.586377
0.586374
0.586370
0.586366
0.586362
0.586359
0.586355
0.586351
0.586348
0.586344
0.586340
0.586337
0.586333
0.586330
0.586326
0.586322
0.586319
0.586315
0.586312
0.586308
0.586305
0.586301
0.586297
0.586294
0.586290
0.586287
0.586283
0.586280
0.586276
0.586273
0.586269
0.586266
0.586262
0.586259
0.586255
0.586252
0.586249
0.586245
0.586242
0.586238
0.586235
0.586231
0.586228
0.586224
0.586221
0.586218
0.586214
0.586211
0.586207
0.586204
0.586201
0.586197
0.586194
0.586190
0.586187
0.586184
0.586180
0.586177
0.586173
0.586170
0.586167
0.586163
0.586160
0.586157
0.586153
0.586150
0.586147
0.586143
0.586140
0.586136
0.586133
0.586130
0.586126
0.586123
0.586120
0.586116
0.586113
0.586109
0.586106
0.586103
0.586099
0.586096
0.586093
0.586089
0.586086
0.586083
0.586079
0.586076
0.586073
0.586069
0.586066
0.586063
0.586059
0.586056
0.586053
0.586049
0.586046
0.586042
0.586039
0.586035
0.586032
0.586029
0.586025
0.586022
0.586018
0.586015
0.586012
0.586008
0.586005
0.586002
0.585998
0.585995
0.585991
0.585988
0.585985
0.585981
0.585978
0.585975
0.585971
0.585968
0.585964
0.585961
0.585958
0.585955
0.585952
0.585948
0.585945
0.585942
0.585938
0.585935
0.585932
0.585929
0.585925
0.585922
0.585919
0.585916
0.585912
0.585909
0.585906
0.585903
0.585900
0.585897
0.585893
0.585890
0.585887
0.585884
0.585881
0.585878
0.585874
0.585871
0.585868
0.585865
0.585862
0.585859
0.585855
0.585852
0.585849
0.585846
0.585843
0.585840
0.585836
0.585834
0.585831
0.585827
0.585824
0.585821
0.585818
0.585815
0.585811
0.585808
0.585805
0.585802
0.585799
0.585796
0.585792
0.585790
0.585786
0.585783
0.585780
0.585777
0.585774
0.585770
0.585767
0.585764
0.585761
0.585758
0.585755
0.585751
0.585748
0.585745
0.585742
0.585739
0.585736
0.585732
0.585729
0.585726
0.585723
0.585720
0.585716
0.585713
0.585710
0.585707
0.585704
0.585701
0.585698
0.585695
0.585692
0.585689
0.585685
0.585682
0.585679
0.585676
0.585673
0.585670
0.585667
0.585664
0.585660
0.585657
0.585654
0.585651
0.585648
0.585645
0.585642
0.585639
0.585636
0.585633
0.585630
0.585627
0.585624
0.585620
0.585617
0.585614
0.585611
0.585608
0.585605
0.585602
0.585599
0.585596
0.585593
0.585590
0.585587
0.585584
0.585581
0.585578
0.585574
0.585571
0.585568
0.585565
0.585562
0.585560
0.585556
0.585553
0.585550
0.585547
0.585544
0.585541
0.585538
0.585535
0.585532
0.585529
0.585526
0.585523
0.585520
0.585517
0.585514
0.585511
0.585508
0.585505
0.585502
0.585499
0.585496
0.585493
0.585490
0.585487
0.585484
0.585481
0.585478
0.585475
0.585472
0.585469
0.585466
0.585463
0.585460
0.585457
0.585454
0.585451
0.585448
0.585445
0.585442
0.585439
0.585437
0.585433
0.585430
0.585427
0.585424
0.585422
0.585418
0.585416
0.585413
0.585409
0.585406
0.585404
0.585400
0.585398
0.585395
0.585392
0.585389
0.585386
0.585383
0.585380
0.585377
0.585374
0.585371
0.585368
0.585365
0.585362
0.585359
0.585356
0.585353
0.585350
0.585347
0.585344
0.585341
0.585338
0.585335
0.585332
