10.714259
13.549947
36.929031
20.366056
8.503739
21.448338
6.908761
6.880058
7.000377
6.652969
6.368277
6.244229
6.180378
6.046571
5.822382
5.665608
5.525605
5.375316
5.316919
5.237729
5.091895
5.004182
4.906681
4.808817
4.725602
4.560194
4.521667
4.402699
4.341332
4.323463
4.312973
4.413269
4.176153
4.301610
4.272758
4.115468
4.217331
4.063367
4.139181
4.036044
4.058224
4.026635
4.013253
3.978498
4.019718
3.939587
3.976938
3.947579
3.942204
3.945465
3.920676
3.932832
3.913220
3.915938
3.908273
3.903702
3.904098
3.895817
3.895628
3.896722
3.888070
3.887378
3.892902
3.880832
3.883203
3.886318
3.876536
3.880285
3.879388
3.874072
3.875228
3.875837
3.872296
3.869754
3.873023
3.870197
3.866743
3.867706
3.868547
3.867408
3.864364
3.863670
3.863812
3.864824
3.864289
3.863009
3.861626
3.860556
3.860584
3.860463
3.861437
3.861851
3.863738
3.865419
3.868329
3.870399
3.869317
3.864392
3.859281
3.856133
3.857693
3.861518
3.865582
3.868353
3.867390
3.861746
3.855211
3.855002
3.860269
3.868067
3.873885
3.875280
3.863873
3.854745
3.860820
3.869979
3.869394
3.858951
3.852690
3.855704
3.862430
3.862940
3.856974
3.852053
3.853025
3.857925
3.862252
3.861086
3.856019
3.851767
3.852180
3.855930
3.860076
3.863050
3.860917
3.855159
3.850573
3.850920
3.855283
3.860349
3.866454
3.866098
3.859102
3.851014
3.851018
3.857322
3.863155
3.866253
3.861208
3.852862
3.848591
3.852401
3.857993
3.860641
3.860246
3.855100
3.849294
3.847750
3.851129
3.855047
3.857221
3.857800
3.855380
3.851227
3.847609
3.846715
3.848861
3.853290
3.859012
3.865307
3.869950
3.863213
3.850278
3.846308
3.854180
3.865031
3.867756
3.863307
3.851749
3.847500
3.854151
3.860160
3.860806
3.853412
3.846153
3.846189
3.850986
3.852853
3.850797
3.848085
3.845159
3.844294
3.844582
3.846247
3.847836
3.850145
3.853295
3.857003
3.862697
3.863850
3.859220
3.850013
3.844020
3.846622
3.853312
3.859461
3.859023
3.852989
3.845647
3.843972
3.849025
3.855049
3.860901
3.860672
3.854294
3.845597
3.843609
3.848875
3.855848
3.862760
3.862808
3.856494
3.845622
3.844711
3.852139
3.858298
3.858337
3.851251
3.844541
3.843184
3.848505
3.852865
3.853038
3.849967
3.845323
3.842681
3.842142
3.844946
3.848101
3.851005
3.853945
3.855591
3.854687
3.847797
3.842338
3.841330
3.845407
3.849931
3.853158
3.853951
3.849284
3.843006
3.840196
3.842169
3.846545
3.851639
3.857590
3.859092
3.853807
3.845320
3.840493
3.841175
3.845815
3.852025
3.855319
3.853793
3.847164
3.841104
3.839847
3.843194
3.848937
3.853669
3.856203
3.853090
3.846045
3.839983
3.839597
3.843340
3.848437
3.854233
3.856628
3.852618
3.844134
3.839233
3.840274
3.845425
3.851337
3.854638
3.853232
3.845611
3.839603
3.838716
3.842839
3.848682
3.854240
3.857326
3.852009
3.843247
3.838059
3.839914
3.845812
3.850868
3.854781
3.851683
3.843567
3.837794
3.838845
3.844644
3.850150
3.855808
3.855189
3.847373
3.839066
3.837774
3.843360
3.849213
3.854328
3.853648
3.845867
3.838176
3.838361
3.845000
3.850713
3.855616
3.854301
3.845965
3.837660
3.839771
3.847675
3.852598
3.854628
3.849499
3.841540
3.837211
3.843076
3.849983
3.851282
3.848158
3.841565
3.838196
3.837755
3.843075
3.846556
3.846674
3.844472
3.839953
3.837246
3.836083
3.839316
3.842503
3.845830
3.847884
3.846913
3.843812
3.837327
3.836190
3.836958
3.840966
3.844274
3.845986
3.846114
3.841561
3.838456
3.835335
3.835380
3.835674
3.837596
3.840153
3.842676
3.846988
3.852827
3.860945
3.861624
3.854613
3.841978
3.835291
3.840169
3.847786
3.850930
3.844166
3.836202
3.835442
3.840815
3.845789
3.845316
3.840583
3.835297
3.834422
3.837467
3.841671
3.846493
3.849340
3.848955
3.842421
3.836277
3.834034
3.836450
3.840761
3.843699
3.843820
3.840084
3.835785
3.833410
3.833867
3.836029
3.838958
3.842060
3.844134
3.845386
3.845092
3.843101
3.838941
3.835015
3.832987
3.833959
3.836392
3.839682
3.843043
3.845817
3.846807
3.844023
3.839203
3.834314
3.832694
3.834075
3.837311
3.841876
3.845846
3.848665
3.847804
3.843280
3.836283
3.832770
3.834054
3.837818
3.841373
3.842870
3.841946
3.838502
3.834653
3.832281
3.832258
3.834163
3.837238
3.840804
3.845265
3.850625
3.854717
3.854089
3.844616
3.834862
3.833182
3.839869
3.845970
3.843944
3.837521
3.832383
3.833441
3.838290
3.842052
3.842366
3.838791
3.833551
3.831452
3.833323
3.837190
3.841500
3.844395
3.843433
3.838996
3.834025
3.831356
3.832166
3.834532
3.837489
3.838774
3.838122
3.836775
3.834192
3.832407
3.831024
3.830529
3.831076
3.832197
3.834391
3.838396
3.847086
3.857933
3.865509
3.860636
3.842380
3.832522
3.840096
3.850311
3.846653
3.834877
3.833165
3.840914
3.844986
3.839000
3.832318
3.832807
3.837778
3.841548
3.840039
3.835417
3.831115
3.831159
3.834589
3.838262
3.839859
3.838012
3.833854
3.830465
3.830518
3.832838
3.835676
3.839194
3.840338
3.838497
3.834673
3.831244
3.829777
3.830518
3.832863
3.835189
3.838594
3.841376
3.843213
3.840661
3.836074
3.831032
3.829582
3.831932
3.835406
3.839649
3.841508
3.840172
3.835338
3.830789
3.829216
3.831447
3.834440
3.836530
3.837080
3.836146
3.834589
3.831532
3.829430
3.828846
3.829938
3.831560
3.833883
3.838645
3.844412
3.850079
3.851262
3.844052
3.833707
3.829467
3.833961
3.839611
3.841003
3.835642
3.829969
3.829115
3.832806
3.838125
3.841217
3.839915
3.834262
3.829781
3.828639
3.830709
3.834533
3.836841
3.838302
3.838061
3.836192
3.831857
3.828718
3.828133
3.829913
3.832864
3.835817
3.840514
3.842582
3.841064
3.835178
3.829545
3.828087
3.830874
3.835064
3.837353
3.837579
3.834373
3.829850
3.827218
3.828263
3.830798
3.834648
3.840020
3.843204
3.843546
3.838337
3.831017
3.827815
3.829855
3.834591
3.836991
3.836887
3.832647
3.828097
3.827218
3.829832
3.833166
3.836613
3.839092
3.838261
3.835895
3.830984
3.827297
3.827731
3.830579
3.834189
3.836795
3.838875
3.835486
3.830452
3.826744
3.827316
3.829572
3.832335
3.835386
3.836778
3.837914
3.834879
3.830454
3.827067
3.827123
3.828421
3.830658
3.832636
3.833227
3.833164
3.831466
3.830508
3.829322
3.827984
3.826803
3.826221
3.825731
3.826295
3.827101
3.828811
3.834125
3.841915
3.853969
3.862223
3.856295
3.836462
3.828779
3.840289
3.849863
3.841971
3.829285
3.833603
3.847087
3.848000
3.835328
3.828153
3.836823
3.845365
3.838960
3.829880
3.829257
3.837101
3.842299
3.836298
3.828115
3.828173
3.835315
3.839347
3.833604
3.827011
3.828677
3.835465
3.838763
3.833341
3.826921
3.827898
3.833221
3.836519
3.832393
3.826912
3.826441
3.830715
3.833683
3.831698
3.828070
3.825480
3.826689
3.829396
3.831116
3.831409
3.829097
3.827226
3.825587
3.825148
3.826493
3.827505
3.828602
3.829457
3.831024
3.830376
3.828671
3.826869
3.825271
3.824890
3.825120
3.825635
3.827012
3.830413
3.833512
3.838702
3.843084
3.843490
3.834460
3.826765
3.826528
3.831647
3.835912
3.834139
3.828573
3.824836
3.825820
3.829149
3.830012
3.829331
3.827235
3.825660
3.824594
3.824721
3.825800
3.827317
3.828985
3.830346
3.832624
3.831578
3.828972
3.825570
3.824035
3.824683
3.826505
3.829074
3.831640
3.836117
3.837752
3.837141
3.831788
3.826245
3.824739
3.827707
3.831494
3.833559
3.833084
3.828037
3.824937
3.824821
3.828498
3.830439
3.830526
3.830993
3.827642
3.824720
3.824138
3.824933
3.827790
3.830697
3.832331
3.830689
3.829404
3.826194
3.824683
3.824222
3.824752
3.826115
3.827051
3.828299
3.830325
3.831745
3.831632
3.831029
3.828417
3.825237
3.823804
3.824161
3.825860
3.828294
3.832478
3.834433
3.836098
3.835002
3.830466
3.825401
3.823826
3.825526
3.828893
3.832401
3.833880
3.834047
3.830204
3.825811
3.823460
3.824570
3.827299
3.830033
3.833351
3.833277
3.831781
3.827785
3.824181
3.823292
3.824766
3.827514
3.829246
3.831533
3.830945
3.829148
3.826180
3.823901
3.823009
3.823827
3.826172
3.828126
3.830897
3.832680
3.834127
3.833120
3.829818
3.825087
3.822967
3.823734
3.826196
3.829147
3.831321
3.833280
3.832296
3.829764
3.825673
3.823336
3.823280
3.825203
3.828055
3.830800
3.833744
3.834207
3.831966
3.827693
3.824274
3.822964
3.824114
3.827113
3.829405
3.831416
3.830997
3.829178
3.824872
3.823135
3.822474
3.822954
3.824727
3.827189
3.829165
3.831526
3.831970
3.830606
3.829265
3.826474
3.823190
3.821674
3.822813
3.824358
3.826470
3.828728
3.829681
3.831216
3.830158
3.828265
3.825279
3.822447
3.821836
3.822639
3.824597
3.827588
3.832543
3.837335
3.844332
3.846330
3.836069
3.824552
3.823571
3.829200
3.838767
3.845509
3.837985
3.827718
3.823838
3.827051
3.833027
3.833937
3.826710
3.823010
3.824305
3.828475
3.832393
3.832616
3.827167
3.824573
3.823852
3.827585
3.828331
3.827028
3.825675
3.823349
3.821083
3.823493
3.824616
3.826749
3.827601
3.826649
3.824204
3.823315
3.821213
3.821534
3.824073
3.824454
3.826431
3.827170
3.827086
3.825149
3.824066
3.821640
3.820992
3.820827
3.821470
3.823019
3.824488
3.826398
3.827681
3.829358
3.828406
3.827360
3.824636
3.821857
3.820403
3.820537
3.822065
3.824085
3.826436
3.828708
3.832083
3.832172
3.832260
3.829810
3.824966
3.821430
3.821124
3.822969
3.825857
3.830743
3.832985
3.833333
3.829753
3.823644
3.821201
3.822235
3.825300
3.829345
3.836589
3.836683
3.840727
3.836943
3.827563
3.823453
3.826468
3.831107
3.830464
3.825708
3.821851
3.821815
3.824376
3.824962
3.827493
3.826941
3.824974
3.822140
3.820390
3.821562
3.822800
3.824379
3.825820
3.823704
3.820408
3.820314
3.822293
3.823382
3.821879
3.820086
3.820106
3.821169
3.821677
3.820760
3.819995
3.819928
3.820715
3.820973
3.820483
3.819906
3.819854
3.820250
3.820338
3.819978
3.819696
3.819800
3.819951
3.820020
3.819728
3.819652
3.819643
3.819779
3.819765
3.819622
3.819575
3.819715
3.819504
3.819739
3.819640
3.819497
3.819512
3.819491
3.819508
3.819515
3.819519
3.819615
3.819402
3.819605
3.819512
3.819477
3.819474
3.819469
3.819433
3.819475
3.819543
3.819580
3.819555
3.819500
3.819461
3.819410
3.819444
3.819432
3.819476
3.819430
3.819458
3.819459
3.819425
3.819397
3.819377
3.819371
3.819377
3.819376
3.819418
3.819424
3.819400
3.819386
3.819371
3.819359
3.819362
3.819378
3.819380
3.819371
3.819364
3.819362
3.819348
3.819329
3.819313
3.819315
3.819324
3.819315
3.819311
3.819315
3.819316
3.819317
3.819314
3.819319
3.819332
3.819313
3.819286
3.819279
3.819276
3.819271
3.819271
3.819279
3.819280
3.819274
3.819259
3.819254
3.819252
3.819251
3.819250
3.819258
3.819256
3.819252
3.819249
3.819237
3.819242
3.819225
3.819232
3.819211
3.819212
3.819219
3.819220
3.819206
3.819200
3.819194
3.819206
3.819186
3.819183
3.819199
3.819199
3.819194
3.819192
3.819180
3.819176
3.819173
3.819174
3.819168
3.819158
3.819160
3.819167
3.819171
3.819157
3.819151
3.819161
3.819149
3.819142
3.819138
3.819148
3.819150
3.819144
3.819125
3.819124
3.819123
3.819133
3.819137
3.819136
3.819136
3.819125
3.819112
3.819105
3.819105
3.819104
3.819104
3.819103
3.819106
3.819109
3.819105
3.819104
3.819111
3.819108
3.819093
3.819092
3.819093
3.819094
3.819098
3.819098
3.819089
3.819090
3.819087
3.819075
3.819078
3.819081
3.819076
3.819077
3.819066
3.819060
3.819055
3.819058
3.819042
3.819037
3.819057
3.819052
3.819050
3.819043
3.819037
3.819023
3.819021
3.819036
3.819030
3.819026
3.819024
3.819023
3.819022
3.819023
3.819033
3.819032
3.819037
3.819035
3.819031
3.819030
3.819023
3.819014
3.819023
3.819030
3.819011
3.819019
3.819012
3.819012
3.819016
3.819009
3.818993
3.818990
3.819005
3.818994
3.819001
3.818985
3.818987
3.818973
3.818974
3.818983
3.819000
3.818979
3.818972
3.818963
3.818961
3.818970
3.818961
3.818955
3.818951
3.818945
3.818940
3.818940
3.818949
3.818943
3.818947
3.818940
3.818890
3.818893
3.818897
3.818892
3.818891
3.818920
3.818908
3.818902
3.818911
3.818899
3.818876
3.818876
3.818883
3.818876
3.818884
3.818887
3.818843
3.818882
3.818860
3.818846
3.818859
3.818863
3.818857
3.818840
3.818836
3.818837
3.818846
3.818814
3.818806
3.818818
3.818807
3.818805
3.818812
3.818827
3.818819
3.818816
3.818802
3.818801
3.818807
3.818805
3.818790
3.818775
3.818786
3.818788
3.818780
3.818771
3.818784
3.818791
3.818784
3.818776
3.818764
3.818776
3.818770
3.818773
3.818765
3.818755
3.818749
3.818735
3.818707
3.818722
3.818748
3.818750
3.818748
3.818742
3.818737
3.818753
3.818736
3.818699
3.818689
3.818722
3.818682
3.818679
3.818662
3.818692
3.818691
3.818725
3.818732
3.818729
3.818719
3.818716
3.818716
3.818710
3.818703
3.818718
3.818708
3.818706
3.818703
3.818691
3.818704
3.818695
3.818696
3.818690
3.818700
3.818684
3.818684
3.818685
3.818681
3.818684
3.818676
3.818626
3.818638
3.818638
3.818622
3.818618
3.818625
3.818634
3.818623
3.818617
3.818637
3.818614
3.818618
3.818610
3.818641
3.818629
3.818637
3.818604
3.818572
3.818617
3.818597
3.818563
3.818578
3.818598
3.818611
3.818581
3.818581
3.818568
3.818609
3.818607
3.818558
3.818602
3.818598
3.818591
3.818551
3.818546
3.818546
3.818546
3.818541
3.818544
3.818539
3.818543
3.818546
3.818545
3.818554
3.818546
3.818545
3.818536
3.818529
3.818526
3.818534
3.818526
3.818515
3.818511
3.818513
3.818519
3.818513
3.818501
3.818507
3.818516
3.818510
3.818497
3.818500
3.818498
3.818512
3.818503
3.818490
3.818483
3.818480
3.818486
3.818482
3.818481
3.818478
3.818472
3.818472
3.818483
3.818461
3.818471
3.818475
3.818468
3.818455
3.818466
3.818459
3.818472
3.818450
3.818440
3.818438
3.818450
3.818453
3.818443
3.818439
3.818446
3.818452
3.818431
3.818426
3.818423
3.818446
3.818446
3.818423
3.818421
3.818431
3.818448
3.818452
3.818444
3.818438
3.818428
3.818423
3.818415
3.818411
3.818421
3.818396
3.818393
3.818408
3.818402
3.818407
3.818402
3.818391
3.818382
3.818372
3.818384
3.818366
3.818372
3.818383
3.818369
3.818373
3.818374
3.818379
3.818356
3.818343
3.818363
3.818361
3.818345
3.818331
3.818335
3.818344
3.818302
3.818314
3.818326
3.818304
3.818325
3.818315
3.818290
3.818288
3.818309
3.818310
3.818311
3.818269
3.818280
3.818270
3.818283
3.818281
3.818278
3.818291
3.818252
3.818243
3.818272
3.818259
3.818250
3.818244
3.818256
3.818235
3.818268
3.818253
3.818253
3.818226
3.818238
3.818260
3.818237
3.818229
3.818210
3.818246
3.818225
3.818222
3.818205
3.818213
3.818184
3.818214
3.818211
3.818192
3.818230
3.818191
3.818197
3.818231
3.818203
3.818184
3.818202
3.818204
3.818174
3.818171
3.818169
3.818163
3.818159
3.818160
3.818171
3.818177
3.818193
3.818177
3.818149
3.818161
3.818156
3.818159
3.818159
3.818187
3.818166
3.818141
3.818121
3.818162
3.818142
3.818153
3.818163
3.818127
3.818129
3.818123
3.818152
3.818129
3.818105
3.818142
3.818150
3.818146
3.818143
3.818134
3.818142
3.818128
3.818140
3.818125
3.818112
3.818111
3.818110
3.818147
3.818116
3.818117
3.818122
3.818126
3.818138
3.818095
3.818099
3.818087
3.818086
3.818084
3.818103
3.818096
3.818112
3.818080
3.818067
3.818094
3.818088
3.818089
3.818096
3.818098
3.818098
3.818046
3.818062
3.818078
3.818088
3.818093
3.818087
3.818079
3.818079
3.818032
3.818003
3.818074
3.818067
3.818068
3.818027
3.818012
3.818040
3.818049
3.818050
3.818017
3.818006
3.818043
3.818031
3.818046
3.818062
3.818042
3.818018
3.818041
3.818018
3.817990
3.818002
3.818004
3.818014
3.818039
3.818002
3.817990
3.817999
3.818003
3.818007
3.818024
3.817985
3.817967
3.817988
3.818001
3.818002
3.817998
3.818021
3.817977
3.817969
3.817960
3.817973
3.817976
3.817966
3.817984
3.817973
3.817957
3.817945
3.817971
3.817987
3.817961
3.817972
3.817986
3.817980
3.817982
3.817946
3.817957
3.817969
3.817969
3.817948
3.817957
3.817920
3.817929
3.817940
3.817932
3.817920
3.817957
3.817948
3.817938
3.817895
3.817899
3.817894
3.817898
3.817903
3.817897
3.817928
3.817917
3.817903
3.817895
3.817904
3.817872
3.817866
3.817875
3.817859
3.817872
3.817863
3.817865
3.817868
3.817869
3.817851
3.817856
3.817862
3.817846
3.817814
3.817821
3.817829
3.817837
3.817825
3.817842
3.817789
3.817778
3.817813
3.817802
3.817800
3.817771
3.817755
3.817777
3.817777
3.817800
3.817801
3.817780
3.817772
3.817790
3.817740
3.817768
3.817742
3.817747
3.817761
3.817740
3.817744
3.817715
3.817758
3.817737
3.817689
3.817720
3.817728
3.817727
3.817720
3.817714
3.817713
3.817692
3.817677
3.817721
3.817713
3.817716
3.817686
3.817697
3.817703
3.817718
3.817677
3.817679
3.817692
3.817686
3.817678
3.817673
3.817677
3.817643
3.817647
3.817663
3.817643
3.817637
3.817630
3.817640
3.817652
3.817635
3.817642
3.817623
3.817625
3.817622
3.817623
3.817631
3.817623
3.817602
3.817616
3.817608
3.817638
3.817607
3.817616
3.817608
3.817603
3.817589
3.817618
3.817593
3.817607
3.817607
3.817605
3.817606
3.817600
3.817625
3.817605
3.817586
3.817597
3.817585
3.817590
3.817611
3.817594
3.817575
3.817565
3.817579
3.817604
3.817592
3.817587
3.817590
3.817568
3.817569
3.817548
3.817574
3.817565
3.817561
3.817549
3.817565
3.817544
3.817545
3.817545
3.817545
3.817521
3.817517
3.817526
3.817539
3.817544
3.817553
3.817538
3.817510
3.817520
3.817527
3.817485
3.817531
3.817508
3.817497
3.817518
3.817496
3.817498
3.817503
3.817479
3.817515
3.817489
3.817466
3.817481
3.817465
3.817500
3.817471
3.817469
3.817463
3.817467
3.817480
3.817443
3.817446
3.817451
3.817418
3.817466
3.817436
3.817457
3.817461
3.817448
3.817433
3.817415
3.817442
3.817408
3.817430
3.817405
3.817419
3.817409
3.817395
3.817388
3.817391
3.817408
3.817384
3.817402
3.817377
3.817376
3.817375
3.817364
3.817359
3.817367
3.817354
3.817385
3.817384
3.817369
3.817355
3.817367
3.817344
3.817333
3.817352
3.817329
3.817342
3.817360
3.817334
3.817325
3.817332
3.817332
3.817344
3.817327
3.817341
3.817340
3.817334
3.817338
3.817332
3.817303
3.817297
3.817307
3.817284
3.817319
3.817307
3.817310
3.817300
3.817280
3.817265
3.817273
3.817299
3.817280
3.817282
3.817240
3.817276
3.817243
3.817256
3.817223
3.817244
3.817299
3.817259
3.817266
3.817234
3.817237
3.817240
3.817253
3.817200
3.817199
3.817244
3.817208
3.817223
3.817181
3.817198
3.817189
3.817228
3.817180
3.817177
3.817194
3.817169
3.817193
3.817162
3.817176
3.817168
3.817194
3.817161
3.817162
3.817177
3.817176
3.817188
3.817180
3.817179
3.817176
3.817162
3.817155
3.817120
3.817138
3.817135
3.817129
3.817144
3.817160
3.817163
3.817122
3.817119
3.817130
3.817119
3.817127
3.817126
3.817101
3.817113
3.817091
3.817086
3.817103
3.817113
3.817112
3.817083
3.817082
3.817085
3.817101
3.817092
3.817059
3.817075
3.817078
3.817055
3.817070
3.817085
3.817065
3.817087
3.817059
3.817044
3.817008
3.817029
3.817062
3.817069
3.817032
3.817046
3.817028
3.817008
3.817034
3.817016
3.817025
3.817013
3.816989
3.816985
3.816993
3.817000
3.816976
3.816982
3.816989
3.816997
3.816971
3.816995
3.817005
3.816993
3.816974
3.816970
3.816985
3.816950
3.816964
3.817000
3.816962
3.816941
3.816952
3.816954
3.816962
3.816973
3.816953
3.816972
3.816979
3.816967
3.816944
3.816931
3.816935
3.816949
3.816925
3.816942
3.816916
3.816913
3.816922
3.816916
3.816909
3.816909
3.816899
3.816886
3.816901
3.816907
3.816881
3.816879
3.816909
3.816875
3.816869
3.816853
3.816883
3.816870
3.816862
3.816866
3.816873
3.816876
3.816863
3.816870
3.816866
3.816876
3.816834
3.816856
3.816872
3.816882
3.816875
3.816861
3.816841
3.816839
3.816834
3.816826
3.816823
3.816837
3.816834
3.816825
3.816843
3.816815
3.816813
3.816812
3.816817
3.816817
3.816781
3.816778
3.816808
3.816789
3.816783
3.816782
3.816788
3.816810
3.816783
3.816801
3.816788
3.816744
3.816752
3.816767
3.816760
3.816768
3.816751
3.816784
3.816768
3.816748
3.816744
3.816738
3.816745
3.816751
3.816755
3.816753
3.816727
3.816707
3.816761
3.816731
3.816736
3.816723
3.816713
3.816709
3.816704
3.816709
3.816717
3.816720
3.816706
3.816703
3.816694
3.816692
3.816704
3.816703
3.816705
3.816692
3.816660
3.816689
3.816711
3.816689
3.816653
3.816676
3.816694
3.816676
3.816665
3.816642
3.816652
3.816648
3.816653
3.816644
3.816669
3.816660
3.816638
3.816640
3.816672
3.816648
3.816600
3.816623
3.816644
3.816617
3.816612
3.816589
3.816629
3.816594
3.816612
3.816580
3.816606
3.816601
3.816588
3.816571
3.816597
3.816597
3.816573
3.816589
3.816589
3.816588
3.816563
3.816601
3.816603
3.816585
3.816555
3.816560
3.816563
3.816544
3.816552
3.816556
3.816570
3.816528
3.816566
3.816549
3.816546
3.816518
3.816541
3.816565
3.816527
3.816520
3.816535
3.816505
3.816513
3.816501
3.816535
3.816513
3.816479
3.816523
3.816533
3.816525
3.816483
3.816489
3.816486
3.816473
3.816478
3.816501
3.816496
3.816463
3.816475
3.816502
3.816478
3.816475
3.816490
3.816446
3.816433
3.816465
3.816443
3.816441
3.816413
3.816441
3.816442
3.816419
3.816414
3.816414
3.816386
3.816390
3.816382
3.816400
3.816408
3.816419
3.816390
3.816378
3.816381
3.816377
3.816361
3.816379
3.816377
3.816346
3.816333
3.816337
3.816341
3.816350
3.816334
3.816348
3.816359
3.816348
3.816306
3.816316
3.816321
3.816330
3.816319
3.816307
3.816306
3.816294
3.816301
3.816325
3.816329
3.816285
3.816270
3.816293
3.816322
3.816297
3.816306
3.816269
3.816282
3.816272
3.816280
3.816277
3.816263
3.816263
3.816278
3.816248
3.816223
3.816244
3.816294
3.816257
3.816235
3.816243
3.816265
3.816259
3.816209
3.816214
3.816220
3.816239
3.816226
3.816192
3.816204
3.816215
3.816212
3.816200
3.816176
3.816190
3.816159
3.816179
3.816172
3.816195
3.816200
3.816170
3.816166
3.816140
3.816175
3.816159
3.816153
3.816144
3.816156
3.816158
3.816150
3.816151
3.815938
3.816120
3.816131
3.816146
3.816135
3.816104
3.816124
3.815912
3.815897
3.816098
3.816091
3.816105
3.816105
3.816072
3.816061
3.815905
3.815866
3.816076
3.816083
3.816088
3.816073
3.816040
3.816033
3.815866
3.815816
3.816047
3.816057
3.816051
3.816036
3.816008
3.816042
3.815833
3.816029
3.816013
3.816017
3.816038
3.816009
3.816004
3.816014
3.816036
3.816026
3.815999
3.816018
3.816017
3.815978
3.815970
3.816022
3.816001
3.815989
3.815962
3.816002
3.815984
3.815948
3.815940
3.815946
3.815960
3.815948
3.815967
3.815933
3.815941
3.815937
3.815950
3.815935
3.815927
3.815916
3.815949
3.815928
3.815891
3.815917
3.815951
3.815900
3.815878
3.815902
3.815920
3.815890
3.815888
3.815880
3.815885
3.815876
3.815696
3.815696
3.815860
3.815852
3.815876
3.815875
3.815815
3.815853
3.815859
3.815855
3.815837
3.815838
3.815843
3.815844
3.815832
3.815836
3.815831
3.815830
3.815829
3.815792
3.815826
3.815822
3.815804
3.815808
3.815804
3.815797
3.815790
3.815788
3.815798
3.815794
3.815773
3.815787
3.815784
3.815760
3.815770
3.815778
3.815740
3.815749
3.815766
3.815733
3.815731
3.815737
3.815721
3.815715
3.815722
3.815742
3.815704
3.815702
3.815499
3.815721
3.815687
3.815698
3.815692
3.815691
3.815680
3.815696
3.815683
3.815675
3.815679
3.815657
3.815683
3.815675
3.815649
3.815643
3.815656
3.815646
3.815639
3.815630
3.815640
3.815646
3.815623
3.815625
3.815656
3.815638
3.815595
3.815567
3.815619
3.815619
3.815590
3.815617
3.815416
3.815604
3.815608
3.815614
3.815589
3.815583
3.815584
3.815583
3.815577
3.815580
3.815569
3.815560
3.815578
3.815574
3.815559
3.815551
3.815545
3.815541
3.815523
3.815549
3.815545
3.815531
3.815522
3.815514
3.815518
3.815531
3.815516
3.815507
3.815482
3.815470
3.815478
3.815490
3.815486
3.815515
3.815475
3.815465
3.815526
3.815462
3.815471
3.815450
3.815446
3.815257
3.815235
3.815242
3.815469
3.815442
3.815424
3.815428
3.815423
3.815451
3.815423
3.815238
3.815422
3.815401
3.815435
3.815437
3.815377
3.815403
3.815414
3.815370
3.815377
3.815379
3.815360
3.815406
3.815367
3.815366
3.815377
3.815410
3.815378
3.815366
3.815344
3.815366
3.815400
3.815355
3.815310
3.815401
3.815375
3.815310
3.815337
3.815381
3.815338
3.815287
3.815339
3.815141
3.815071
3.815084
3.815119
3.815098
3.815293
3.815291
3.815127
3.815097
3.815095
3.815094
3.815066
3.815266
3.815279
3.815290
3.815305
3.815254
3.815237
3.815050
3.815249
3.815231
3.815255
3.815054
3.815230
3.815222
3.815244
3.815191
3.815174
3.815221
3.815018
3.815179
3.814980
3.815016
3.814976
3.814977
3.814953
3.815152
3.815207
3.815170
3.815155
3.815174
3.815184
3.815141
3.814950
3.814948
3.815125
3.814957
3.814959
3.815111
3.815126
3.815202
3.815152
3.815108
3.814907
3.814981
3.814891
3.814893
3.814955
3.814871
3.815062
3.814935
3.814905
3.815063
3.814893
3.814910
3.814859
3.814895
3.814877
3.814848
3.814904
3.814874
3.814827
3.814851
3.814857
3.815053
3.814882
3.814867
3.814830
3.814871
3.814896
3.815052
3.815045
3.814873
3.814845
3.814790
3.814834
3.814865
3.815014
3.815026
3.814866
3.814815
3.814778
3.814847
3.815044
3.815037
3.815012
3.814825
3.815015
3.814758
3.814807
3.814791
3.814766
3.814818
3.814809
3.814978
3.814995
3.814795
3.814730
3.814737
3.814770
3.814763
3.814935
3.814763
3.814785
3.814734
3.814757
3.814751
3.814725
3.814749
3.814751
3.814741
3.814700
3.814724
3.814757
3.814738
3.814705
3.814765
3.814686
3.814675
3.814723
3.814692
3.814681
3.814691
3.814898
3.814870
3.814678
3.814669
3.814690
3.814673
3.814656
3.814900
3.814682
3.814674
3.814611
3.814675
3.814682
3.814595
3.814811
3.814628
3.814600
3.814610
3.814656
3.814638
3.814589
3.814637
3.814645
3.814615
3.814592
3.814632
3.814574
3.814780
3.814617
3.814605
3.814567
3.814594
3.814611
3.814561
3.814560
3.814636
3.814540
3.814771
3.814573
3.814578
3.814544
3.814574
3.814599
3.814539
3.814577
3.814605
3.814528
3.814501
3.814539
3.814533
3.814491
3.814523
3.814555
3.814485
3.814498
3.814510
3.814514
3.814510
3.814514
3.814499
3.814495
3.814519
3.814478
3.814498
3.814494
3.814451
3.814440
3.814440
3.814525
3.814448
3.814495
3.814486
3.814416
3.814480
3.814441
3.814444
3.814497
3.814467
3.814432
3.814482
3.814441
3.814362
3.814445
3.814490
3.814389
3.814454
3.814503
3.814421
3.814462
3.814457
3.814387
3.814416
3.814429
3.814349
3.814409
3.814448
3.814394
3.814371
3.814454
3.814334
3.814385
3.814395
3.814330
3.814356
3.814348
3.814344
3.814374
3.814365
3.814302
3.814360
3.814338
3.814332
3.814389
3.814361
3.814506
3.814294
3.814293
3.814280
3.814377
3.814317
3.814256
3.814353
3.814302
3.814315
3.814292
3.814286
3.814250
3.814306
3.814308
3.814219
3.814228
3.814269
3.814251
3.814244
3.814299
3.814276
3.814207
3.814264
3.814273
3.814234
3.814273
3.814255
3.814252
3.814252
3.814241
3.814223
3.814198
3.814185
3.814196
3.814204
3.814201
3.814206
3.814201
3.814224
3.814158
3.814202
3.814214
3.814158
3.814209
3.814152
3.814172
3.814168
3.814144
3.814144
3.814118
3.814165
