0.660137 0.735453 0.704222 0.621156 0.656630 0.630683
0.022812 0.024575 0.026116 0.019716 0.021437 0.021472
0.621294 0.671818 0.645935 0.629359 0.616870 0.604813
0.658137 0.734729 0.701741 0.617305 0.654607 0.628286
0.658137 0.734729 0.701741 0.617305 0.654607 0.628286
0.658137 0.734729 0.701741 0.617305 0.654607 0.628286
0.664242 0.737219 0.706609 0.622841 0.661398 0.633964
0.676450 0.741138 0.716602 0.639992 0.673561 0.645376
0.677854 0.741567 0.717815 0.645662 0.675591 0.647234
0.682518 0.744154 0.721703 0.654309 0.680166 0.650508
0.696416 0.752458 0.731182 0.676757 0.691202 0.664797
0.720298 0.770219 0.745317 0.715142 0.707426 0.688801
0.704996 0.759355 0.737773 0.692849 0.697567 0.674394
0.712356 0.765798 0.742579 0.705410 0.702722 0.682113
0.732504 0.781896 0.753875 0.734725 0.714415 0.701546
0.730496 0.780889 0.753713 0.733911 0.713233 0.700272
0.724955 0.777938 0.750962 0.728234 0.710326 0.695737
0.727032 0.779471 0.752169 0.733169 0.711317 0.698715
0.737092 0.784487 0.756275 0.747521 0.714960 0.708859
0.753267 0.786733 0.759334 0.762767 0.718913 0.723401
0.739430 0.786573 0.758134 0.747229 0.718140 0.711195
0.734490 0.784405 0.756671 0.739401 0.716684 0.705955
0.739062 0.787209 0.759070 0.743485 0.719294 0.710096
0.748284 0.790533 0.762039 0.753122 0.722541 0.718959
0.757701 0.791388 0.763509 0.760071 0.725199 0.726965
0.759798 0.789934 0.762732 0.761340 0.724786 0.728613
0.757636 0.792627 0.765039 0.760905 0.725946 0.727551
0.756140 0.793206 0.766037 0.760386 0.725910 0.727040
0.760257 0.792598 0.766905 0.763910 0.727156 0.731132
0.764351 0.786374 0.762606 0.765504 0.724183 0.733606
0.763927 0.781540 0.759689 0.764061 0.722880 0.734184
0.766520 0.790143 0.767712 0.766143 0.729983 0.739765
0.768784 0.792523 0.771614 0.766660 0.733199 0.743941
0.767817 0.783007 0.767120 0.763003 0.729124 0.744196
0.771377 0.784500 0.771129 0.764418 0.732297 0.749153
0.779282 0.803368 0.787896 0.770945 0.744837 0.757884
0.788894 0.805984 0.795129 0.772430 0.750974 0.763495
0.786452 0.780428 0.783165 0.751462 0.747460 0.757809
0.784759 0.824652 0.803564 0.765301 0.761260 0.761511
0.794411 0.822007 0.809347 0.769625 0.768813 0.765765
0.805557 0.825094 0.813785 0.779946 0.772325 0.780053
0.803609 0.819921 0.806542 0.776853 0.764975 0.778122
0.802095 0.808847 0.801361 0.771261 0.760230 0.774151
0.805971 0.805640 0.802986 0.771522 0.764037 0.775773
0.814306 0.828287 0.818764 0.781581 0.772226 0.785967
0.818657 0.834313 0.825947 0.785094 0.779699 0.790578
0.820299 0.830461 0.824551 0.781778 0.779958 0.789522
0.801000 0.827229 0.811295 0.764446 0.757009 0.775652
0.816643 0.811096 0.812519 0.772373 0.771129 0.782938
0.820950 0.829239 0.822738 0.782207 0.772142 0.789979
0.822212 0.829379 0.824425 0.782720 0.775422 0.789597
0.820391 0.817995 0.816318 0.776876 0.776257 0.783801
0.824376 0.833038 0.827561 0.785899 0.778005 0.794069
0.824475 0.838678 0.830547 0.786768 0.778430 0.796075
0.828027 0.840807 0.835406 0.789949 0.784054 0.798804
0.828253 0.838293 0.834095 0.788810 0.785812 0.794793
0.829771 0.841837 0.836710 0.789794 0.784161 0.795533
0.833019 0.836083 0.835238 0.787062 0.782395 0.797643
0.832084 0.822838 0.828065 0.778498 0.777403 0.793145
0.832544 0.847124 0.840647 0.792213 0.779084 0.801145
0.838424 0.833243 0.832758 0.783788 0.786184 0.794090
0.817443 0.845339 0.833249 0.782929 0.768388 0.788216
0.800914 0.756235 0.770622 0.717521 0.753290 0.732150
0.810194 0.842159 0.826368 0.776752 0.765030 0.780958
0.811677 0.844007 0.826558 0.778869 0.769109 0.783265
0.834434 0.840408 0.836888 0.790980 0.788433 0.802482
0.828067 0.824364 0.826715 0.779489 0.787264 0.791796
0.830252 0.837418 0.834249 0.788031 0.788865 0.796024
0.817205 0.842275 0.831808 0.785844 0.778805 0.788364
0.813301 0.843427 0.830781 0.783374 0.774600 0.785622
0.828930 0.844887 0.837559 0.789431 0.782420 0.795706
0.830677 0.831117 0.830854 0.784742 0.779845 0.794915
0.828325 0.821505 0.824401 0.779445 0.776375 0.793704
0.834200 0.831649 0.831837 0.786158 0.781013 0.800225
0.836651 0.846863 0.841111 0.794191 0.782345 0.803139
0.829201 0.850420 0.840336 0.792573 0.776720 0.798315
0.837385 0.850274 0.844012 0.795872 0.782777 0.803586
0.843782 0.842229 0.841755 0.792255 0.786721 0.805525
0.843184 0.837525 0.840369 0.789615 0.783381 0.803571
0.840601 0.844662 0.844085 0.793479 0.779632 0.803677
0.845979 0.851166 0.849573 0.798214 0.784559 0.812457
0.847360 0.857772 0.852185 0.800673 0.788389 0.808498
0.837655 0.858111 0.852107 0.800059 0.774202 0.812227
0.854283 0.855982 0.855131 0.798052 0.788740 0.818824
0.850785 0.855537 0.856647 0.796346 0.785263 0.819541
0.856910 0.862833 0.862441 0.800522 0.791191 0.820968
0.855083 0.864747 0.862655 0.802673 0.787958 0.818818
0.850788 0.865095 0.862171 0.799983 0.790146 0.816264
0.844007 0.863395 0.861202 0.798198 0.777936 0.821798
0.785610 0.794725 0.774452 0.703477 0.773278 0.691251
0.774933 0.829547 0.820693 0.762940 0.727148 0.782367
0.835994 0.816167 0.829474 0.771355 0.772973 0.794419
0.815595 0.834110 0.824709 0.781689 0.766088 0.785795
0.792884 0.832886 0.818904 0.769943 0.757882 0.765565
0.791891 0.833984 0.818333 0.769536 0.758982 0.763505
0.802497 0.840014 0.822955 0.777646 0.767273 0.771862
0.809658 0.841748 0.825067 0.781634 0.772946 0.777582
0.817445 0.843458 0.828316 0.785682 0.778147 0.784973
0.821785 0.845692 0.831712 0.787731 0.779452 0.790571
0.820229 0.846207 0.832760 0.787340 0.776249 0.790971
0.820430 0.846600 0.833404 0.787851 0.774357 0.791202
0.833860 0.847539 0.839203 0.791496 0.779820 0.800971
0.831115 0.828221 0.831150 0.778484 0.775278 0.796702
0.836534 0.835877 0.836232 0.786347 0.780542 0.801323
0.840647 0.845073 0.841526 0.793077 0.785168 0.805310
0.841399 0.844609 0.841514 0.792814 0.786234 0.805895
0.841301 0.836328 0.837679 0.788346 0.784912 0.803792
0.838927 0.828036 0.833778 0.781111 0.780372 0.799546
0.842046 0.836741 0.838825 0.788544 0.782401 0.802648
0.844353 0.843858 0.843371 0.793478 0.784262 0.805712
0.846902 0.843870 0.844582 0.793871 0.785171 0.807308
0.848218 0.843822 0.844820 0.793636 0.785154 0.807905
0.846880 0.847395 0.846159 0.795846 0.783790 0.807898
0.846070 0.848078 0.846516 0.795793 0.782506 0.807512
0.851401 0.841694 0.845242 0.792255 0.785437 0.808003
0.850809 0.845648 0.847068 0.795269 0.785864 0.809895
0.846257 0.850090 0.848077 0.797172 0.782714 0.809321
0.853150 0.836417 0.844492 0.789057 0.784850 0.807188
0.851340 0.849382 0.849791 0.797503 0.783571 0.811699
0.854036 0.849468 0.850515 0.797872 0.784988 0.813399
0.856522 0.848568 0.850535 0.797620 0.786133 0.814421
0.850223 0.854352 0.852545 0.800023 0.782601 0.815132
0.857028 0.839634 0.847507 0.789755 0.786212 0.812231
0.852942 0.856511 0.856343 0.800808 0.784719 0.819513
0.859138 0.855063 0.858257 0.799679 0.789236 0.822088
0.858263 0.856221 0.860391 0.799692 0.787991 0.822958
0.857153 0.857842 0.861742 0.800054 0.786933 0.822913
0.863348 0.853609 0.859053 0.797765 0.792236 0.814838
0.826487 0.858388 0.853275 0.793764 0.767552 0.810463
0.760998 0.712624 0.731491 0.651361 0.722082 0.694329
0.827173 0.819010 0.830832 0.768272 0.765867 0.799368
0.798546 0.846954 0.833805 0.772777 0.748383 0.790502
0.823406 0.859144 0.844832 0.793003 0.781021 0.789242
0.821820 0.850543 0.831590 0.783807 0.788172 0.769507
0.830603 0.847636 0.841818 0.784964 0.788345 0.795918
0.831856 0.849554 0.844385 0.794152 0.781065 0.801096
0.821254 0.850823 0.839505 0.789537 0.769556 0.796646
0.825728 0.854206 0.843806 0.792926 0.773913 0.803325
0.837865 0.857290 0.849238 0.798491 0.786196 0.809444
0.840337 0.856572 0.846206 0.796557 0.790285 0.801205
0.838509 0.858354 0.848048 0.796543 0.787589 0.804823
0.845007 0.858504 0.852565 0.798315 0.788203 0.813291
0.854603 0.853615 0.853638 0.797341 0.792739 0.817292
0.856447 0.845529 0.851672 0.792467 0.793897 0.816740
0.857726 0.848892 0.854627 0.795597 0.793602 0.819674
0.853576 0.858996 0.858442 0.801658 0.787387 0.820545
0.850284 0.861546 0.859715 0.800500 0.784177 0.819421
0.857519 0.857449 0.859455 0.797008 0.792040 0.819749
0.859172 0.857193 0.858797 0.796398 0.793461 0.819551
0.856152 0.863553 0.861559 0.801841 0.789178 0.823289
0.860926 0.862830 0.862261 0.802439 0.792189 0.826833
0.863246 0.859190 0.861939 0.801077 0.793259 0.827996
0.859611 0.859350 0.862447 0.801018 0.788495 0.827473
0.861818 0.859070 0.863462 0.799194 0.793400 0.825490
0.861590 0.866119 0.863990 0.804948 0.796443 0.815884
0.848623 0.867995 0.865021 0.802808 0.783731 0.824913
0.859320 0.860334 0.858406 0.798928 0.800858 0.801693
0.857885 0.860597 0.864892 0.800204 0.788861 0.828298
0.864675 0.859122 0.866944 0.799270 0.795129 0.829290
0.868392 0.861061 0.866356 0.801623 0.802233 0.819842
0.851416 0.868152 0.867039 0.802545 0.787543 0.826094
0.864892 0.868751 0.865237 0.804696 0.804684 0.807966
0.858215 0.870017 0.870474 0.803229 0.789106 0.834846
0.867093 0.871430 0.872040 0.809557 0.799306 0.828659
0.865909 0.872349 0.871636 0.809917 0.796922 0.830571
0.865869 0.873504 0.872784 0.807542 0.796320 0.836238
0.869091 0.871487 0.867962 0.806577 0.805717 0.818441
0.845886 0.865470 0.863869 0.802066 0.779626 0.829999
0.822692 0.841561 0.827565 0.778319 0.794754 0.756195
0.863151 0.857883 0.866140 0.798659 0.791727 0.836031
0.812978 0.851567 0.842812 0.784160 0.750346 0.807371
0.833625 0.835119 0.832766 0.774707 0.795354 0.778241
0.808882 0.823919 0.805273 0.759886 0.783790 0.743756
0.833684 0.844796 0.836995 0.786955 0.791003 0.793250
0.838639 0.848735 0.848674 0.791101 0.781265 0.813501
0.831595 0.850313 0.843364 0.788455 0.771965 0.805325
0.848730 0.855373 0.850925 0.800521 0.789990 0.815654
0.851923 0.851532 0.849539 0.796448 0.800931 0.816982
0.844112 0.843656 0.841659 0.788307 0.801728 0.805078
0.844937 0.845531 0.841882 0.789470 0.801729 0.804027
0.846029 0.856123 0.847593 0.794525 0.797982 0.811537
0.838497 0.857545 0.846827 0.795518 0.786608 0.811292
0.846724 0.857438 0.850086 0.797052 0.787226 0.812935
0.849760 0.849644 0.850878 0.795328 0.787403 0.814230
0.851347 0.847069 0.850505 0.794071 0.788075 0.815211
0.853793 0.850158 0.853281 0.795844 0.790433 0.817789
0.855438 0.857048 0.856781 0.799845 0.792711 0.821068
0.854125 0.862512 0.859540 0.801836 0.792106 0.822004
0.852568 0.864531 0.860210 0.801389 0.790345 0.821026
0.857291 0.865386 0.862438 0.801683 0.793328 0.822909
0.863518 0.862956 0.863098 0.798629 0.797611 0.823026
0.865377 0.859394 0.862372 0.795162 0.797956 0.820268
0.865117 0.860253 0.864172 0.796582 0.793610 0.822141
0.860512 0.863356 0.864833 0.799838 0.786242 0.823113
0.860805 0.864632 0.866493 0.800769 0.785546 0.823614
0.864639 0.864870 0.866614 0.800844 0.790158 0.821964
0.863655 0.867667 0.867313 0.803311 0.790871 0.822678
0.859108 0.869858 0.868145 0.804222 0.788443 0.826218
0.865925 0.868673 0.869199 0.804464 0.796276 0.827121
0.868671 0.867645 0.868755 0.804993 0.800089 0.824477
0.863978 0.869761 0.869695 0.807357 0.793003 0.829513
0.863317 0.869791 0.870386 0.807464 0.791158 0.830033
0.869997 0.867753 0.870374 0.805916 0.797809 0.825594
0.869434 0.869874 0.872434 0.805438 0.795321 0.831616
0.869840 0.872332 0.873587 0.806716 0.795546 0.834777
0.874143 0.874555 0.873522 0.808876 0.801309 0.830285
0.867561 0.875835 0.874376 0.807773 0.793318 0.841122
0.873135 0.875431 0.873807 0.809769 0.804001 0.826792
0.854691 0.870851 0.869497 0.803515 0.782055 0.840670
0.853030 0.861135 0.852648 0.800318 0.805497 0.788262
0.850806 0.861099 0.863641 0.798692 0.777602 0.835075
0.868988 0.853129 0.864073 0.794357 0.797473 0.833156
0.864275 0.851064 0.862501 0.792990 0.802045 0.827480
0.864735 0.858706 0.866833 0.795471 0.797769 0.828902
0.866196 0.865836 0.864701 0.804346 0.798901 0.817846
0.865917 0.867886 0.862900 0.809031 0.800496 0.813359
0.868851 0.869050 0.868994 0.807953 0.800013 0.830996
0.870044 0.869110 0.871344 0.803993 0.799774 0.841317
0.873412 0.871943 0.872606 0.806240 0.805781 0.838726
0.874545 0.875759 0.874274 0.808525 0.804149 0.840033
0.860430 0.876810 0.872655 0.807998 0.790898 0.838504
0.871712 0.878481 0.867834 0.811756 0.807785 0.811107
0.867924 0.883120 0.877487 0.810258 0.797213 0.836858
0.871261 0.883768 0.878682 0.814272 0.799614 0.833745
0.873261 0.882345 0.876895 0.816044 0.801187 0.829411
0.870059 0.881042 0.879482 0.809853 0.795319 0.841262
0.875462 0.877602 0.876904 0.809324 0.806172 0.824794
0.873968 0.881151 0.880071 0.809595 0.800282 0.837295
0.874917 0.882159 0.876148 0.813572 0.803650 0.824831
0.876088 0.883573 0.879379 0.814168 0.804775 0.827696
0.870652 0.884635 0.881416 0.810760 0.797051 0.841367
0.866329 0.873351 0.863582 0.808429 0.807404 0.797953
0.822507 0.855287 0.852624 0.791445 0.764289 0.816426
0.778426 0.811336 0.793172 0.738704 0.769798 0.722178
0.842851 0.840630 0.847878 0.780548 0.796830 0.803445
0.837211 0.848527 0.846570 0.785676 0.762546 0.814613
0.846451 0.856552 0.855508 0.800448 0.776902 0.822861
0.857676 0.845323 0.844138 0.791882 0.799092 0.802841
0.846543 0.839488 0.834517 0.782966 0.797946 0.787734
0.846323 0.847486 0.837195 0.789534 0.798396 0.788632
0.842397 0.856369 0.842116 0.797244 0.793833 0.796368
0.840059 0.857551 0.845988 0.799245 0.789420 0.804181
0.850194 0.854230 0.849902 0.801178 0.792037 0.811415
0.854254 0.845647 0.849033 0.798252 0.791307 0.812440
0.853540 0.838541 0.847370 0.794437 0.790029 0.809682
0.854672 0.838657 0.847873 0.794972 0.789326 0.809931
0.856512 0.845667 0.850589 0.798420 0.788847 0.812590
0.850926 0.850988 0.850717 0.799983 0.785223 0.810980
0.850400 0.850769 0.849727 0.799042 0.784831 0.811133
0.859612 0.848729 0.851869 0.797403 0.789787 0.815098
0.862754 0.846777 0.851825 0.795914 0.791069 0.817675
0.861110 0.849555 0.851596 0.795542 0.788927 0.817506
0.859959 0.851613 0.851851 0.795430 0.786268 0.816944
0.861777 0.850782 0.852932 0.794427 0.785260 0.818571
0.863183 0.849966 0.853864 0.795576 0.783688 0.818515
0.859759 0.851043 0.853768 0.796668 0.779610 0.815756
0.858932 0.849114 0.852613 0.796544 0.778803 0.814211
0.864346 0.843541 0.852440 0.794289 0.783273 0.815455
0.866390 0.843744 0.853093 0.794346 0.786170 0.817483
0.863303 0.853129 0.856989 0.798335 0.785229 0.822288
0.857958 0.859767 0.859818 0.801900 0.782702 0.825828
0.865272 0.858883 0.861197 0.803358 0.789051 0.826331
0.865992 0.858174 0.861599 0.802845 0.789646 0.826241
0.863122 0.861229 0.862628 0.803873 0.787018 0.827587
0.864936 0.863080 0.864179 0.805201 0.789323 0.828782
0.867899 0.865230 0.866225 0.806645 0.793948 0.830096
0.864659 0.868470 0.867595 0.807145 0.791082 0.832346
0.867236 0.872561 0.871436 0.807829 0.793589 0.835438
0.869582 0.875477 0.874238 0.808716 0.796016 0.836341
0.865708 0.875327 0.873670 0.808466 0.792269 0.837496
0.871182 0.878688 0.876266 0.810798 0.797841 0.836175
0.869005 0.880038 0.877113 0.811551 0.795584 0.838489
0.872069 0.882121 0.878462 0.812999 0.798860 0.835760
0.871411 0.882025 0.878929 0.812380 0.797886 0.839444
0.874073 0.881295 0.877743 0.813920 0.803469 0.831454
0.867659 0.880917 0.878079 0.812504 0.795544 0.838473
0.860247 0.870048 0.864024 0.807072 0.803306 0.800395
0.846579 0.864660 0.865644 0.800742 0.777344 0.834715
0.850919 0.853288 0.852354 0.791865 0.803052 0.793290
0.864168 0.860811 0.869107 0.798413 0.800729 0.827224
0.856944 0.866101 0.866675 0.797540 0.782375 0.831521
0.868397 0.873196 0.870070 0.809666 0.798712 0.822839
0.869569 0.874954 0.864896 0.811003 0.810795 0.809271
0.872091 0.879075 0.873561 0.815815 0.807506 0.829741
0.854417 0.874356 0.868491 0.807281 0.788841 0.839685
0.868295 0.876514 0.871228 0.808341 0.804739 0.828772
0.876088 0.876873 0.875949 0.810033 0.809682 0.834774
0.869469 0.874824 0.873916 0.808043 0.800186 0.837609
0.861961 0.872264 0.871546 0.806496 0.793030 0.833177
0.875385 0.870293 0.873168 0.803737 0.806212 0.829657
0.874740 0.870980 0.874806 0.802190 0.805833 0.832839
0.872896 0.874304 0.877397 0.806112 0.801087 0.840680
0.874129 0.879816 0.877495 0.813464 0.803041 0.836776
0.876229 0.882643 0.875810 0.813337 0.806339 0.823588
0.868526 0.883980 0.879410 0.811450 0.797338 0.845417
0.849441 0.857054 0.850468 0.797942 0.803444 0.781968
0.819644 0.852874 0.848195 0.790628 0.766233 0.801969
0.820611 0.822123 0.820239 0.756250 0.793197 0.752520
0.812478 0.824978 0.820905 0.762083 0.784263 0.762045
0.838850 0.847317 0.853782 0.776999 0.778890 0.822529
0.834182 0.849924 0.851153 0.778838 0.773784 0.817652
0.850894 0.859975 0.852114 0.800906 0.798081 0.799145
0.843767 0.855816 0.841567 0.793451 0.801877 0.777928
0.844524 0.859970 0.844283 0.798867 0.801823 0.785123
0.843831 0.864072 0.852722 0.805848 0.797746 0.803666
0.838530 0.860100 0.853731 0.800066 0.789780 0.817080
0.844009 0.855913 0.852216 0.799383 0.791652 0.819012
0.854845 0.849465 0.851674 0.798478 0.798128 0.819820
0.858924 0.842809 0.849025 0.794019 0.799511 0.818073
0.859939 0.843619 0.851410 0.796010 0.797696 0.819884
0.858127 0.850849 0.856679 0.799761 0.793074 0.822542
0.852781 0.857233 0.860057 0.800094 0.785919 0.823578
0.852410 0.862968 0.864081 0.802168 0.786181 0.824492
0.857952 0.866178 0.866908 0.805118 0.794311 0.820376
0.861708 0.866431 0.864378 0.804574 0.800477 0.809975
0.862729 0.866869 0.863893 0.803384 0.801221 0.810886
0.862033 0.867370 0.866763 0.803298 0.798161 0.821834
0.862299 0.865259 0.867058 0.802941 0.795872 0.828557
0.864829 0.861090 0.866044 0.802546 0.796011 0.831430
0.865664 0.858622 0.864183 0.801011 0.795552 0.832125
0.864933 0.859306 0.864428 0.801745 0.793477 0.832376
0.861908 0.862805 0.865508 0.803005 0.789997 0.831708
0.861200 0.866453 0.867459 0.804067 0.790348 0.831137
0.865935 0.867488 0.868848 0.804330 0.795721 0.827014
0.866890 0.866961 0.864768 0.804085 0.798379 0.813950
0.864341 0.869224 0.864636 0.804631 0.794823 0.812627
0.860815 0.871301 0.867670 0.805820 0.789341 0.820106
0.864056 0.870742 0.869928 0.808401 0.790199 0.823346
0.867034 0.868769 0.870303 0.809247 0.792078 0.824770
0.867035 0.868065 0.871537 0.808241 0.791479 0.828984
0.866430 0.868606 0.872545 0.806999 0.791347 0.833504
0.870344 0.868838 0.872742 0.807848 0.796814 0.830528
0.873635 0.869059 0.871199 0.808348 0.802340 0.823090
0.872220 0.870923 0.872134 0.809020 0.801836 0.823190
0.870125 0.872640 0.874117 0.809955 0.799225 0.827610
0.872324 0.872672 0.874911 0.810375 0.801386 0.825598
0.871528 0.873523 0.875123 0.810709 0.800472 0.826456
0.869029 0.875298 0.876587 0.810624 0.797161 0.831417
0.871980 0.877173 0.877250 0.811039 0.799807 0.831965
0.877004 0.877970 0.877540 0.810933 0.804719 0.830336
0.875867 0.879671 0.879112 0.809669 0.803008 0.836800
0.878414 0.880425 0.879337 0.810534 0.804849 0.836531
0.878928 0.881795 0.880153 0.812188 0.805708 0.836914
0.876542 0.883545 0.881184 0.811928 0.802685 0.841075
0.876481 0.882020 0.879367 0.812409 0.805737 0.831314
0.870810 0.885406 0.880689 0.811761 0.797395 0.844772
0.865419 0.870715 0.864440 0.807703 0.808129 0.800415
0.831082 0.854362 0.855510 0.793307 0.770528 0.825972
0.829129 0.839274 0.829795 0.772225 0.799484 0.763002
0.812693 0.835862 0.823263 0.768306 0.787189 0.762005
0.838907 0.855868 0.851333 0.790143 0.786979 0.805997
0.839155 0.859176 0.855460 0.792146 0.781748 0.821111
0.851364 0.866065 0.860985 0.804390 0.797001 0.826784
0.855291 0.865713 0.859269 0.806514 0.802993 0.821676
0.856734 0.866516 0.855945 0.807501 0.801128 0.815964
0.848454 0.866054 0.853947 0.805962 0.791983 0.812607
0.852595 0.865322 0.855816 0.804068 0.795314 0.816984
0.861916 0.861808 0.858030 0.801131 0.803597 0.824197
0.861183 0.855588 0.857909 0.795868 0.803941 0.827402
0.860266 0.852889 0.857748 0.794433 0.802292 0.827551
0.860589 0.853893 0.859292 0.795968 0.800985 0.828166
0.861376 0.858013 0.861913 0.798652 0.800291 0.830074
0.861818 0.863122 0.865245 0.802062 0.799277 0.832974
0.861831 0.868170 0.867901 0.805408 0.796901 0.834784
0.860357 0.871697 0.869090 0.807137 0.792095 0.835622
0.856741 0.873946 0.869316 0.806632 0.787436 0.835554
0.858535 0.874305 0.870458 0.806715 0.789365 0.835079
0.866398 0.873797 0.871596 0.806084 0.797990 0.834608
0.871754 0.870211 0.871920 0.803869 0.803202 0.833319
0.872657 0.868445 0.871848 0.802091 0.803192 0.833824
0.871107 0.868971 0.871923 0.802225 0.799684 0.835561
0.869770 0.871042 0.873150 0.803869 0.796942 0.836536
0.870093 0.873024 0.874115 0.807265 0.796489 0.834283
0.868766 0.874837 0.873527 0.810168 0.794848 0.830558
0.866115 0.876699 0.873668 0.811254 0.791794 0.829211
0.866103 0.878146 0.875065 0.809901 0.790801 0.830380
0.869226 0.877700 0.876053 0.808658 0.794340 0.830230
0.872333 0.876425 0.875141 0.808214 0.798555 0.828583
0.874245 0.876546 0.874235 0.808346 0.800040 0.828719
0.872805 0.877407 0.874342 0.808809 0.798024 0.830824
0.873513 0.878408 0.875874 0.809570 0.798580 0.832271
0.873805 0.879527 0.878163 0.810471 0.799687 0.833683
0.871140 0.881516 0.879653 0.810723 0.797302 0.836086
0.870575 0.882580 0.879811 0.811477 0.796481 0.835530
0.873009 0.882445 0.878753 0.812432 0.798777 0.831301
0.873985 0.881661 0.877634 0.812226 0.799155 0.829374
0.875001 0.880717 0.877554 0.811005 0.800415 0.829783
0.876488 0.879653 0.878113 0.809671 0.802319 0.831241
0.876409 0.881467 0.879069 0.810784 0.802773 0.833149
0.875647 0.885400 0.879930 0.813822 0.802032 0.834866
0.876384 0.886258 0.880414 0.814580 0.803048 0.835670
0.877479 0.884482 0.881075 0.812562 0.803566 0.839591
0.878658 0.882970 0.881445 0.811019 0.804220 0.841161
0.879998 0.883590 0.881468 0.811778 0.805911 0.838668
0.878634 0.886406 0.881973 0.813455 0.804694 0.837459
0.878813 0.887376 0.881835 0.813473 0.805516 0.832513
0.877213 0.887390 0.883360 0.812796 0.802553 0.840673
0.881120 0.882687 0.880092 0.810637 0.809691 0.826821
0.868340 0.878634 0.878410 0.807458 0.794026 0.848259
0.869568 0.866213 0.864110 0.801948 0.809755 0.801733
0.866415 0.872937 0.874169 0.802443 0.791880 0.847800
0.877977 0.874984 0.876615 0.807515 0.806065 0.837483
0.878482 0.875651 0.873598 0.809935 0.810712 0.826762
0.873417 0.882495 0.880960 0.810706 0.800622 0.843518
0.874832 0.884973 0.880865 0.814526 0.804030 0.838383
0.874952 0.882338 0.873853 0.816154 0.810011 0.819581
0.872800 0.886119 0.880540 0.815858 0.802584 0.840763
0.877045 0.884961 0.881337 0.814168 0.807271 0.841018
0.879496 0.882046 0.879351 0.812776 0.810824 0.834922
0.876279 0.884059 0.881099 0.812428 0.804793 0.845976
0.878178 0.885261 0.881141 0.814785 0.806430 0.840905
0.879274 0.884998 0.880618 0.815408 0.808499 0.831638
0.873956 0.888523 0.883738 0.814350 0.800103 0.843176
0.877539 0.884708 0.877908 0.815165 0.808105 0.818622
0.872848 0.887971 0.883158 0.815295 0.798162 0.841276
0.878777 0.879490 0.875294 0.811727 0.810821 0.814289
0.872709 0.884044 0.881829 0.809047 0.796808 0.848213
0.881887 0.878676 0.876992 0.810579 0.811411 0.825152
0.877530 0.884437 0.882111 0.812144 0.801767 0.843206
0.879081 0.885788 0.883567 0.812707 0.804472 0.838926
0.878215 0.886013 0.880962 0.814388 0.806408 0.826201
0.867880 0.887338 0.881833 0.815069 0.794070 0.842652
0.861955 0.867116 0.855845 0.802770 0.808067 0.784850
0.843289 0.863614 0.863233 0.797771 0.777485 0.836266
0.861721 0.855977 0.857467 0.792932 0.810134 0.804618
0.859802 0.856857 0.860611 0.796308 0.807828 0.814749
0.869585 0.866003 0.870777 0.795482 0.797322 0.840867
0.860561 0.872716 0.868259 0.799697 0.786919 0.841152
0.868271 0.874047 0.863784 0.810056 0.805321 0.816688
0.863046 0.871770 0.858332 0.806221 0.808191 0.804190
0.869740 0.878789 0.869013 0.814225 0.805791 0.824282
0.864487 0.879087 0.872138 0.807000 0.795590 0.841901
0.869775 0.877969 0.874189 0.808568 0.801965 0.842589
0.871233 0.874714 0.872908 0.807635 0.809647 0.835054
0.873977 0.874433 0.872632 0.807501 0.811999 0.838146
0.868381 0.874687 0.872900 0.807647 0.802338 0.843983
0.861544 0.874825 0.872692 0.808013 0.795187 0.842757
0.875679 0.883372 0.879688 0.815030 0.808879 0.837736
0.866910 0.876451 0.870348 0.810424 0.807710 0.812684
0.871886 0.884384 0.880461 0.813812 0.804126 0.831397
0.865318 0.885274 0.880054 0.812899 0.793039 0.842469
0.873336 0.883503 0.877042 0.817101 0.801741 0.828390
0.877767 0.880983 0.873685 0.815044 0.808509 0.820092
0.877011 0.881758 0.880077 0.814191 0.803393 0.836202
0.871415 0.881617 0.880660 0.809516 0.796662 0.845949
0.877720 0.880367 0.880441 0.813135 0.805760 0.833241
0.879271 0.881190 0.877754 0.815460 0.807946 0.824025
0.870822 0.884540 0.880078 0.815481 0.795712 0.838049
0.877608 0.886724 0.880950 0.817427 0.802979 0.829454
0.877079 0.883550 0.878440 0.814584 0.805641 0.818022
0.871220 0.888543 0.883504 0.813716 0.794899 0.842437
0.878846 0.886982 0.881028 0.816663 0.804108 0.826009
0.878893 0.887128 0.881618 0.816432 0.803867 0.829655
0.873884 0.888079 0.884584 0.813593 0.797317 0.844021
0.879361 0.882883 0.880021 0.811994 0.806681 0.823458
0.877705 0.887908 0.884282 0.814712 0.801836 0.839715
0.878397 0.887991 0.882615 0.816206 0.803258 0.835336
0.881037 0.885002 0.879155 0.814561 0.808724 0.820973
0.874611 0.888349 0.884310 0.813243 0.798789 0.845484
0.880153 0.883471 0.877827 0.813815 0.809540 0.818836
0.875106 0.887104 0.882916 0.814641 0.799961 0.843526
0.881299 0.885050 0.881750 0.813918 0.808294 0.832964
0.880088 0.885947 0.883660 0.812993 0.805564 0.841074
0.879210 0.886596 0.883274 0.813981 0.804412 0.842465
0.881887 0.885221 0.881204 0.814391 0.808891 0.831985
0.877820 0.887619 0.883693 0.813682 0.802029 0.844709
0.881449 0.884224 0.880117 0.813440 0.809517 0.825785
0.875799 0.887568 0.882982 0.813073 0.799615 0.845893
0.880230 0.880907 0.875759 0.812282 0.811165 0.816306
0.867058 0.883048 0.879610 0.807606 0.792395 0.851188
0.874141 0.871914 0.866778 0.805745 0.811387 0.805136
0.862881 0.875810 0.874484 0.803750 0.789827 0.849310
0.883672 0.877914 0.877862 0.808281 0.812057 0.831045
0.883152 0.879316 0.879408 0.810063 0.811239 0.833037
0.868743 0.882135 0.878447 0.807459 0.794888 0.850110
0.879446 0.881899 0.876322 0.814416 0.810268 0.820999
0.879782 0.885755 0.880225 0.816550 0.807995 0.831026
0.872244 0.886460 0.881373 0.812277 0.798110 0.847240
0.878880 0.881219 0.876446 0.814405 0.810451 0.820655
0.877693 0.885197 0.881920 0.813449 0.804111 0.845061
0.878855 0.884621 0.881830 0.812697 0.805034 0.845581
0.881974 0.881174 0.879295 0.812435 0.810860 0.829005
0.874881 0.886202 0.882309 0.811868 0.799596 0.848757
0.880754 0.886200 0.881931 0.816432 0.806940 0.832870
0.879900 0.886892 0.881345 0.817074 0.806377 0.829133
0.873556 0.888968 0.883936 0.814564 0.796737 0.844529
0.878368 0.882042 0.874634 0.814257 0.809918 0.810682
0.863584 0.881935 0.879058 0.810668 0.789768 0.847081
0.879354 0.876486 0.871848 0.809290 0.812588 0.810461
0.875480 0.883301 0.881743 0.808513 0.800279 0.849406
0.880326 0.883709 0.882875 0.811031 0.805656 0.844203
0.879842 0.879497 0.875031 0.812262 0.810979 0.817405
0.869790 0.885642 0.881492 0.811584 0.794474 0.847113
0.879616 0.885506 0.880432 0.815648 0.807718 0.825410
0.880240 0.886472 0.880767 0.816500 0.807441 0.827928
0.872454 0.886735 0.881949 0.813384 0.797542 0.844823
0.881086 0.882074 0.877379 0.814299 0.810760 0.821545
0.877940 0.885614 0.882862 0.812135 0.802672 0.846892
0.881250 0.885106 0.883518 0.812874 0.805941 0.843864
0.881970 0.882096 0.879225 0.813501 0.809941 0.827018
0.872824 0.886213 0.882282 0.812553 0.796647 0.848889
0.880198 0.883642 0.878198 0.815202 0.809069 0.820711
0.876342 0.888050 0.884191 0.814645 0.800161 0.843876
0.881675 0.886690 0.882309 0.815724 0.807919 0.830161
0.881129 0.887132 0.883640 0.815211 0.806475 0.835967
0.879217 0.887215 0.884350 0.814238 0.803881 0.841411
0.882432 0.884860 0.881344 0.814575 0.809306 0.828380
0.875988 0.887075 0.883683 0.813373 0.799841 0.845984
0.881364 0.883284 0.878826 0.813848 0.810153 0.821705
0.872012 0.886058 0.882225 0.811762 0.796401 0.848176
0.879237 0.878705 0.872939 0.810772 0.811907 0.810012
0.861463 0.878228 0.876161 0.807985 0.788899 0.847528
0.876283 0.872573 0.867370 0.805848 0.812212 0.804512
0.874655 0.881216 0.879767 0.807696 0.799762 0.849252
0.877794 0.881822 0.880633 0.808787 0.802860 0.847234
0.878797 0.876738 0.872490 0.809347 0.810627 0.816079
0.877858 0.884806 0.882183 0.811931 0.802843 0.844382
0.874035 0.885934 0.881619 0.812026 0.798982 0.845711
0.877308 0.881287 0.873977 0.814603 0.809117 0.814793
0.877236 0.886235 0.881999 0.814520 0.802649 0.842528
0.877188 0.885559 0.882406 0.812942 0.802701 0.845871
0.881489 0.880988 0.878108 0.812821 0.811366 0.825774
0.878376 0.885043 0.882435 0.812181 0.804244 0.846542
0.879356 0.885857 0.883069 0.813865 0.804916 0.843855
0.879835 0.882236 0.877589 0.814176 0.810465 0.820024
0.870784 0.886916 0.882783 0.812384 0.795156 0.848005
0.880195 0.884362 0.877964 0.815881 0.809727 0.818206
0.878372 0.887819 0.884139 0.815408 0.803080 0.839101
0.879511 0.887445 0.884244 0.814724 0.803979 0.838821
0.882365 0.884449 0.880020 0.815064 0.809556 0.824150
0.874795 0.886979 0.883381 0.813006 0.798214 0.845079
0.882009 0.884520 0.880447 0.815010 0.808679 0.826368
0.879508 0.887544 0.884333 0.814489 0.803211 0.839746
0.880288 0.887729 0.884136 0.815175 0.804489 0.837246
0.881863 0.886293 0.881280 0.815705 0.808236 0.826243
0.875785 0.888285 0.883710 0.813996 0.799159 0.844092
0.880738 0.882159 0.876185 0.813145 0.810788 0.814713
0.866280 0.882347 0.879461 0.810077 0.791730 0.848837
0.875875 0.873097 0.867166 0.806199 0.811656 0.805285
0.865354 0.876878 0.875903 0.805795 0.791103 0.849464
0.884727 0.880049 0.880407 0.808466 0.810582 0.837325
0.880775 0.876720 0.874762 0.808471 0.811280 0.821112
0.868970 0.882150 0.879137 0.808602 0.794599 0.849675
0.880539 0.885773 0.881871 0.814666 0.806238 0.837131
0.876589 0.879870 0.871838 0.812100 0.810436 0.810026
0.869216 0.884019 0.879527 0.809796 0.795543 0.848683
0.880523 0.884636 0.882426 0.812413 0.806690 0.843883
0.878795 0.877329 0.872820 0.809889 0.812518 0.817723
0.875364 0.882136 0.879967 0.809865 0.801895 0.849017
0.875572 0.883469 0.880667 0.810283 0.801871 0.848982
0.878094 0.878758 0.873922 0.811649 0.811494 0.816626
0.875425 0.886291 0.882475 0.813743 0.800633 0.845759
0.875748 0.887341 0.882992 0.815048 0.800651 0.842837
0.877269 0.881288 0.874160 0.813904 0.810104 0.810721
0.871521 0.886497 0.882446 0.811794 0.796026 0.846864
0.880944 0.885818 0.883093 0.814764 0.806280 0.837128
0.881847 0.881095 0.877065 0.813202 0.811466 0.819614
0.874166 0.885207 0.882503 0.810313 0.797828 0.848321
0.881885 0.885657 0.883669 0.814558 0.806417 0.836774
0.880900 0.883105 0.877559 0.814936 0.809743 0.819220
0.871055 0.887165 0.882884 0.811859 0.794500 0.847012
0.881171 0.885211 0.880107 0.815227 0.808552 0.823309
0.881439 0.887235 0.882849 0.816083 0.806432 0.832782
0.875478 0.887488 0.883336 0.813876 0.799396 0.844796
0.881561 0.883083 0.878553 0.813712 0.810078 0.821421
0.877174 0.887321 0.883861 0.813406 0.800762 0.845764
0.881896 0.886793 0.883494 0.814976 0.806210 0.837263
0.882283 0.885384 0.881029 0.815108 0.808530 0.828450
0.875165 0.887888 0.883947 0.813653 0.798477 0.846453
0.881470 0.884126 0.878833 0.814335 0.809811 0.820901
0.877113 0.887713 0.883817 0.814207 0.800923 0.844118
0.882976 0.886074 0.882570 0.814298 0.808642 0.832511
0.882755 0.886489 0.883577 0.813907 0.807815 0.835773
0.879145 0.887414 0.884106 0.813733 0.802921 0.843630
0.882666 0.884745 0.880099 0.814213 0.810005 0.825802
0.875842 0.887602 0.883498 0.812911 0.799209 0.847241
0.881982 0.883631 0.878738 0.813630 0.810731 0.821416
0.874540 0.886523 0.882545 0.812326 0.798286 0.847370
0.882895 0.882332 0.877889 0.812446 0.811863 0.820713
0.876531 0.886190 0.882706 0.811097 0.800336 0.848279
0.883786 0.884262 0.881385 0.813242 0.810258 0.830411
0.882397 0.886719 0.883674 0.814324 0.806769 0.838281
0.879536 0.887563 0.884185 0.813825 0.803043 0.842517
0.881811 0.884762 0.880033 0.814432 0.809302 0.823930
0.874308 0.887298 0.882994 0.812747 0.797858 0.846923
0.882067 0.882673 0.877747 0.812935 0.811410 0.819365
0.875737 0.886080 0.882487 0.810823 0.799610 0.848641
0.884382 0.883661 0.881243 0.812625 0.810887 0.830766
0.883192 0.885957 0.883629 0.813506 0.807554 0.838549
0.878871 0.887469 0.884170 0.813565 0.802362 0.844006
0.880725 0.884302 0.878816 0.814777 0.809363 0.820445
0.870516 0.886976 0.882273 0.812371 0.794262 0.847888
0.879987 0.880491 0.874383 0.812113 0.811494 0.811845
0.869783 0.883122 0.880276 0.809196 0.794895 0.849546
0.884975 0.881680 0.880234 0.810770 0.812044 0.830900
0.884713 0.882650 0.881249 0.811692 0.810915 0.833477
0.873266 0.885237 0.881530 0.810824 0.797837 0.848964
0.880561 0.883782 0.878482 0.814729 0.809280 0.822224
0.879712 0.887868 0.883654 0.815646 0.804318 0.837824
0.877424 0.888030 0.883829 0.814535 0.801414 0.842942
0.881507 0.884188 0.878641 0.815081 0.810234 0.822061
0.875901 0.886345 0.882655 0.812349 0.800038 0.847118
0.883978 0.885013 0.882583 0.813462 0.809330 0.835771
0.883782 0.884803 0.882289 0.813913 0.809332 0.833825
0.876071 0.887124 0.883414 0.813161 0.799668 0.846777
0.880680 0.884119 0.878223 0.815253 0.809392 0.819282
0.873723 0.888236 0.883749 0.813630 0.796915 0.846279
0.881917 0.884600 0.878979 0.814823 0.810014 0.820607
0.877854 0.887122 0.883813 0.813578 0.801238 0.844324
0.883509 0.885986 0.883034 0.814007 0.808423 0.834371
0.883290 0.886028 0.883387 0.813943 0.807995 0.835234
0.878146 0.887451 0.884079 0.813495 0.801566 0.844342
0.881995 0.885292 0.880119 0.814989 0.808977 0.824809
0.875697 0.888238 0.883950 0.814016 0.799017 0.845474
0.882220 0.884602 0.879586 0.814246 0.809879 0.822779
0.876760 0.887100 0.883457 0.813198 0.800167 0.845902
0.884120 0.884003 0.880160 0.813198 0.810985 0.826523
0.880079 0.886902 0.883988 0.812338 0.803471 0.844825
0.883131 0.886565 0.883396 0.814178 0.807671 0.835522
0.882176 0.887354 0.883790 0.815046 0.806130 0.835875
0.878823 0.888469 0.884406 0.814618 0.801926 0.842067
0.881980 0.886097 0.880830 0.815079 0.808620 0.825394
0.874628 0.887409 0.883130 0.812849 0.797821 0.846953
0.881539 0.880712 0.875476 0.811195 0.812326 0.814731
0.867902 0.881448 0.879055 0.808226 0.793685 0.849734
0.882564 0.877970 0.875086 0.808346 0.813225 0.818609
0.880575 0.884510 0.882899 0.810514 0.804891 0.846063
0.879064 0.885982 0.883176 0.812244 0.803177 0.845397
0.879473 0.881648 0.876120 0.813311 0.810138 0.816488
0.870010 0.886530 0.881531 0.811088 0.794320 0.848607
0.882260 0.885201 0.880945 0.815041 0.809280 0.828931
0.883218 0.884691 0.881744 0.814272 0.809642 0.832588
0.874805 0.885379 0.881645 0.810625 0.799571 0.849271
0.883803 0.883455 0.880753 0.813199 0.810913 0.830691
0.883005 0.885713 0.882998 0.814400 0.808260 0.837026
0.876222 0.887621 0.883621 0.813798 0.799967 0.846227
0.880088 0.884180 0.878365 0.815328 0.809562 0.819072
0.873079 0.887765 0.883181 0.813813 0.796696 0.846129
0.882525 0.885290 0.880176 0.815633 0.810089 0.824716
0.880904 0.887106 0.884357 0.813847 0.804813 0.841572
0.880943 0.886707 0.884188 0.813820 0.804584 0.841520
0.883005 0.885009 0.880843 0.815262 0.809507 0.827738
0.876085 0.887899 0.884174 0.813569 0.799163 0.845665
0.881965 0.885772 0.880757 0.815462 0.808573 0.825059
0.878313 0.888182 0.884402 0.815026 0.801397 0.841770
0.882688 0.887051 0.883048 0.815363 0.807645 0.832312
0.882391 0.887521 0.884038 0.814226 0.806111 0.837592
0.881010 0.887711 0.884126 0.814234 0.804488 0.840510
0.883023 0.886378 0.882197 0.815027 0.808410 0.830967
0.877891 0.888386 0.884487 0.813652 0.800778 0.845651
0.882252 0.884709 0.879834 0.814051 0.809572 0.823391
0.872433 0.886508 0.882500 0.812563 0.795825 0.848296
0.879734 0.878517 0.872938 0.810022 0.811881 0.811021
0.863038 0.878117 0.876570 0.806654 0.789678 0.849047
0.881863 0.876126 0.873437 0.806780 0.813270 0.816944
0.883978 0.882332 0.882396 0.808883 0.808899 0.842537
0.872711 0.882790 0.880238 0.809315 0.798491 0.849681
0.881048 0.882101 0.877364 0.813255 0.810597 0.822403
0.880887 0.886114 0.882441 0.815150 0.806905 0.835635
0.873773 0.886870 0.882197 0.811934 0.798775 0.847969
0.881292 0.884268 0.879752 0.814859 0.809946 0.827308
0.881969 0.885875 0.882930 0.814344 0.807727 0.839757
0.877446 0.885863 0.882555 0.811834 0.802384 0.848162
0.883343 0.884222 0.881393 0.813552 0.810672 0.830800
0.880363 0.887611 0.883789 0.815027 0.805210 0.840740
0.878655 0.888636 0.884067 0.816275 0.802684 0.839211
0.880302 0.886536 0.880581 0.816466 0.807379 0.822724
0.873105 0.888760 0.883931 0.814169 0.795999 0.845351
0.881932 0.884324 0.878007 0.815159 0.810523 0.818262
0.875787 0.886768 0.883565 0.811515 0.798956 0.847159
0.884284 0.884847 0.882809 0.813051 0.809260 0.833543
0.883172 0.885702 0.882930 0.814252 0.808110 0.833806
0.876040 0.888191 0.884278 0.813281 0.798778 0.845611
0.880454 0.884423 0.878121 0.814656 0.808996 0.818139
0.873063 0.888124 0.883523 0.813559 0.795912 0.846667
0.882636 0.884147 0.878778 0.814077 0.810308 0.822206
0.879609 0.887250 0.883975 0.812458 0.802964 0.845995
0.883206 0.886170 0.883731 0.812645 0.806938 0.841313
0.883807 0.885066 0.881798 0.813862 0.809183 0.832455
0.876287 0.887798 0.883835 0.813389 0.799139 0.847334
0.881386 0.884902 0.879857 0.814792 0.808927 0.823556
0.875761 0.888292 0.883918 0.814085 0.798995 0.846471
0.883224 0.885160 0.880747 0.814906 0.810060 0.826800
0.880639 0.887063 0.884243 0.813029 0.804472 0.844005
0.883260 0.886418 0.883857 0.813745 0.807721 0.838543
0.883290 0.886326 0.882978 0.814690 0.808966 0.833412
0.878497 0.888010 0.884306 0.813815 0.802226 0.844485
0.882289 0.885889 0.880963 0.815268 0.809208 0.825486
0.875467 0.888379 0.883719 0.813666 0.798847 0.845817
0.882675 0.883871 0.878813 0.813763 0.810928 0.820588
0.873961 0.886471 0.882312 0.810977 0.797627 0.849433
0.883960 0.882142 0.878528 0.811688 0.812237 0.822598
0.878877 0.886294 0.883359 0.811910 0.801997 0.846521
0.883159 0.886572 0.883849 0.813784 0.807191 0.837295
0.882662 0.886068 0.882227 0.814648 0.808044 0.829971
0.874662 0.888518 0.884006 0.813352 0.797627 0.846294
0.881245 0.883984 0.878143 0.814179 0.810205 0.819267
0.874212 0.886861 0.882910 0.811444 0.797675 0.849426
0.884663 0.883405 0.881184 0.812673 0.811138 0.830216
0.883505 0.885720 0.883723 0.812698 0.807712 0.840483
0.879038 0.887080 0.884087 0.812931 0.802801 0.846092
0.881865 0.884504 0.879366 0.814672 0.810015 0.822521
0.873606 0.888248 0.883484 0.813575 0.796920 0.847448
0.881737 0.884951 0.879124 0.815269 0.810014 0.822050
0.877834 0.887643 0.884086 0.813259 0.801329 0.846110
0.883787 0.886076 0.883354 0.814155 0.808345 0.836691
0.883841 0.885883 0.882861 0.814472 0.808763 0.834850
0.877880 0.887695 0.884097 0.813488 0.801148 0.845694
0.882364 0.885445 0.880621 0.815271 0.809231 0.824864
0.876198 0.888517 0.884260 0.814506 0.799146 0.845048
0.882740 0.885775 0.880946 0.815400 0.809166 0.825918
0.879366 0.887782 0.884396 0.813673 0.802346 0.844306
0.883650 0.886256 0.883345 0.814510 0.808410 0.834006
0.882399 0.887047 0.884142 0.814283 0.806231 0.838691
0.880954 0.887944 0.884597 0.814562 0.804055 0.840922
0.882540 0.886967 0.882508 0.815924 0.807585 0.829944
0.877148 0.888855 0.884760 0.814555 0.799685 0.844777
0.882448 0.884679 0.879457 0.814233 0.809926 0.821725
0.872311 0.886389 0.882443 0.811456 0.796054 0.849634
0.881897 0.879690 0.874818 0.810033 0.812778 0.814957
0.870975 0.882857 0.880227 0.809108 0.796031 0.850586
0.884975 0.882495 0.880609 0.811575 0.811509 0.830799
0.883963 0.884560 0.882602 0.813046 0.809344 0.834617
0.872973 0.886938 0.882383 0.811627 0.797019 0.849095
0.880469 0.883593 0.877555 0.814571 0.809991 0.819839
0.877842 0.887429 0.884072 0.813727 0.801945 0.845293
0.881462 0.886887 0.884190 0.813464 0.805893 0.842811
0.883904 0.883485 0.880428 0.813487 0.811405 0.828629
0.876583 0.886233 0.882873 0.811759 0.800826 0.848489
0.883554 0.885894 0.882899 0.815101 0.809020 0.834205
0.882393 0.887036 0.883163 0.815763 0.807511 0.833436
0.875644 0.888802 0.884205 0.814751 0.798803 0.845179
0.880807 0.884530 0.878024 0.815506 0.810093 0.817999
0.871013 0.886725 0.882478 0.811331 0.794764 0.849518
0.883587 0.882350 0.878117 0.812626 0.812315 0.821256
0.880043 0.886074 0.883642 0.811694 0.803413 0.845407
0.881213 0.886512 0.884074 0.812971 0.804784 0.842807
0.882404 0.883994 0.879278 0.814543 0.810181 0.822913
0.872770 0.888190 0.883571 0.812814 0.795768 0.847894
0.881728 0.885319 0.879849 0.815601 0.808834 0.823818
0.880507 0.887836 0.884527 0.814503 0.803967 0.841689
0.881161 0.887233 0.884339 0.813421 0.804611 0.843292
0.884180 0.884496 0.881114 0.813990 0.810342 0.829521
0.877216 0.887386 0.883964 0.812828 0.800445 0.847357
0.883056 0.885762 0.881589 0.815240 0.809195 0.828629
0.879428 0.888603 0.884553 0.815280 0.802272 0.842241
0.881655 0.887908 0.883887 0.816102 0.805882 0.835059
0.882022 0.887854 0.883992 0.815607 0.806183 0.835282
0.880364 0.888155 0.884549 0.814338 0.803410 0.842015
0.883479 0.886324 0.882392 0.815078 0.809108 0.830682
0.878741 0.887951 0.884426 0.813299 0.801935 0.845367
0.883604 0.885375 0.881523 0.814574 0.809844 0.827843
0.877471 0.888189 0.884224 0.813601 0.800490 0.845540
0.883156 0.885008 0.880539 0.814272 0.809847 0.824885
0.876029 0.887964 0.883845 0.812766 0.798780 0.847355
0.883252 0.883508 0.879165 0.813200 0.811021 0.822507
0.874919 0.886717 0.882724 0.811569 0.798067 0.849061
0.884061 0.883164 0.879939 0.812602 0.811229 0.825451
0.879319 0.887165 0.883933 0.812370 0.802149 0.846378
0.882860 0.886844 0.884042 0.814594 0.806784 0.838028
0.882779 0.886632 0.882957 0.815117 0.807849 0.832379
0.876679 0.888310 0.884327 0.813727 0.799832 0.846450
0.882535 0.884548 0.879536 0.814846 0.810380 0.823411
0.875660 0.887201 0.883475 0.812023 0.799302 0.848742
0.884424 0.884002 0.880954 0.813540 0.810908 0.829008
0.881163 0.886968 0.884267 0.813283 0.804898 0.843628
0.881350 0.887846 0.884475 0.814387 0.804920 0.841203
0.882227 0.886576 0.881833 0.816176 0.808624 0.827979
0.874491 0.888918 0.884041 0.813776 0.797313 0.846799
0.881567 0.883821 0.877824 0.814441 0.810820 0.818661
0.872320 0.886077 0.882037 0.810795 0.796132 0.849861
0.884457 0.882132 0.879239 0.811987 0.812119 0.825431
0.881942 0.886031 0.884046 0.812357 0.805696 0.843400
0.879759 0.887409 0.884386 0.813493 0.803010 0.844312
0.881414 0.884433 0.878957 0.814944 0.809676 0.821019
0.871058 0.887939 0.882967 0.812412 0.793972 0.849014
0.881924 0.883678 0.878265 0.814193 0.810525 0.820861
0.878679 0.886752 0.883889 0.812284 0.801924 0.847331
0.883093 0.885836 0.883933 0.812513 0.806951 0.842922
0.884311 0.883871 0.880843 0.813937 0.810938 0.829484
0.875350 0.887754 0.883682 0.812842 0.798690 0.848072
0.881810 0.886282 0.880952 0.816325 0.808745 0.825812
0.879288 0.888814 0.884553 0.815927 0.802727 0.840997
0.881034 0.888263 0.884418 0.815726 0.804926 0.838891
0.883300 0.886277 0.882712 0.815327 0.808870 0.831935
0.878318 0.887535 0.884323 0.813142 0.801574 0.846187
0.883810 0.885289 0.881557 0.814972 0.809938 0.829349
0.879269 0.888167 0.884664 0.814045 0.801834 0.844416
0.882571 0.887336 0.883231 0.816072 0.807069 0.832184
0.880695 0.888640 0.884586 0.815802 0.803820 0.838242
0.881543 0.888374 0.884506 0.815458 0.804735 0.837301
0.882636 0.887559 0.884107 0.815315 0.806394 0.835102
0.880773 0.888005 0.884732 0.814264 0.803205 0.842339
0.883631 0.886225 0.882599 0.814498 0.808633 0.831476
0.878207 0.888216 0.884578 0.813021 0.800635 0.846167
0.883177 0.884320 0.879543 0.813968 0.810310 0.822959
0.871024 0.886351 0.882079 0.811168 0.794468 0.850503
0.879227 0.877159 0.871810 0.809065 0.811910 0.809609
0.861558 0.876780 0.875216 0.805923 0.788579 0.849457
0.884124 0.877244 0.876529 0.807309 0.812891 0.825827
0.884642 0.879804 0.880210 0.808808 0.811134 0.833804
0.869146 0.882653 0.878875 0.808487 0.794909 0.850418
0.881151 0.885784 0.881409 0.815852 0.807713 0.834997
0.878483 0.882110 0.875475 0.814621 0.810070 0.817525
0.870241 0.885215 0.880422 0.809722 0.795722 0.850064
0.880616 0.885323 0.882866 0.812115 0.805784 0.846493
0.881147 0.879079 0.874994 0.810151 0.813182 0.821127
0.876276 0.884918 0.881642 0.811151 0.801800 0.848376
0.874875 0.886758 0.882669 0.812099 0.799692 0.848393
0.877987 0.881504 0.875020 0.813747 0.810590 0.813301
0.873267 0.887580 0.882816 0.815378 0.797265 0.844095
0.876609 0.887581 0.883328 0.816242 0.800374 0.841873
0.880538 0.881676 0.877527 0.813809 0.809859 0.819298
0.877420 0.886432 0.884180 0.812027 0.800620 0.847067
0.879052 0.886170 0.883556 0.814464 0.802263 0.842176
0.882331 0.883847 0.877947 0.816062 0.810193 0.822983
0.876849 0.888346 0.884841 0.813754 0.799600 0.844906
0.880688 0.888085 0.884251 0.815875 0.803832 0.837436
0.881452 0.886332 0.879666 0.817811 0.807761 0.825118
0.874378 0.888410 0.883444 0.815080 0.796517 0.847035
0.882709 0.885258 0.881746 0.813569 0.808046 0.830692
0.881125 0.887552 0.884420 0.814489 0.804326 0.842813
0.879751 0.887637 0.884198 0.815419 0.803234 0.841729
0.882918 0.886043 0.881742 0.815230 0.809034 0.828143
0.877219 0.888906 0.885191 0.813813 0.799612 0.846597
0.882181 0.886815 0.882201 0.816205 0.808004 0.830118
0.880718 0.887969 0.884036 0.815582 0.804404 0.839643
0.881217 0.887718 0.884595 0.814053 0.804344 0.842302
0.883638 0.885936 0.882703 0.814109 0.808826 0.832253
0.878547 0.887973 0.883914 0.814342 0.801579 0.844179
0.883216 0.886652 0.882545 0.814869 0.808907 0.830507
0.879902 0.888758 0.884702 0.813899 0.802916 0.843277
0.882501 0.887851 0.883679 0.815531 0.807132 0.834202
0.881640 0.888297 0.884327 0.815295 0.805233 0.838444
0.882021 0.888095 0.884635 0.813868 0.805459 0.839553
0.882941 0.887569 0.884097 0.814550 0.806886 0.836088
0.880965 0.888342 0.884806 0.814561 0.803439 0.841247
0.883202 0.886819 0.883530 0.814175 0.807836 0.832739
0.878789 0.888629 0.884702 0.813515 0.801102 0.845079
0.883510 0.885358 0.880910 0.814430 0.810029 0.826612
0.875374 0.887707 0.883665 0.811975 0.798410 0.848987
0.882906 0.882263 0.878087 0.811816 0.811651 0.820169
0.872480 0.885210 0.881546 0.811260 0.796639 0.849745
0.884329 0.882551 0.879191 0.812009 0.812025 0.824685
0.881018 0.887116 0.884221 0.811989 0.804564 0.845064
0.880583 0.887565 0.884172 0.813814 0.804148 0.843431
0.882404 0.884974 0.879728 0.815055 0.810015 0.824622
0.874262 0.888099 0.883317 0.812266 0.797472 0.849356
0.883520 0.885021 0.881248 0.814522 0.809902 0.828762
0.881903 0.887103 0.884062 0.814327 0.805753 0.841961
0.880366 0.887187 0.884272 0.813484 0.803687 0.845086
0.883397 0.885061 0.881186 0.814741 0.810152 0.827168
0.875920 0.888604 0.884042 0.813945 0.798805 0.846496
0.882305 0.886376 0.881212 0.816540 0.808968 0.826655
0.879499 0.888511 0.885014 0.814491 0.802410 0.843127
0.882398 0.887545 0.884489 0.815382 0.805865 0.837919
0.882816 0.886878 0.883182 0.815954 0.807512 0.833840
0.878977 0.888317 0.884895 0.813777 0.801215 0.844969
0.883103 0.886069 0.881834 0.815526 0.808675 0.828610
0.878136 0.888540 0.884562 0.814930 0.800230 0.843794
0.882913 0.886854 0.882600 0.815776 0.807835 0.831041
0.880438 0.888257 0.884769 0.814321 0.802961 0.842627
0.882502 0.887618 0.884061 0.815504 0.806196 0.836653
0.882253 0.887816 0.884361 0.815420 0.805628 0.837834
0.881054 0.888333 0.884761 0.814735 0.804036 0.840936
0.882735 0.887543 0.883486 0.815853 0.807226 0.833550
0.879342 0.888741 0.884686 0.814852 0.801915 0.843577
0.883313 0.886124 0.882213 0.814881 0.809211 0.829028
0.876749 0.888184 0.884217 0.813036 0.799825 0.847497
0.883535 0.883607 0.879170 0.813547 0.811377 0.823030
0.873242 0.886634 0.882330 0.810927 0.796992 0.850708
0.883352 0.881934 0.878240 0.811783 0.811958 0.821508
0.876555 0.886599 0.883007 0.811773 0.800302 0.848520
0.883724 0.886054 0.883495 0.814212 0.808530 0.835953
0.883287 0.885839 0.882954 0.814430 0.808756 0.832873
0.875632 0.887916 0.883758 0.812964 0.798876 0.847565
0.882628 0.884614 0.879936 0.814974 0.810342 0.824904
0.878209 0.887491 0.884329 0.812573 0.801532 0.847380
0.883845 0.886449 0.883721 0.814415 0.808166 0.837289
0.883670 0.886376 0.883499 0.815294 0.808583 0.835008
0.877788 0.888398 0.884605 0.814044 0.800775 0.845695
0.882049 0.885598 0.879879 0.816005 0.809616 0.823124
0.874223 0.888446 0.883740 0.813599 0.796587 0.847811
0.883045 0.884192 0.879586 0.814617 0.810334 0.823963
0.877311 0.887346 0.883960 0.812102 0.799940 0.848174
0.883890 0.886043 0.883535 0.814660 0.808157 0.835661
0.883153 0.886825 0.883659 0.815391 0.807527 0.834954
0.877303 0.888698 0.884845 0.814145 0.799482 0.845468
0.882081 0.885423 0.880016 0.815700 0.808776 0.823457
0.875781 0.888358 0.884119 0.813475 0.797944 0.847887
0.884201 0.884660 0.881189 0.814467 0.809651 0.829321
0.881011 0.887218 0.884442 0.813351 0.803450 0.845013
0.882208 0.887455 0.884438 0.814825 0.805320 0.840235
0.882843 0.887147 0.882939 0.816081 0.807589 0.831504
0.875964 0.889332 0.884634 0.814505 0.798322 0.846031
0.881966 0.884854 0.879139 0.815143 0.809828 0.820809
0.872599 0.886855 0.882499 0.811378 0.796133 0.850616
0.884017 0.881808 0.878096 0.811959 0.812268 0.823229
0.879710 0.886240 0.883477 0.811565 0.803026 0.847557
0.882175 0.887056 0.884405 0.813974 0.805817 0.841646
0.882396 0.885144 0.880379 0.815425 0.809492 0.825033
0.871861 0.888367 0.883288 0.812875 0.794933 0.848863
0.882187 0.884352 0.879126 0.814921 0.809968 0.823138
0.879241 0.887055 0.884001 0.812452 0.802070 0.847440
0.883032 0.886285 0.884195 0.812810 0.806609 0.843009
0.884366 0.884626 0.881244 0.814495 0.810679 0.829987
0.875517 0.888416 0.884039 0.813427 0.798432 0.847983
0.881856 0.885915 0.880481 0.815909 0.809290 0.823504
0.877488 0.888768 0.884711 0.815000 0.800322 0.844650
0.882756 0.887036 0.883686 0.816149 0.807156 0.835218
0.883174 0.886883 0.884261 0.815051 0.806879 0.837904
0.879847 0.887800 0.884681 0.814144 0.802338 0.844741
0.883235 0.886166 0.882151 0.816124 0.808834 0.829706
0.877828 0.888885 0.885113 0.814491 0.800183 0.845101
0.882633 0.886721 0.882089 0.816319 0.808214 0.828321
0.879066 0.888460 0.884662 0.815106 0.801113 0.843632
0.883538 0.886524 0.883047 0.815230 0.808110 0.832509
0.880828 0.888010 0.884729 0.814352 0.803165 0.843394
0.882643 0.887517 0.884055 0.815679 0.806482 0.836066
0.881328 0.888548 0.884738 0.815476 0.804110 0.839411
0.881570 0.888562 0.884641 0.815848 0.804714 0.837723
0.881941 0.888353 0.884296 0.816294 0.805610 0.836533
0.881329 0.888513 0.884766 0.815227 0.804202 0.840485
0.882947 0.887125 0.883870 0.815298 0.807375 0.834823
0.880302 0.888329 0.884783 0.814355 0.802776 0.843745
0.883525 0.886257 0.882460 0.814942 0.809004 0.829852
0.876383 0.888577 0.884351 0.813277 0.799247 0.847366
0.882630 0.883170 0.877990 0.813373 0.811496 0.818980
0.866987 0.883871 0.880359 0.809037 0.792170 0.851453
0.879999 0.875926 0.872125 0.807819 0.812683 0.811523
0.871160 0.881475 0.879104 0.808046 0.796644 0.851452
0.883291 0.883802 0.882325 0.810659 0.807462 0.843838
0.881147 0.879046 0.875443 0.810996 0.811646 0.819270
0.871326 0.886135 0.881155 0.810321 0.795770 0.850315
0.879634 0.887087 0.883400 0.814957 0.804272 0.842606
0.879799 0.880853 0.875461 0.813270 0.811289 0.818158
0.873729 0.885261 0.881387 0.810309 0.798557 0.850660
0.879584 0.885653 0.883078 0.810917 0.804113 0.848137
0.881331 0.880421 0.875607 0.811774 0.812714 0.818408
0.875383 0.887502 0.883228 0.813531 0.799343 0.847153
0.877073 0.888998 0.884407 0.815613 0.800837 0.843347
0.878202 0.882135 0.875237 0.814862 0.809634 0.813433
0.871166 0.887398 0.882732 0.812682 0.793790 0.849094
0.881454 0.886377 0.883915 0.815568 0.804759 0.840476
0.882687 0.881709 0.878363 0.813207 0.810708 0.823943
0.874474 0.886952 0.883652 0.811256 0.796669 0.849480
0.880750 0.887688 0.883931 0.816959 0.804456 0.837023
0.881158 0.885108 0.878273 0.816951 0.809028 0.821187
0.871722 0.888565 0.883320 0.811982 0.793657 0.850255
0.882838 0.885145 0.881593 0.814651 0.808282 0.830347
0.883051 0.886140 0.882517 0.816023 0.807571 0.835456
0.875407 0.887463 0.883288 0.813270 0.797892 0.848841
0.882538 0.884617 0.880638 0.814034 0.809709 0.825913
0.879040 0.888671 0.884624 0.815869 0.802053 0.843131
0.879619 0.888372 0.884109 0.816983 0.803273 0.839647
0.882738 0.885702 0.881986 0.815266 0.809089 0.828533
0.877180 0.887925 0.884655 0.813343 0.799908 0.847885
0.883327 0.885951 0.882563 0.815722 0.808657 0.832660
0.882408 0.887391 0.884474 0.815371 0.806123 0.838806
0.879982 0.888485 0.885134 0.814389 0.803174 0.843109
0.882556 0.886601 0.881916 0.815951 0.809116 0.826859
0.876406 0.889018 0.884484 0.814540 0.799313 0.845212
0.883044 0.885143 0.881025 0.814624 0.809835 0.825604
0.877114 0.888038 0.884228 0.812480 0.799793 0.847955
0.884268 0.885180 0.881560 0.814467 0.810186 0.830016
0.880795 0.887955 0.884669 0.813895 0.803474 0.843855
0.882431 0.887881 0.884575 0.815515 0.806207 0.837069
0.882284 0.887786 0.883578 0.816154 0.807032 0.832871
0.879013 0.888901 0.884795 0.814819 0.801290 0.843821
0.883484 0.885501 0.881783 0.814856 0.809314 0.828313
0.878110 0.887789 0.884124 0.812841 0.800469 0.847216
0.884349 0.885496 0.882028 0.814101 0.809757 0.830931
0.880543 0.888219 0.884873 0.814140 0.802857 0.844262
0.882187 0.888044 0.884174 0.816227 0.806367 0.835869
0.881804 0.888251 0.884022 0.816504 0.806104 0.835050
0.879962 0.888892 0.884865 0.815237 0.802448 0.842239
0.883405 0.886230 0.882209 0.815534 0.808916 0.829668
0.877990 0.888003 0.884233 0.813079 0.800471 0.846989
0.884289 0.884521 0.880699 0.813944 0.810640 0.826833
0.876728 0.888027 0.884201 0.812554 0.799187 0.847839
0.883640 0.885410 0.881198 0.815146 0.809794 0.827197
0.878768 0.888506 0.884668 0.814213 0.801031 0.844987
0.882834 0.887195 0.883831 0.815810 0.807056 0.834835
0.882409 0.887721 0.884215 0.815985 0.805868 0.837930
0.880468 0.888297 0.884870 0.814860 0.803150 0.843184
0.883373 0.886415 0.882693 0.815437 0.808816 0.831142
0.878443 0.888450 0.884725 0.814116 0.801067 0.845331
0.883406 0.886410 0.882219 0.815569 0.809289 0.829201
0.878322 0.888540 0.884792 0.814146 0.800957 0.845589
0.883276 0.886458 0.882525 0.815607 0.808843 0.830210
0.879509 0.888533 0.884895 0.814697 0.801648 0.844448
0.883039 0.886983 0.883381 0.815717 0.807732 0.832908
0.880836 0.888373 0.884944 0.815375 0.803260 0.841450
0.882464 0.887847 0.884374 0.816127 0.806125 0.836368
0.881987 0.888111 0.884712 0.815786 0.805061 0.838234
0.881711 0.888231 0.884891 0.815603 0.804316 0.839307
0.882595 0.887558 0.884123 0.815970 0.806354 0.835551
0.880739 0.888498 0.884983 0.815100 0.802713 0.842129
0.883322 0.887003 0.882980 0.815625 0.808048 0.831394
0.878161 0.888791 0.884714 0.813938 0.800394 0.845691
0.883357 0.884579 0.879865 0.814267 0.810557 0.823535
0.883680 0.885789 0.881674 0.814994 0.809718 0.827624
0.882931 0.887439 0.884236 0.815547 0.806808 0.835644
0.880811 0.888478 0.884916 0.814811 0.803093 0.842611
0.878224 0.888442 0.884599 0.813621 0.800610 0.846039
0.877828 0.888530 0.884460 0.813467 0.800226 0.846423
0.879720 0.888469 0.884678 0.814537 0.801919 0.844583
0.881935 0.888101 0.884764 0.815357 0.804811 0.839742
0.882990 0.887209 0.883788 0.815495 0.807355 0.834349
0.883448 0.886328 0.882595 0.815170 0.808868 0.830395
0.883422 0.886362 0.882517 0.815194 0.808877 0.830348
0.883064 0.887126 0.883562 0.815425 0.807609 0.833836
0.882375 0.888007 0.884619 0.815479 0.805472 0.838363
0.880889 0.888368 0.884785 0.814981 0.803324 0.841977
0.880003 0.888644 0.884932 0.814687 0.802133 0.843832
0.880134 0.888694 0.884988 0.814869 0.802327 0.843471
0.881180 0.888396 0.884827 0.815282 0.803620 0.841146
0.882306 0.888103 0.884542 0.815786 0.805486 0.838034
0.882721 0.887389 0.883997 0.815736 0.806920 0.834905
0.883028 0.887235 0.883536 0.815658 0.807584 0.833484
0.882950 0.887308 0.883779 0.815632 0.807284 0.834200
0.882643 0.887743 0.884389 0.815762 0.806325 0.836572
0.882053 0.888198 0.884733 0.815493 0.804958 0.839100
0.881250 0.888409 0.884862 0.815183 0.803736 0.841055
0.881031 0.888409 0.884911 0.815036 0.803326 0.841768
0.881261 0.888431 0.884928 0.815307 0.803669 0.841033
0.881925 0.888271 0.884789 0.815572 0.804725 0.839277
0.882421 0.888004 0.884503 0.815839 0.805823 0.837335
0.882585 0.887632 0.884194 0.815807 0.806467 0.835800
0.882685 0.887586 0.884178 0.815864 0.806567 0.835443
0.882523 0.887856 0.884343 0.815842 0.806263 0.836374
0.882271 0.888107 0.884496 0.815614 0.805422 0.837852
0.881882 0.888345 0.884788 0.815501 0.804570 0.839277
0.881527 0.888460 0.884933 0.815429 0.804105 0.840143
0.881524 0.888478 0.884930 0.815425 0.804098 0.840151
0.881815 0.888375 0.884854 0.815561 0.804472 0.839320
0.882158 0.888286 0.884630 0.815666 0.805067 0.838163
0.882367 0.888050 0.884513 0.815874 0.805811 0.837041
0.882424 0.887930 0.884403 0.815979 0.806071 0.836418
0.882406 0.887997 0.884445 0.815945 0.806055 0.836620
0.882280 0.888113 0.884506 0.815824 0.805551 0.837478
0.882089 0.888287 0.884671 0.815651 0.804978 0.838384
0.881870 0.888363 0.884797 0.815650 0.804592 0.839067
0.881800 0.888380 0.884814 0.815534 0.804397 0.839304
0.881906 0.888363 0.884781 0.815609 0.804632 0.839071
0.882103 0.888314 0.884672 0.815634 0.804980 0.838466
0.882278 0.888190 0.884522 0.815708 0.805378 0.837718
0.882380 0.888049 0.884522 0.815800 0.805701 0.837264
0.882393 0.888034 0.884528 0.815813 0.805727 0.837193
0.882326 0.888120 0.884548 0.815805 0.805511 0.837548
0.882219 0.888248 0.884585 0.815609 0.805125 0.838063
0.882068 0.888325 0.884736 0.815670 0.804858 0.838591
0.881979 0.888307 0.884789 0.815646 0.804788 0.838870
0.881971 0.888319 0.884789 0.815642 0.804767 0.838772
0.882120 0.888299 0.884704 0.815623 0.804900 0.838477
0.882206 0.888222 0.884611 0.815616 0.805126 0.838052
0.882320 0.888168 0.884556 0.815756 0.805372 0.837704
0.882339 0.888141 0.884567 0.815738 0.805459 0.837619
0.882290 0.888178 0.884533 0.815750 0.805349 0.837714
0.882242 0.888228 0.884580 0.815632 0.805187 0.838002
0.882157 0.888288 0.884634 0.815653 0.804981 0.838356
0.882073 0.888321 0.884705 0.815657 0.804877 0.838574
0.882070 0.888325 0.884712 0.815630 0.804868 0.838581
0.882141 0.888306 0.884645 0.815615 0.804965 0.838426
0.882252 0.888228 0.884586 0.815585 0.805149 0.838192
0.882276 0.888210 0.884551 0.815669 0.805269 0.837889
0.882285 0.888215 0.884549 0.815687 0.805376 0.837810
0.882270 0.888212 0.884558 0.815648 0.805348 0.837865
0.882267 0.888202 0.884609 0.815603 0.805233 0.838044
0.882206 0.888242 0.884617 0.815582 0.805120 0.838273
0.882177 0.888282 0.884636 0.815576 0.805038 0.838408
0.882162 0.888295 0.884631 0.815595 0.805021 0.838454
0.882170 0.888271 0.884632 0.815576 0.805097 0.838345
0.882234 0.888236 0.884605 0.815562 0.805168 0.838186
0.882292 0.888206 0.884611 0.815607 0.805251 0.837994
0.882271 0.888234 0.884575 0.815614 0.805274 0.837919
0.882287 0.888222 0.884573 0.815614 0.805259 0.837945
0.882263 0.888199 0.884621 0.815573 0.805212 0.838064
0.882214 0.888230 0.884602 0.815537 0.805132 0.838250
0.882192 0.888272 0.884635 0.815576 0.805109 0.838366
0.882195 0.888268 0.884652 0.815578 0.805094 0.838376
0.882209 0.888254 0.884610 0.815571 0.805129 0.838316
0.882252 0.888227 0.884594 0.815561 0.805155 0.838189
0.882267 0.888215 0.884606 0.815599 0.805204 0.838033
0.882299 0.888218 0.884574 0.815629 0.805219 0.837997
0.882279 0.888226 0.884581 0.815592 0.805203 0.838038
0.882257 0.888214 0.884610 0.815551 0.805161 0.838169
0.882225 0.888237 0.884621 0.815533 0.805127 0.838271
0.882195 0.888258 0.884633 0.815555 0.805117 0.838342
0.882208 0.888250 0.884633 0.815555 0.805118 0.838331
0.882225 0.888238 0.884617 0.815549 0.805129 0.838251
0.882267 0.888215 0.884598 0.815549 0.805164 0.838165
0.882267 0.888210 0.884610 0.815591 0.805195 0.838080
0.882266 0.888234 0.884601 0.815597 0.805189 0.838076
0.882271 0.888218 0.884615 0.815573 0.805186 0.838106
0.882258 0.888213 0.884601 0.815541 0.805132 0.838205
0.882225 0.888242 0.884621 0.815550 0.805118 0.838270
0.882219 0.888242 0.884625 0.815539 0.805126 0.838281
0.882231 0.888238 0.884617 0.815549 0.805137 0.838258
0.882265 0.888207 0.884598 0.815569 0.805150 0.838215
0.882262 0.888226 0.884605 0.815578 0.805178 0.838137
0.882270 0.888229 0.884618 0.815587 0.805199 0.838118
0.882274 0.888234 0.884605 0.815587 0.805195 0.838132
0.882269 0.888229 0.884596 0.815564 0.805166 0.838202
0.882255 0.888214 0.884621 0.815557 0.805137 0.838247
0.882229 0.888249 0.884640 0.815546 0.805131 0.838254
0.882235 0.888241 0.884641 0.815535 0.805138 0.838262
0.882270 0.888222 0.884608 0.815570 0.805159 0.838248
0.882275 0.888241 0.884600 0.815553 0.805180 0.838197
0.882286 0.888237 0.884600 0.815569 0.805205 0.838159
0.882286 0.888233 0.884600 0.815569 0.805202 0.838163
0.882285 0.888237 0.884596 0.815569 0.805172 0.838206
0.882263 0.888242 0.884616 0.815575 0.805173 0.838233
0.882241 0.888245 0.884648 0.815537 0.805175 0.838243
0.882245 0.888249 0.884644 0.815543 0.805172 0.838246
0.882248 0.888245 0.884640 0.815550 0.805169 0.838228
0.882266 0.888246 0.884632 0.815559 0.805180 0.838216
0.882275 0.888245 0.884612 0.815551 0.805188 0.838209
0.882267 0.888241 0.884603 0.815555 0.805181 0.838213
0.882271 0.888245 0.884603 0.815566 0.805184 0.838213
0.882272 0.888242 0.884621 0.815572 0.805166 0.838212
0.882247 0.888249 0.884636 0.815565 0.805172 0.838236
0.882250 0.888241 0.884648 0.815570 0.805181 0.838236
0.882256 0.888253 0.884644 0.815558 0.805178 0.838232
0.882268 0.888245 0.884640 0.815559 0.805176 0.838224
0.882257 0.888249 0.884627 0.815571 0.805183 0.838213
0.882264 0.888245 0.884623 0.815576 0.805189 0.838217
0.882266 0.888245 0.884610 0.815582 0.805189 0.838221
0.882263 0.888253 0.884597 0.815575 0.805196 0.838221
0.882261 0.888241 0.884622 0.815575 0.805183 0.838225
0.882261 0.888241 0.884639 0.815564 0.805184 0.838225
0.882258 0.888244 0.884639 0.815570 0.805183 0.838236
0.882258 0.888240 0.884639 0.815574 0.805187 0.838236
0.882260 0.888245 0.884627 0.815570 0.805203 0.838236
0.882267 0.888249 0.884602 0.815570 0.805210 0.838229
0.882264 0.888253 0.884602 0.815565 0.805209 0.838225
0.882261 0.888253 0.884602 0.815560 0.805205 0.838233
0.882254 0.888253 0.884606 0.815571 0.805212 0.838228
0.882265 0.888245 0.884614 0.815567 0.805200 0.838244
0.882262 0.888249 0.884622 0.815572 0.805190 0.838248
0.882256 0.888257 0.884622 0.815577 0.805186 0.838244
0.882246 0.888257 0.884615 0.815580 0.805196 0.838241
0.882252 0.888261 0.884610 0.815570 0.805192 0.838250
0.882248 0.888257 0.884610 0.815564 0.805198 0.838243
0.882251 0.888257 0.884610 0.815569 0.805195 0.838243
0.882251 0.888248 0.884610 0.815559 0.805192 0.838247
0.882248 0.888248 0.884610 0.815563 0.805191 0.838246
0.882245 0.888245 0.884614 0.815562 0.805197 0.838246
0.882242 0.888248 0.884614 0.815562 0.805197 0.838242
0.882248 0.888245 0.884614 0.815562 0.805194 0.838238
0.882251 0.888245 0.884614 0.815572 0.805192 0.838234
0.882251 0.888245 0.884614 0.815583 0.805198 0.838229
0.882251 0.888245 0.884614 0.815583 0.805201 0.838233
0.882248 0.888245 0.884614 0.815583 0.805200 0.838244
0.882248 0.888241 0.884614 0.815583 0.805200 0.838248
0.882245 0.888237 0.884614 0.815577 0.805203 0.838252
0.882248 0.888237 0.884622 0.815586 0.805202 0.838252
0.882251 0.888241 0.884622 0.815591 0.805198 0.838252
0.882244 0.888245 0.884622 0.815595 0.805195 0.838252
0.882238 0.888241 0.884630 0.815595 0.805189 0.838251
0.882238 0.888241 0.884630 0.815600 0.805189 0.838247
0.882238 0.888245 0.884634 0.815600 0.805189 0.838247
0.882231 0.888241 0.884625 0.815600 0.805186 0.838247
0.882221 0.888241 0.884630 0.815600 0.805192 0.838259
0.882227 0.888241 0.884634 0.815590 0.805189 0.838267
0.882224 0.888241 0.884638 0.815590 0.805182 0.838262
0.882217 0.888245 0.884634 0.815589 0.805182 0.838270
0.882214 0.888244 0.884634 0.815583 0.805179 0.838274
0.882217 0.888244 0.884634 0.815583 0.805182 0.838274
0.882217 0.888241 0.884633 0.815593 0.805182 0.838274
0.882221 0.888245 0.884642 0.815588 0.805185 0.838270
0.882221 0.888241 0.884642 0.815588 0.805185 0.838270
0.882217 0.888241 0.884645 0.815588 0.805189 0.838274
0.882217 0.888233 0.884645 0.815582 0.805182 0.838274
0.882214 0.888237 0.884645 0.815565 0.805184 0.838275
0.882207 0.888237 0.884645 0.815565 0.805177 0.838270
0.882214 0.888237 0.884645 0.815576 0.805177 0.838274
0.882214 0.888237 0.884645 0.815586 0.805173 0.838283
0.882214 0.888233 0.884645 0.815587 0.805164 0.838283
0.882208 0.888233 0.884642 0.815576 0.805160 0.838290
0.882208 0.888237 0.884642 0.815581 0.805157 0.838290
0.882208 0.888237 0.884642 0.815576 0.805163 0.838290
0.882205 0.888242 0.884642 0.815586 0.805163 0.838282
0.882208 0.888237 0.884654 0.815580 0.805160 0.838286
0.882208 0.888237 0.884654 0.815574 0.805166 0.838286
0.882211 0.888237 0.884650 0.815574 0.805166 0.838283
0.882211 0.888241 0.884650 0.815580 0.805170 0.838286
0.882205 0.888241 0.884654 0.815574 0.805173 0.838283
0.882202 0.888237 0.884650 0.815585 0.805170 0.838286
0.882205 0.888242 0.884650 0.815585 0.805173 0.838274
0.882208 0.888245 0.884650 0.815590 0.805173 0.838267
0.882211 0.888253 0.884650 0.815590 0.805165 0.838259
0.882210 0.888249 0.884654 0.815595 0.805165 0.838274
0.882207 0.888245 0.884654 0.815596 0.805165 0.838278
0.882207 0.888245 0.884645 0.815596 0.805162 0.838286
0.882200 0.888245 0.884645 0.815601 0.805162 0.838291
0.882196 0.888241 0.884645 0.815605 0.805162 0.838286
0.882196 0.888245 0.884645 0.815615 0.805162 0.838286
0.882196 0.888248 0.884654 0.815598 0.805152 0.838286
0.882196 0.888248 0.884662 0.815609 0.805149 0.838287
0.882196 0.888248 0.884658 0.815597 0.805145 0.838299
0.882196 0.888248 0.884654 0.815603 0.805145 0.838303
0.882200 0.888252 0.884654 0.815597 0.805145 0.838303
0.882200 0.888252 0.884654 0.815608 0.805137 0.838311
0.882203 0.888245 0.884654 0.815608 0.805133 0.838316
0.882203 0.888241 0.884654 0.815608 0.805136 0.838316
0.882203 0.888244 0.884650 0.815612 0.805129 0.838316
0.882196 0.888240 0.884655 0.815618 0.805119 0.838321
0.882196 0.888236 0.884650 0.815608 0.805115 0.838316
0.882193 0.888240 0.884650 0.815608 0.805115 0.838320
0.882193 0.888243 0.884646 0.815613 0.805115 0.838320
0.882189 0.888248 0.884638 0.815608 0.805122 0.838315
0.882202 0.888248 0.884634 0.815608 0.805116 0.838324
0.882202 0.888252 0.884638 0.815608 0.805116 0.838319
0.882205 0.888252 0.884642 0.815608 0.805116 0.838318
0.882202 0.888252 0.884642 0.815596 0.805108 0.838318
0.882202 0.888251 0.884642 0.815596 0.805108 0.838318
0.882202 0.888247 0.884642 0.815591 0.805105 0.838318
0.882205 0.888251 0.884646 0.815591 0.805101 0.838318
0.882202 0.888259 0.884642 0.815611 0.805104 0.838318
0.882209 0.888254 0.884646 0.815610 0.805111 0.838309
0.882208 0.888243 0.884646 0.815610 0.805109 0.838301
0.882215 0.888243 0.884646 0.815606 0.805109 0.838293
0.882215 0.888243 0.884639 0.815606 0.805112 0.838293
0.882215 0.888247 0.884639 0.815606 0.805116 0.838293
0.882215 0.888243 0.884643 0.815606 0.805112 0.838293
0.882215 0.888239 0.884650 0.815617 0.805109 0.838297
0.882215 0.888239 0.884642 0.815617 0.805112 0.838305
0.882212 0.888239 0.884638 0.815611 0.805115 0.838301
0.882208 0.888235 0.884630 0.815611 0.805112 0.838297
0.882208 0.888235 0.884630 0.815601 0.805116 0.838297
0.882208 0.888239 0.884630 0.815607 0.805126 0.838301
0.882211 0.888234 0.884638 0.815607 0.805122 0.838301
0.882215 0.888234 0.884643 0.815607 0.805114 0.838301
0.882215 0.888238 0.884643 0.815607 0.805124 0.838301
0.882215 0.888246 0.884643 0.815607 0.805121 0.838292
0.882215 0.888242 0.884638 0.815597 0.805128 0.838292
0.882215 0.888242 0.884638 0.815597 0.805127 0.838292
0.882218 0.888242 0.884634 0.815602 0.805128 0.838287
0.882218 0.888242 0.884634 0.815602 0.805121 0.838283
0.882218 0.888242 0.884629 0.815592 0.805124 0.838280
0.882224 0.888242 0.884621 0.815596 0.805127 0.838272
0.882224 0.888242 0.884625 0.815596 0.805126 0.838273
0.882224 0.888242 0.884620 0.815596 0.805122 0.838269
0.882230 0.888246 0.884616 0.815595 0.805125 0.838269
0.882227 0.888246 0.884616 0.815601 0.805131 0.838277
0.882227 0.888246 0.884621 0.815606 0.805131 0.838273
0.882221 0.888246 0.884621 0.815611 0.805139 0.838276
0.882221 0.888250 0.884621 0.815606 0.805139 0.838272
0.882231 0.888258 0.884625 0.815610 0.805135 0.838264
0.882231 0.888258 0.884621 0.815610 0.805138 0.838261
0.882228 0.888258 0.884616 0.815619 0.805137 0.838261
0.882228 0.888254 0.884608 0.815620 0.805137 0.838261
0.882231 0.888254 0.884616 0.815625 0.805141 0.838257
0.882231 0.888254 0.884612 0.815610 0.805144 0.838253
0.882231 0.888250 0.884612 0.815605 0.805144 0.838253
0.882231 0.888250 0.884608 0.815605 0.805147 0.838257
0.882231 0.888254 0.884608 0.815609 0.805147 0.838261
0.882231 0.888254 0.884616 0.815608 0.805147 0.838261
0.882231 0.888254 0.884616 0.815602 0.805153 0.838264
0.882231 0.888250 0.884616 0.815602 0.805150 0.838264
0.882231 0.888250 0.884612 0.815614 0.805153 0.838261
0.882231 0.888250 0.884612 0.815619 0.805153 0.838256
0.882231 0.888242 0.884608 0.815619 0.805147 0.838252
0.882231 0.888242 0.884612 0.815615 0.805155 0.838252
0.882234 0.888246 0.884612 0.815615 0.805164 0.838248
0.882234 0.888250 0.884612 0.815619 0.805160 0.838248
0.882234 0.888246 0.884612 0.815624 0.805160 0.838248
0.882230 0.888246 0.884612 0.815630 0.805160 0.838243
0.882230 0.888254 0.884616 0.815634 0.805143 0.838243
0.882233 0.888254 0.884620 0.815634 0.805143 0.838239
0.882237 0.888254 0.884619 0.815633 0.805146 0.838247
0.882233 0.888254 0.884619 0.815633 0.805143 0.838255
0.882233 0.888249 0.884619 0.815628 0.805136 0.838262
0.882227 0.888246 0.884619 0.815631 0.805142 0.838262
0.882231 0.888249 0.884623 0.815631 0.805142 0.838261
0.882231 0.888249 0.884623 0.815625 0.805142 0.838262
0.882228 0.888249 0.884619 0.815631 0.805146 0.838258
0.882228 0.888241 0.884620 0.815625 0.805146 0.838246
0.882228 0.888245 0.884623 0.815625 0.805149 0.838251
0.882228 0.888245 0.884632 0.815630 0.805149 0.838251
0.882224 0.888242 0.884627 0.815630 0.805153 0.838259
0.882227 0.888242 0.884627 0.815624 0.805153 0.838259
0.882228 0.888242 0.884627 0.815624 0.805150 0.838263
0.882225 0.888242 0.884627 0.815624 0.805150 0.838259
0.882222 0.888242 0.884623 0.815620 0.805159 0.838255
0.882225 0.888242 0.884627 0.815620 0.805159 0.838254
0.882225 0.888245 0.884631 0.815624 0.805156 0.838254
0.882225 0.888245 0.884631 0.815624 0.805156 0.838253
0.882225 0.888245 0.884635 0.815624 0.805156 0.838241
0.882228 0.888246 0.884635 0.815630 0.805152 0.838233
0.882228 0.888246 0.884627 0.815625 0.805152 0.838236
0.882228 0.888242 0.884635 0.815626 0.805156 0.838240
0.882228 0.888238 0.884639 0.815626 0.805159 0.838236
0.882228 0.888246 0.884639 0.815632 0.805148 0.838228
0.882228 0.888246 0.884643 0.815632 0.805151 0.838223
0.882228 0.888246 0.884643 0.815632 0.805154 0.838227
0.882231 0.888242 0.884643 0.815632 0.805158 0.838223
0.882234 0.888249 0.884643 0.815632 0.805161 0.838214
0.882230 0.888241 0.884643 0.815632 0.805154 0.838217
0.882233 0.888241 0.884651 0.815626 0.805154 0.838208
0.882233 0.888241 0.884647 0.815636 0.805150 0.838214
0.882237 0.888245 0.884647 0.815636 0.805147 0.838210
0.882237 0.888245 0.884651 0.815629 0.805147 0.838201
0.882237 0.888245 0.884655 0.815624 0.805143 0.838197
0.882237 0.888257 0.884660 0.815634 0.805147 0.838205
0.882237 0.888265 0.884660 0.815634 0.805140 0.838209
0.882237 0.888265 0.884660 0.815634 0.805140 0.838201
0.882234 0.888261 0.884660 0.815634 0.805134 0.838201
0.882237 0.888265 0.884660 0.815634 0.805134 0.838206
0.882234 0.888261 0.884656 0.815634 0.805130 0.838201
0.882231 0.888253 0.884647 0.815642 0.805129 0.838201
0.882234 0.888253 0.884647 0.815646 0.805129 0.838196
0.882234 0.888253 0.884647 0.815662 0.805132 0.838196
0.882238 0.888256 0.884647 0.815672 0.805132 0.838196
0.882238 0.888256 0.884651 0.815682 0.805136 0.838184
0.882241 0.888260 0.884655 0.815682 0.805129 0.838180
0.882241 0.888256 0.884655 0.815682 0.805129 0.838187
0.882247 0.888256 0.884647 0.815687 0.805129 0.838183
0.882244 0.888256 0.884651 0.815693 0.805120 0.838182
0.882244 0.888261 0.884642 0.815693 0.805120 0.838186
0.882244 0.888261 0.884635 0.815693 0.805117 0.838186
0.882244 0.888265 0.884638 0.815687 0.805113 0.838183
0.882244 0.888265 0.884638 0.815692 0.805103 0.838183
0.882238 0.888253 0.884642 0.815692 0.805103 0.838179
0.882238 0.888248 0.884630 0.815692 0.805097 0.838182
0.882238 0.888253 0.884634 0.815692 0.805097 0.838179
0.882235 0.888257 0.884634 0.815691 0.805107 0.838187
0.882235 0.888257 0.884643 0.815691 0.805100 0.838182
0.882235 0.888257 0.884651 0.815691 0.805107 0.838182
0.882235 0.888245 0.884667 0.815697 0.805109 0.838182
0.882235 0.888245 0.884671 0.815691 0.805112 0.838173
0.882235 0.888248 0.884671 0.815691 0.805115 0.838173
0.882235 0.888248 0.884671 0.815701 0.805115 0.838169
0.882235 0.888253 0.884671 0.815706 0.805115 0.838173
0.882235 0.888253 0.884675 0.815700 0.805118 0.838181
0.882232 0.888253 0.884679 0.815700 0.805118 0.838176
0.882232 0.888257 0.884683 0.815706 0.805118 0.838176
0.882232 0.888261 0.884683 0.815711 0.805125 0.838184
0.882229 0.888252 0.884683 0.815702 0.805124 0.838180
0.882229 0.888252 0.884683 0.815708 0.805115 0.838189
0.882229 0.888252 0.884679 0.815712 0.805118 0.838189
0.882229 0.888256 0.884675 0.815707 0.805121 0.838184
0.882232 0.888256 0.884675 0.815700 0.805124 0.838184
0.882232 0.888256 0.884675 0.815700 0.805131 0.838184
0.882232 0.888256 0.884675 0.815700 0.805127 0.838176
0.882229 0.888252 0.884675 0.815700 0.805127 0.838180
0.882232 0.888252 0.884675 0.815705 0.805127 0.838180
0.882232 0.888252 0.884675 0.815705 0.805131 0.838176
0.882238 0.888256 0.884671 0.815705 0.805134 0.838167
0.882241 0.888256 0.884667 0.815705 0.805134 0.838170
0.882238 0.888252 0.884667 0.815705 0.805134 0.838178
0.882238 0.888252 0.884663 0.815705 0.805130 0.838178
0.882242 0.888248 0.884671 0.815705 0.805131 0.838174
0.882242 0.888248 0.884671 0.815705 0.805130 0.838174
0.882242 0.888248 0.884668 0.815710 0.805130 0.838170
0.882242 0.888253 0.884668 0.815710 0.805130 0.838162
0.882242 0.888253 0.884672 0.815716 0.805126 0.838162
0.882242 0.888257 0.884672 0.815716 0.805123 0.838161
0.882239 0.888257 0.884672 0.815722 0.805116 0.838161
0.882239 0.888253 0.884669 0.815717 0.805116 0.838157
0.882239 0.888257 0.884669 0.815717 0.805113 0.838169
0.882232 0.888257 0.884664 0.815717 0.805116 0.838166
0.882232 0.888253 0.884660 0.815717 0.805119 0.838162
0.882232 0.888253 0.884660 0.815722 0.805115 0.838166
0.882236 0.888253 0.884664 0.815726 0.805110 0.838173
0.882236 0.888257 0.884681 0.815725 0.805114 0.838177
0.882232 0.888257 0.884681 0.815731 0.805114 0.838173
0.882229 0.888254 0.884677 0.815726 0.805110 0.838174
0.882229 0.888254 0.884681 0.815726 0.805111 0.838179
0.882229 0.888254 0.884672 0.815722 0.805111 0.838179
0.882232 0.888249 0.884664 0.815726 0.805101 0.838166
0.882232 0.888253 0.884672 0.815726 0.805104 0.838170
0.882236 0.888254 0.884668 0.815722 0.805108 0.838167
0.882233 0.888254 0.884672 0.815722 0.805104 0.838163
0.882233 0.888254 0.884672 0.815722 0.805104 0.838167
0.882230 0.888258 0.884664 0.815727 0.805104 0.838164
0.882236 0.888257 0.884668 0.815727 0.805107 0.838159
0.882236 0.888257 0.884664 0.815722 0.805107 0.838164
0.882233 0.888257 0.884664 0.815716 0.805114 0.838148
0.882233 0.888253 0.884668 0.815716 0.805114 0.838143
0.882236 0.888265 0.884664 0.815722 0.805114 0.838143
0.882236 0.888273 0.884664 0.815716 0.805104 0.838148
0.882229 0.888273 0.884673 0.815716 0.805104 0.838159
0.882233 0.888273 0.884669 0.815721 0.805104 0.838164
0.882230 0.888265 0.884673 0.815721 0.805101 0.838156
0.882230 0.888261 0.884665 0.815721 0.805106 0.838152
0.882237 0.888257 0.884669 0.815721 0.805105 0.838152
0.882234 0.888257 0.884664 0.815725 0.805108 0.838164
0.882237 0.888257 0.884669 0.815725 0.805105 0.838164
0.882240 0.888261 0.884669 0.815730 0.805096 0.838167
0.882240 0.888253 0.884669 0.815736 0.805103 0.838163
0.882243 0.888249 0.884664 0.815738 0.805110 0.838167
0.882246 0.888245 0.884664 0.815736 0.805113 0.838164
0.882243 0.888241 0.884659 0.815741 0.805108 0.838164
0.882243 0.888241 0.884651 0.815731 0.805109 0.838164
0.882240 0.888241 0.884647 0.815751 0.805110 0.838168
0.882237 0.888241 0.884664 0.815751 0.805110 0.838168
0.882234 0.888245 0.884660 0.815751 0.805106 0.838167
0.882234 0.888245 0.884656 0.815751 0.805102 0.838163
0.882237 0.888236 0.884661 0.815751 0.805112 0.838164
0.882234 0.888244 0.884665 0.815746 0.805115 0.838164
0.882237 0.888248 0.884664 0.815751 0.805115 0.838163
0.882237 0.888248 0.884664 0.815762 0.805111 0.838178
0.882237 0.888248 0.884668 0.815756 0.805112 0.838178
0.882236 0.888248 0.884672 0.815756 0.805115 0.838183
0.882236 0.888248 0.884672 0.815762 0.805121 0.838182
0.882236 0.888244 0.884672 0.815762 0.805127 0.838182
0.882236 0.888248 0.884668 0.815756 0.805127 0.838177
0.882236 0.888253 0.884672 0.815765 0.805127 0.838181
0.882236 0.888253 0.884676 0.815765 0.805117 0.838197
0.882233 0.888245 0.884676 0.815765 0.805121 0.838208
0.882233 0.888249 0.884676 0.815771 0.805117 0.838208
0.882230 0.888249 0.884671 0.815771 0.805120 0.838199
0.882230 0.888249 0.884671 0.815775 0.805117 0.838187
0.882233 0.888249 0.884671 0.815770 0.805116 0.838202
0.882226 0.888249 0.884671 0.815765 0.805113 0.838214
0.882226 0.888250 0.884671 0.815770 0.805113 0.838205
0.882229 0.888249 0.884671 0.815770 0.805116 0.838197
0.882233 0.888249 0.884680 0.815770 0.805119 0.838189
0.882229 0.888249 0.884680 0.815770 0.805116 0.838192
0.882223 0.888250 0.884675 0.815770 0.805120 0.838187
0.882223 0.888250 0.884671 0.815774 0.805123 0.838183
0.882223 0.888250 0.884671 0.815774 0.805126 0.838178
0.882223 0.888242 0.884671 0.815770 0.805126 0.838174
0.882223 0.888242 0.884671 0.815770 0.805126 0.838174
0.882223 0.888237 0.884671 0.815770 0.805129 0.838178
0.882223 0.888237 0.884667 0.815770 0.805129 0.838177
0.882220 0.888237 0.884675 0.815770 0.805126 0.838176
0.882223 0.888237 0.884675 0.815770 0.805126 0.838173
0.882220 0.888237 0.884675 0.815770 0.805130 0.838166
0.882220 0.888237 0.884675 0.815765 0.805127 0.838170
0.882220 0.888237 0.884675 0.815765 0.805127 0.838170
0.882223 0.888237 0.884679 0.815770 0.805127 0.838170
0.882220 0.888246 0.884679 0.815770 0.805120 0.838165
0.882223 0.888246 0.884683 0.815765 0.805123 0.838169
0.882223 0.888246 0.884688 0.815765 0.805123 0.838178
0.882220 0.888246 0.884688 0.815766 0.805129 0.838169
0.882220 0.888250 0.884692 0.815761 0.805129 0.838165
0.882223 0.888254 0.884692 0.815761 0.805126 0.838168
0.882223 0.888254 0.884692 0.815766 0.805123 0.838176
0.882226 0.888250 0.884692 0.815766 0.805126 0.838167
0.882223 0.888250 0.884692 0.815771 0.805126 0.838172
0.882224 0.888254 0.884700 0.815771 0.805126 0.838172
0.882221 0.888254 0.884704 0.815771 0.805122 0.838175
0.882221 0.888254 0.884704 0.815766 0.805119 0.838179
0.882214 0.888258 0.884704 0.815766 0.805115 0.838184
0.882214 0.888254 0.884704 0.815755 0.805108 0.838175
0.882207 0.888257 0.884705 0.815755 0.805108 0.838171
0.882210 0.888257 0.884705 0.815755 0.805108 0.838167
0.882207 0.888249 0.884705 0.815759 0.805111 0.838167
0.882200 0.888253 0.884700 0.815765 0.805105 0.838157
0.882197 0.888257 0.884700 0.815759 0.805105 0.838169
0.882197 0.888261 0.884700 0.815761 0.805102 0.838182
0.882191 0.888262 0.884700 0.815772 0.805102 0.838182
0.882195 0.888262 0.884709 0.815772 0.805105 0.838187
0.882191 0.888273 0.884705 0.815766 0.805112 0.838178
0.882191 0.888273 0.884713 0.815771 0.805112 0.838183
0.882198 0.888265 0.884713 0.815771 0.805116 0.838188
0.882201 0.888265 0.884717 0.815771 0.805115 0.838184
0.882205 0.888261 0.884717 0.815771 0.805115 0.838196
0.882205 0.888261 0.884717 0.815771 0.805118 0.838192
0.882211 0.888265 0.884717 0.815771 0.805114 0.838187
0.882221 0.888265 0.884717 0.815771 0.805111 0.838187
0.882217 0.888269 0.884713 0.815771 0.805108 0.838182
0.882214 0.888269 0.884713 0.815775 0.805111 0.838182
0.882211 0.888269 0.884713 0.815775 0.805111 0.838177
0.882208 0.888273 0.884713 0.815771 0.805114 0.838180
0.882208 0.888273 0.884717 0.815771 0.805108 0.838180
0.882205 0.888277 0.884712 0.815775 0.805099 0.838176
0.882205 0.888289 0.884712 0.815776 0.805091 0.838172
0.882208 0.888289 0.884712 0.815776 0.805087 0.838172
0.882208 0.888289 0.884708 0.815776 0.805087 0.838167
0.882204 0.888301 0.884708 0.815776 0.805083 0.838171
0.882197 0.888301 0.884712 0.815776 0.805083 0.838169
0.882194 0.888292 0.884712 0.815776 0.805079 0.838173
0.882191 0.888289 0.884712 0.815773 0.805082 0.838166
0.882190 0.888285 0.884712 0.815773 0.805078 0.838169
0.882184 0.888285 0.884717 0.815773 0.805084 0.838169
0.882184 0.888288 0.884716 0.815773 0.805081 0.838164
0.882181 0.888288 0.884711 0.815772 0.805081 0.838160
0.882184 0.888288 0.884716 0.815772 0.805081 0.838156
0.882181 0.888288 0.884712 0.815773 0.805077 0.838153
0.882184 0.888292 0.884712 0.815767 0.805080 0.838141
0.882185 0.888292 0.884707 0.815767 0.805075 0.838136
0.882185 0.888288 0.884703 0.815767 0.805072 0.838141
0.882185 0.888288 0.884694 0.815763 0.805069 0.838141
0.882185 0.888284 0.884694 0.815763 0.805066 0.838137
0.882185 0.888284 0.884690 0.815767 0.805062 0.838141
0.882195 0.888280 0.884685 0.815766 0.805071 0.838137
0.882198 0.888272 0.884689 0.815757 0.805071 0.838134
0.882204 0.888267 0.884689 0.815748 0.805081 0.838130
0.882204 0.888267 0.884693 0.815748 0.805084 0.838134
0.882208 0.888267 0.884697 0.815748 0.805077 0.838129
0.882205 0.888279 0.884710 0.815757 0.805074 0.838137
0.882202 0.888275 0.884710 0.815762 0.805070 0.838137
0.882209 0.888275 0.884714 0.815762 0.805069 0.838142
0.882209 0.888275 0.884718 0.815762 0.805072 0.838138
0.882209 0.888275 0.884714 0.815756 0.805076 0.838142
0.882209 0.888271 0.884711 0.815751 0.805076 0.838146
