0.009268 0.010310 0.016000 0.017773 0.010702 0.012283
0.345872 0.269708 0.302381 0.386329 0.348415 0.375321
0.262556 0.255361 0.279716 0.362830 0.283437 0.307734
0.000000 0.000000 0.000000 0.000000 0.000000 0.000000
0.000000 0.000000 0.000000 0.000000 0.000000 0.000000
0.000000 0.000000 0.000000 0.000000 0.000000 0.000000
0.028608 0.022166 0.030748 0.028258 0.033204 0.027538
0.096513 0.080368 0.105635 0.110212 0.114753 0.093148
0.115653 0.097723 0.126013 0.136932 0.136730 0.111305
0.146816 0.127320 0.157129 0.176635 0.171245 0.140260
0.227461 0.206781 0.232240 0.273614 0.247724 0.218489
0.357188 0.347334 0.347090 0.425095 0.362498 0.344440
0.276558 0.261525 0.280905 0.338412 0.291469 0.268896
0.315897 0.308032 0.317878 0.386014 0.326506 0.309101
0.418578 0.422549 0.405473 0.495677 0.409962 0.408355
0.410592 0.416838 0.402413 0.491946 0.404308 0.403800
0.384747 0.394092 0.382664 0.470533 0.384868 0.381961
0.398370 0.410020 0.395758 0.489424 0.396181 0.398655
0.453787 0.463054 0.442597 0.544884 0.438157 0.454956
0.532612 0.521849 0.497581 0.608044 0.491134 0.525987
0.456464 0.464204 0.441553 0.542238 0.440348 0.454457
0.427490 0.435705 0.416752 0.511726 0.417893 0.423489
0.447005 0.453079 0.430903 0.526935 0.432071 0.440138
0.490534 0.490704 0.463827 0.565371 0.462374 0.482076
0.535776 0.525841 0.495816 0.600968 0.493128 0.523333
0.550623 0.535735 0.505543 0.612508 0.502845 0.536396
0.532470 0.524896 0.495903 0.600761 0.492110 0.522639
0.523523 0.518961 0.491969 0.595472 0.486377 0.516603
0.545519 0.534600 0.508769 0.613574 0.502438 0.537932
0.579812 0.553737 0.530848 0.637835 0.523564 0.568067
0.590406 0.558587 0.537565 0.645417 0.532062 0.579426
0.580166 0.556464 0.533002 0.637489 0.527279 0.571904
0.581386 0.558209 0.535735 0.637415 0.529051 0.574617
0.601757 0.567477 0.551874 0.651184 0.543573 0.595683
0.609256 0.571792 0.561442 0.655989 0.550186 0.605666
0.593189 0.572206 0.560589 0.644677 0.542165 0.594551
0.614258 0.584097 0.579528 0.654421 0.556779 0.611020
0.642406 0.583281 0.591944 0.655035 0.577593 0.632071
0.538294 0.546372 0.523296 0.592138 0.504997 0.545166
0.591948 0.577440 0.575003 0.632871 0.556367 0.593403
0.631658 0.606847 0.601481 0.662146 0.578202 0.629524
0.635464 0.607600 0.594216 0.662012 0.571766 0.629513
0.648508 0.605220 0.603258 0.667389 0.580514 0.639223
0.662765 0.607620 0.616157 0.676169 0.595699 0.651851
0.651740 0.622148 0.616119 0.671635 0.581750 0.644707
0.653209 0.625364 0.623911 0.674115 0.588482 0.649331
0.664835 0.626891 0.632011 0.679498 0.599874 0.659223
0.596135 0.586111 0.566316 0.619431 0.516643 0.600430
0.686121 0.623157 0.640839 0.689851 0.614803 0.675865
0.668731 0.631666 0.630644 0.679853 0.586154 0.659145
0.671136 0.631215 0.634047 0.680455 0.592542 0.658316
0.681970 0.624322 0.636042 0.685273 0.612119 0.664627
0.672003 0.635150 0.635813 0.683748 0.594465 0.663442
0.662352 0.635443 0.630399 0.677890 0.584328 0.658149
0.669375 0.639356 0.641932 0.684412 0.596342 0.665619
0.668536 0.632051 0.641306 0.682440 0.600997 0.660283
0.666895 0.635329 0.641843 0.680205 0.592190 0.657321
0.689001 0.643838 0.654404 0.690014 0.603600 0.674779
0.703486 0.640298 0.659748 0.694865 0.613251 0.685883
0.671554 0.648875 0.648462 0.686117 0.578526 0.668908
0.701966 0.641828 0.659014 0.695228 0.620198 0.681779
0.619072 0.620480 0.610745 0.649578 0.531061 0.626394
0.689862 0.575728 0.616195 0.659569 0.625629 0.650839
0.597315 0.604749 0.585426 0.629872 0.515296 0.601105
0.599856 0.605910 0.584373 0.633265 0.525281 0.603812
0.687563 0.645304 0.652872 0.692843 0.612179 0.679517
0.692651 0.632097 0.652509 0.691690 0.629731 0.680401
0.677359 0.636425 0.646424 0.685963 0.610702 0.667139
0.622238 0.611701 0.610528 0.654068 0.559414 0.625202
0.606790 0.606831 0.599893 0.643237 0.542154 0.612778
0.662235 0.639733 0.637122 0.675731 0.580283 0.651654
0.690393 0.639249 0.649997 0.689554 0.603600 0.672973
0.696241 0.632688 0.650317 0.691583 0.610498 0.680826
0.699245 0.642877 0.655943 0.695838 0.609355 0.685058
0.682907 0.650433 0.652526 0.690863 0.586610 0.672792
0.651668 0.640174 0.635311 0.674728 0.556595 0.651305
0.677860 0.650452 0.653524 0.688790 0.581201 0.668814
0.708844 0.654253 0.667454 0.699695 0.610963 0.686536
0.712680 0.651984 0.670830 0.700709 0.610140 0.689068
0.696615 0.656396 0.667656 0.697326 0.587572 0.681966
0.703352 0.663965 0.675769 0.702899 0.591901 0.692190
0.701015 0.666692 0.673050 0.700419 0.590909 0.673844
0.669406 0.660383 0.667053 0.693556 0.546659 0.679584
0.725443 0.676883 0.692488 0.709858 0.604201 0.704304
0.715849 0.675903 0.694381 0.705010 0.592488 0.706106
0.724720 0.683437 0.701165 0.708481 0.599611 0.702098
0.718044 0.684070 0.698757 0.708893 0.588370 0.696217
0.710086 0.679327 0.695254 0.701715 0.597200 0.686315
0.687101 0.677959 0.691811 0.696308 0.556678 0.701823
0.595272 0.506580 0.476773 0.513875 0.569606 0.395368
0.481627 0.545606 0.563256 0.594368 0.395602 0.608220
0.718790 0.636554 0.675395 0.699520 0.617733 0.700589
0.637668 0.611369 0.618543 0.663255 0.561512 0.634637
0.546053 0.560948 0.560365 0.603108 0.496297 0.555837
0.538453 0.554818 0.551039 0.595225 0.489281 0.542363
0.572514 0.579135 0.568856 0.617607 0.515956 0.564859
0.598520 0.595187 0.582556 0.633271 0.537772 0.584200
0.625646 0.613080 0.600747 0.651414 0.559537 0.609687
0.635653 0.621268 0.611181 0.659404 0.564712 0.625433
0.627408 0.617605 0.610196 0.656308 0.554372 0.625579
0.626597 0.618509 0.611323 0.657151 0.549847 0.627508
0.672118 0.647501 0.643970 0.685077 0.578488 0.665150
0.697441 0.644942 0.656796 0.693027 0.603198 0.683244
0.701723 0.651777 0.661459 0.699307 0.607578 0.687371
0.696786 0.654051 0.660797 0.697858 0.603570 0.684726
0.698880 0.653847 0.662441 0.698555 0.607339 0.687389
0.710905 0.653069 0.668080 0.703667 0.618138 0.695484
0.714689 0.648389 0.669384 0.701122 0.617667 0.696448
0.710650 0.653434 0.669038 0.702142 0.609387 0.692640
0.706488 0.656875 0.669256 0.701674 0.603378 0.690923
0.712703 0.658411 0.673988 0.704680 0.607790 0.697196
0.715961 0.659231 0.676217 0.705866 0.608769 0.700457
0.706366 0.659111 0.672012 0.702434 0.596712 0.694003
0.702375 0.658670 0.670560 0.699981 0.590125 0.690986
0.724414 0.659891 0.681139 0.707223 0.611200 0.704234
0.717821 0.660473 0.679346 0.706682 0.606071 0.702895
0.699329 0.657514 0.671018 0.700082 0.588043 0.692526
0.733850 0.658235 0.687401 0.710327 0.617930 0.710161
0.715316 0.665522 0.681101 0.707373 0.595417 0.701801
0.722627 0.667291 0.684832 0.710908 0.601428 0.706654
0.730920 0.669133 0.688482 0.714397 0.608203 0.711146
0.707147 0.668035 0.681393 0.707055 0.584646 0.701056
0.743599 0.665686 0.695567 0.715633 0.621522 0.716516
0.713898 0.673249 0.690682 0.710184 0.589144 0.708233
0.734138 0.678183 0.701969 0.716640 0.608230 0.718032
0.730591 0.679889 0.705282 0.715672 0.602229 0.718442
0.725902 0.680800 0.706128 0.713918 0.595484 0.716225
0.746009 0.679447 0.707563 0.716974 0.616484 0.705648
0.634080 0.644595 0.660136 0.672607 0.518008 0.670833
0.655446 0.531101 0.569697 0.604720 0.593903 0.594158
0.699543 0.634645 0.672351 0.689724 0.593281 0.693475
0.556662 0.600849 0.597594 0.613992 0.457969 0.616348
0.622959 0.624696 0.621712 0.652347 0.544412 0.594646
0.630100 0.611436 0.595293 0.639505 0.571429 0.556391
0.660991 0.627984 0.645786 0.667096 0.590260 0.644827
0.654036 0.632448 0.646126 0.675928 0.565261 0.656846
0.620706 0.625614 0.623974 0.658371 0.525350 0.640119
0.633984 0.635276 0.635536 0.667309 0.538015 0.652001
0.670558 0.650966 0.654331 0.684716 0.574585 0.665513
0.678553 0.649877 0.646690 0.680926 0.585547 0.647088
0.671210 0.649157 0.648491 0.678367 0.577115 0.654602
0.689459 0.660828 0.667693 0.689169 0.583584 0.681808
0.723513 0.669964 0.686970 0.703870 0.611085 0.703818
0.736422 0.665231 0.694106 0.707830 0.626993 0.712897
0.736871 0.669990 0.698325 0.711464 0.623666 0.717259
0.716081 0.677462 0.692605 0.709173 0.592808 0.708572
0.705887 0.678543 0.691230 0.704121 0.579730 0.702332
0.733070 0.681017 0.700750 0.709608 0.611875 0.707595
0.737384 0.681160 0.700209 0.710090 0.616211 0.706807
0.719797 0.683258 0.696840 0.709374 0.593603 0.708227
0.732890 0.684811 0.702683 0.714988 0.605590 0.717046
0.742843 0.684179 0.707971 0.718536 0.614862 0.722790
0.732956 0.684570 0.707815 0.716745 0.600371 0.722950
0.743054 0.687262 0.712367 0.716718 0.615156 0.715681
0.736483 0.691841 0.703406 0.714419 0.611439 0.684746
0.696211 0.684499 0.698494 0.704104 0.567350 0.702682
0.737407 0.682297 0.693288 0.705706 0.626553 0.656072
0.727268 0.686051 0.711708 0.714615 0.596790 0.723754
0.746421 0.688100 0.721242 0.718671 0.618690 0.727353
0.754602 0.689251 0.717669 0.718214 0.632428 0.702221
0.702985 0.684954 0.704703 0.704712 0.577948 0.706620
0.744293 0.693202 0.702637 0.708835 0.629248 0.658734
0.723550 0.698180 0.717932 0.712735 0.588401 0.725532
0.745578 0.701718 0.722022 0.722332 0.615444 0.708792
0.739404 0.700776 0.720023 0.721864 0.606051 0.713177
0.739089 0.703619 0.723355 0.719748 0.605093 0.725315
0.751522 0.697544 0.709500 0.714697 0.632812 0.681044
0.688556 0.677370 0.698725 0.704334 0.558931 0.718015
0.661332 0.610636 0.600814 0.647448 0.610670 0.536393
0.748810 0.692382 0.724679 0.723938 0.617812 0.740906
0.600694 0.638830 0.641792 0.662416 0.474426 0.677960
0.708815 0.641697 0.648731 0.679124 0.638945 0.618319
0.645419 0.588645 0.566350 0.627333 0.602192 0.517454
0.694353 0.645585 0.648436 0.684398 0.619117 0.638710
0.693513 0.660394 0.674629 0.692235 0.586637 0.692541
0.662604 0.651963 0.651268 0.674072 0.546904 0.671508
0.705197 0.667461 0.673619 0.700528 0.596147 0.692272
0.722584 0.666325 0.679706 0.703055 0.631516 0.697005
0.715167 0.655936 0.667024 0.695118 0.640134 0.677668
0.714300 0.657705 0.664100 0.695012 0.637011 0.673336
0.702234 0.666525 0.665703 0.694893 0.614883 0.680537
0.673297 0.655830 0.653745 0.686326 0.576355 0.674791
0.696514 0.669109 0.668315 0.696779 0.584718 0.686424
0.715814 0.667772 0.680968 0.703014 0.599691 0.697831
0.724302 0.667835 0.686713 0.706026 0.608804 0.704803
0.727786 0.670223 0.690863 0.707738 0.613803 0.708125
0.725611 0.675772 0.692371 0.708497 0.611811 0.708713
0.715115 0.677892 0.690539 0.704934 0.600298 0.704144
0.707621 0.677447 0.688551 0.701317 0.590588 0.699972
0.721044 0.683705 0.697408 0.706585 0.600911 0.706041
0.741669 0.687382 0.706309 0.710320 0.620198 0.710765
0.750899 0.687244 0.710663 0.711147 0.627230 0.709816
0.748460 0.689940 0.715063 0.714438 0.615382 0.715219
0.732765 0.691573 0.712321 0.715343 0.590003 0.715401
0.733597 0.694549 0.715862 0.717367 0.588241 0.714926
0.743862 0.696153 0.716510 0.717857 0.600510 0.708661
0.738342 0.697869 0.714650 0.717720 0.596567 0.706267
0.724194 0.696808 0.712900 0.715022 0.585212 0.711218
0.742232 0.698031 0.718422 0.718347 0.608061 0.712932
0.750010 0.697079 0.718450 0.719664 0.619635 0.707037
0.736008 0.697912 0.718560 0.721393 0.599568 0.717237
0.734623 0.698730 0.720587 0.722333 0.595802 0.718853
0.754173 0.699976 0.724305 0.724234 0.617759 0.709920
0.751528 0.703961 0.729336 0.724820 0.611120 0.723187
0.750434 0.706706 0.730632 0.725549 0.609463 0.728026
0.760669 0.710225 0.728362 0.727020 0.624098 0.714322
0.742917 0.710241 0.730319 0.725096 0.601656 0.738459
0.759409 0.709970 0.725387 0.724759 0.630363 0.702483
0.711720 0.695720 0.717197 0.715038 0.571251 0.738653
0.725353 0.671810 0.669148 0.696476 0.637355 0.613048
0.705573 0.681151 0.708749 0.711743 0.567074 0.736951
0.764460 0.688808 0.727244 0.724479 0.639131 0.740455
0.761058 0.684042 0.723157 0.720182 0.650184 0.724377
0.752621 0.692509 0.724076 0.716288 0.628555 0.722070
0.746625 0.697405 0.709301 0.718558 0.617804 0.692758
0.743406 0.697515 0.701875 0.721500 0.617007 0.680703
0.751618 0.703573 0.720921 0.726428 0.621740 0.719313
0.757467 0.706575 0.729747 0.725779 0.628217 0.743237
0.765723 0.710147 0.731096 0.728240 0.643837 0.734636
0.762782 0.714890 0.732194 0.729742 0.633814 0.736266
0.723331 0.705151 0.720838 0.719302 0.590012 0.729392
0.751579 0.706728 0.703431 0.716956 0.630566 0.660090
0.739587 0.718405 0.728764 0.720598 0.602621 0.719562
0.748325 0.721441 0.732124 0.727508 0.610289 0.712868
0.754746 0.720598 0.730336 0.731792 0.617285 0.706442
0.747868 0.720147 0.739620 0.727656 0.605188 0.735655
0.764802 0.712651 0.732190 0.723578 0.636131 0.697615
0.757735 0.721965 0.741699 0.727650 0.617650 0.727313
0.759171 0.721913 0.730053 0.728720 0.622705 0.698269
0.761803 0.724563 0.735984 0.728761 0.625570 0.701888
0.748047 0.726627 0.742000 0.726369 0.605475 0.732726
0.743602 0.696068 0.693175 0.709014 0.631690 0.632095
0.625170 0.636037 0.662375 0.673946 0.512245 0.686332
0.546271 0.510062 0.507914 0.560104 0.543109 0.443142
0.729877 0.661320 0.690982 0.699581 0.649754 0.681396
0.674438 0.662659 0.674584 0.690723 0.531436 0.709448
0.693881 0.670537 0.686104 0.707872 0.562423 0.711099
0.739326 0.666601 0.675202 0.705009 0.633191 0.676732
0.719117 0.650097 0.649107 0.684389 0.629298 0.640854
0.707494 0.652593 0.641940 0.683792 0.618351 0.632231
0.685793 0.655703 0.640675 0.685529 0.594519 0.639128
0.676626 0.655461 0.649102 0.687940 0.582410 0.656669
0.707380 0.666382 0.671372 0.703599 0.601720 0.684848
0.727237 0.665035 0.683198 0.710179 0.615992 0.699925
0.731987 0.659251 0.687720 0.710973 0.622739 0.703543
0.733810 0.660221 0.690199 0.713163 0.622773 0.706516
0.730345 0.666948 0.689632 0.714440 0.614607 0.708093
0.709124 0.664709 0.680843 0.709000 0.595877 0.700037
0.707123 0.661381 0.678357 0.707582 0.595337 0.701181
0.733625 0.667866 0.692311 0.714561 0.616298 0.715872
0.744395 0.669789 0.696809 0.717073 0.623192 0.722919
0.739694 0.673059 0.693155 0.714029 0.613363 0.719357
0.735943 0.675532 0.691707 0.712444 0.604200 0.716537
0.740875 0.676166 0.696911 0.714288 0.604680 0.722360
0.743577 0.675892 0.700789 0.718208 0.602619 0.725087
0.732174 0.674927 0.697729 0.716453 0.587511 0.719420
0.730465 0.673157 0.696468 0.716398 0.585278 0.717782
0.748212 0.671149 0.703614 0.719850 0.604581 0.724260
0.753889 0.672541 0.706267 0.721551 0.612551 0.727169
0.740690 0.680975 0.706025 0.720503 0.598521 0.727617
0.724164 0.684538 0.703905 0.718553 0.582881 0.724671
0.744105 0.687909 0.710624 0.723915 0.602157 0.724951
0.746887 0.687586 0.712263 0.723536 0.604524 0.724482
0.737476 0.690638 0.711506 0.722218 0.593553 0.725524
0.740917 0.693081 0.713938 0.723414 0.598448 0.726058
0.747546 0.695928 0.717594 0.725061 0.608769 0.725499
0.737747 0.698845 0.717779 0.723424 0.597748 0.727430
0.743792 0.706613 0.724995 0.724688 0.602911 0.730138
0.749149 0.712142 0.730252 0.725831 0.607793 0.729177
0.739143 0.710441 0.728005 0.724395 0.596191 0.731202
0.751707 0.717272 0.732978 0.727543 0.609675 0.725050
0.745306 0.718368 0.733392 0.727317 0.602402 0.728807
0.751824 0.722093 0.734816 0.728097 0.610862 0.720987
0.750059 0.721755 0.736727 0.728242 0.609048 0.729449
0.756933 0.719465 0.732716 0.728157 0.623061 0.710854
0.741246 0.717442 0.734269 0.726925 0.602902 0.727024
0.726232 0.680461 0.688799 0.700194 0.619294 0.632759
0.691266 0.676801 0.705179 0.705322 0.556877 0.727118
0.729597 0.664255 0.680986 0.695552 0.643422 0.637847
0.758331 0.692453 0.728245 0.720190 0.644332 0.714949
0.722328 0.695713 0.715700 0.709857 0.576890 0.726814
0.746368 0.704831 0.716708 0.721148 0.612163 0.696716
0.750491 0.701755 0.699059 0.716197 0.638677 0.659398
0.752046 0.709756 0.721159 0.727511 0.632433 0.705819
0.708364 0.695896 0.709211 0.714137 0.585569 0.733444
0.743287 0.703067 0.714882 0.716434 0.627561 0.706555
0.765183 0.712116 0.731520 0.726541 0.643995 0.720370
0.748497 0.708954 0.729046 0.724576 0.617948 0.729674
0.729797 0.700098 0.720835 0.718620 0.597204 0.720400
0.767754 0.707245 0.732039 0.723400 0.637827 0.714890
0.768944 0.710602 0.737274 0.723818 0.640236 0.721815
0.761358 0.715197 0.741866 0.728724 0.626223 0.737796
0.760596 0.721967 0.737576 0.734900 0.626540 0.726204
0.762143 0.723439 0.729492 0.729584 0.631062 0.694962
0.742043 0.722720 0.737710 0.727859 0.605697 0.740482
0.706534 0.645332 0.654037 0.682127 0.624592 0.589889
0.615861 0.625449 0.648339 0.666970 0.515950 0.656786
0.686907 0.610614 0.623217 0.651995 0.641553 0.571787
0.663328 0.601339 0.615832 0.649492 0.619863 0.578987
0.710495 0.670419 0.701751 0.693849 0.603600 0.722641
0.685962 0.664051 0.683465 0.679847 0.571868 0.706302
0.717024 0.674515 0.672055 0.700647 0.617194 0.648230
0.694809 0.650607 0.634320 0.671524 0.613753 0.588485
0.689554 0.653959 0.636153 0.677008 0.608111 0.601307
0.682665 0.661415 0.657985 0.692153 0.598015 0.645253
0.669309 0.654007 0.664849 0.688113 0.583342 0.681157
0.687546 0.657450 0.671826 0.696543 0.597870 0.697674
0.723684 0.664558 0.687370 0.710837 0.629269 0.714106
0.741549 0.664404 0.693629 0.714714 0.643985 0.720494
0.744204 0.667998 0.698851 0.718344 0.639452 0.723704
0.734459 0.675542 0.701851 0.718070 0.619460 0.722544
0.715993 0.678928 0.699795 0.711340 0.591240 0.716499
0.712126 0.684734 0.703546 0.710756 0.585446 0.711122
0.724753 0.689239 0.708099 0.713244 0.602820 0.696787
0.733374 0.688823 0.700879 0.709516 0.616348 0.672020
0.735122 0.689191 0.699636 0.707991 0.618055 0.673622
0.733292 0.691364 0.708163 0.711608 0.612727 0.699723
0.735604 0.691251 0.713430 0.716338 0.612114 0.719668
0.745223 0.689458 0.717349 0.721880 0.620284 0.731471
0.749653 0.688572 0.717340 0.723304 0.623861 0.736344
0.746488 0.689098 0.716999 0.723339 0.617351 0.736924
0.735831 0.691563 0.715143 0.720881 0.602646 0.732807
0.732349 0.695013 0.716075 0.719269 0.598411 0.727278
0.743076 0.696176 0.717642 0.717850 0.609508 0.713423
0.744736 0.692644 0.705087 0.712936 0.612470 0.682027
0.736120 0.693939 0.701425 0.710388 0.599169 0.676385
0.725807 0.696774 0.707408 0.711835 0.582851 0.691591
0.734852 0.699365 0.716034 0.719057 0.588231 0.700395
0.744224 0.699087 0.720784 0.723846 0.597928 0.706378
0.744784 0.699204 0.725583 0.724894 0.598566 0.717452
0.742610 0.700085 0.728166 0.723880 0.598080 0.727247
0.751454 0.700401 0.728855 0.725183 0.611144 0.720594
0.758637 0.700094 0.724679 0.724293 0.623475 0.703659
0.753990 0.701691 0.724947 0.723379 0.619797 0.702024
0.748611 0.704398 0.728659 0.724420 0.612375 0.710395
0.755087 0.706340 0.731036 0.725952 0.618903 0.706323
0.753302 0.708182 0.731199 0.726266 0.616534 0.707520
0.746153 0.710626 0.734146 0.726286 0.607280 0.717635
0.752717 0.714725 0.735944 0.727809 0.614087 0.717843
0.764559 0.717100 0.736876 0.728862 0.627363 0.713003
0.760951 0.719868 0.740591 0.727895 0.622966 0.726117
0.767177 0.721861 0.741060 0.729609 0.628671 0.724854
0.768431 0.724273 0.741787 0.731114 0.630586 0.724726
0.762137 0.726861 0.743534 0.730262 0.622582 0.732960
0.763007 0.721630 0.736348 0.726563 0.629862 0.710274
0.747902 0.728537 0.741888 0.729147 0.608196 0.740587
0.741835 0.687875 0.695066 0.707330 0.636879 0.637742
0.652567 0.645726 0.678601 0.687445 0.539141 0.713333
0.684217 0.624684 0.623694 0.656370 0.633233 0.570968
0.634040 0.593192 0.598084 0.636316 0.599123 0.558817
0.687965 0.654682 0.669153 0.684682 0.602945 0.665508
0.686615 0.668935 0.681921 0.689481 0.584606 0.701917
0.717580 0.686378 0.694420 0.711005 0.618838 0.706071
0.727519 0.687600 0.691410 0.713377 0.629041 0.693992
0.725752 0.689053 0.682382 0.713274 0.619086 0.683740
0.699576 0.679836 0.671135 0.705883 0.589940 0.674731
0.710902 0.682155 0.679219 0.707510 0.602761 0.686618
0.740830 0.687501 0.695539 0.714231 0.635553 0.708437
0.746776 0.681665 0.702523 0.712907 0.645807 0.720798
0.746514 0.677940 0.704527 0.712089 0.645466 0.724572
0.745080 0.678263 0.706326 0.712677 0.640919 0.725452
0.743266 0.682654 0.708376 0.713501 0.635013 0.726427
0.740097 0.688365 0.711053 0.715136 0.627221 0.727758
0.735642 0.694695 0.712496 0.716959 0.615989 0.727341
0.728103 0.699480 0.712469 0.717659 0.598931 0.726667
0.716414 0.701407 0.711064 0.715535 0.582632 0.725421
0.720519 0.701785 0.714065 0.716344 0.587413 0.724174
0.741485 0.705456 0.720877 0.719886 0.612760 0.724667
0.756878 0.702967 0.725878 0.721073 0.630618 0.724838
0.760222 0.701956 0.728454 0.721172 0.633189 0.728786
0.755699 0.703084 0.728917 0.721577 0.623779 0.733498
0.751185 0.705920 0.730330 0.722732 0.615075 0.733734
0.751032 0.708611 0.730383 0.725651 0.611613 0.726103
0.746815 0.710019 0.726486 0.726679 0.603906 0.715247
0.739127 0.711683 0.724499 0.725715 0.592592 0.709870
0.738415 0.713962 0.726839 0.723043 0.589098 0.710994
0.746128 0.713800 0.729588 0.721833 0.599018 0.710892
0.754234 0.711818 0.728478 0.721877 0.611213 0.708217
0.758379 0.712341 0.727448 0.723170 0.615414 0.709649
0.754182 0.713568 0.728268 0.724325 0.610215 0.715060
0.755821 0.715845 0.732005 0.725747 0.611706 0.717730
0.756334 0.717011 0.735648 0.725662 0.613362 0.718358
0.748567 0.718557 0.736527 0.723355 0.604615 0.720528
0.746342 0.720393 0.736132 0.723686 0.601031 0.718180
0.752454 0.721793 0.734828 0.726213 0.607212 0.710049
0.755043 0.721549 0.733899 0.727477 0.608940 0.707801
0.758354 0.721341 0.735440 0.727688 0.613522 0.710190
0.762694 0.720408 0.737701 0.727374 0.619861 0.713629
0.762016 0.723242 0.738924 0.728510 0.620360 0.716415
0.758463 0.728787 0.738706 0.730814 0.616706 0.717725
0.760139 0.730521 0.739792 0.732071 0.619889 0.719437
0.764479 0.729797 0.744205 0.732769 0.624656 0.730401
0.768378 0.728502 0.746999 0.732707 0.628535 0.735571
0.770912 0.729056 0.746156 0.732705 0.631628 0.728966
0.765643 0.731852 0.744475 0.732066 0.625412 0.723478
0.764954 0.732268 0.741632 0.729141 0.625681 0.710967
0.761926 0.733171 0.747098 0.731095 0.619948 0.729621
0.774395 0.726391 0.740832 0.728051 0.641286 0.702415
0.745330 0.716830 0.741432 0.727578 0.604709 0.752162
0.759580 0.691797 0.704335 0.710770 0.649908 0.650099
0.743656 0.709951 0.736388 0.724205 0.603794 0.757297
0.772786 0.718163 0.742762 0.733096 0.640777 0.734682
0.774856 0.716828 0.731064 0.730444 0.649058 0.707085
0.757177 0.726278 0.744269 0.730205 0.618653 0.739360
0.758824 0.728286 0.739939 0.730990 0.623628 0.724260
0.759526 0.719265 0.719869 0.726965 0.636689 0.680974
0.752629 0.728214 0.738602 0.732063 0.618765 0.729211
0.763977 0.728568 0.743039 0.732944 0.634051 0.731823
0.771713 0.724063 0.739951 0.731951 0.646121 0.720836
0.762982 0.728438 0.745878 0.734481 0.630589 0.745621
0.766717 0.730705 0.745108 0.736365 0.633617 0.734156
0.768652 0.729118 0.740999 0.733622 0.636439 0.712048
0.753879 0.734448 0.746992 0.731727 0.611838 0.734538
0.763642 0.725605 0.730623 0.727562 0.631043 0.680144
0.750716 0.731873 0.745448 0.731908 0.605890 0.729884
0.770153 0.717157 0.727223 0.724552 0.642655 0.673191
0.753855 0.728548 0.748192 0.730162 0.609325 0.750582
0.779502 0.721338 0.738107 0.731540 0.649743 0.702762
0.766029 0.731645 0.750172 0.736118 0.624159 0.741059
0.768603 0.733094 0.750126 0.733662 0.628567 0.729012
0.765321 0.729885 0.739817 0.729462 0.629771 0.698009
0.738602 0.726830 0.740314 0.729395 0.595141 0.731255
0.734588 0.677635 0.671074 0.695515 0.635468 0.598889
0.684154 0.674812 0.701681 0.703384 0.558025 0.733368
0.755802 0.681547 0.700996 0.708116 0.664304 0.666518
0.753568 0.683752 0.708863 0.714346 0.662575 0.687948
0.761322 0.706969 0.734373 0.721873 0.630666 0.750396
0.730299 0.709680 0.719962 0.718229 0.589502 0.744793
0.752103 0.711016 0.704870 0.725641 0.631943 0.685436
0.742332 0.701011 0.686762 0.712879 0.635747 0.652480
0.752000 0.716279 0.712393 0.728515 0.630396 0.696510
0.736518 0.716545 0.721201 0.721911 0.605634 0.738351
0.751504 0.715525 0.727803 0.726102 0.627458 0.741122
0.759863 0.708085 0.725764 0.724261 0.651931 0.723054
0.766296 0.710355 0.729486 0.728154 0.658414 0.732607
0.748268 0.707471 0.728215 0.727045 0.629982 0.745846
0.729059 0.702092 0.722827 0.722178 0.606563 0.741265
0.761376 0.722381 0.736556 0.731320 0.638537 0.723665
0.742779 0.700168 0.707597 0.713385 0.633719 0.663297
0.751303 0.722936 0.734813 0.725055 0.622665 0.706380
0.734433 0.725641 0.736315 0.727004 0.592821 0.732710
0.754735 0.724534 0.731145 0.733487 0.616947 0.704285
0.767555 0.721724 0.725383 0.732207 0.636455 0.688413
0.765729 0.725893 0.743292 0.736169 0.626643 0.725269
0.753254 0.726147 0.745560 0.731298 0.610603 0.747187
0.769524 0.722847 0.742958 0.733172 0.635243 0.716964
0.771550 0.723003 0.735107 0.733654 0.637533 0.695952
0.747619 0.726611 0.739816 0.733313 0.601032 0.725876
0.762987 0.731654 0.739983 0.734604 0.618597 0.705169
0.763169 0.723511 0.731602 0.726332 0.625603 0.678559
0.747113 0.733775 0.746081 0.730089 0.597378 0.732446
0.765742 0.732343 0.740566 0.733757 0.622495 0.698456
0.766091 0.733384 0.743222 0.735210 0.623131 0.707499
0.754642 0.735014 0.751283 0.733516 0.607701 0.738678
0.769570 0.725143 0.739722 0.727806 0.633075 0.694698
0.763332 0.735515 0.750715 0.735267 0.619307 0.729383
0.764553 0.734957 0.746024 0.735871 0.621697 0.719346
0.771925 0.729306 0.737052 0.731126 0.635878 0.688222
0.755673 0.735001 0.750115 0.732327 0.610195 0.740275
0.771279 0.726276 0.733986 0.729546 0.638907 0.683803
0.757852 0.733274 0.748223 0.735532 0.615048 0.737826
0.774232 0.732008 0.746147 0.735153 0.638440 0.716635
0.771267 0.734467 0.751623 0.735967 0.632476 0.734786
0.768758 0.735352 0.750864 0.737447 0.628962 0.737490
0.775673 0.732419 0.745067 0.735955 0.640445 0.714497
0.764836 0.736116 0.750841 0.736043 0.622272 0.740652
0.774883 0.729326 0.740826 0.732252 0.641615 0.699910
0.759781 0.734673 0.748938 0.734591 0.616016 0.742967
0.774023 0.722171 0.730785 0.728971 0.646899 0.680000
0.741293 0.723837 0.742593 0.727792 0.600093 0.756922
0.765818 0.702823 0.710289 0.717066 0.652444 0.656701
0.734057 0.710609 0.734245 0.724281 0.597945 0.758396
0.785819 0.723469 0.744270 0.733968 0.657964 0.718619
0.783885 0.725408 0.746250 0.735403 0.654715 0.721011
0.746827 0.725362 0.741344 0.729338 0.607501 0.755914
0.773163 0.725131 0.731974 0.732395 0.645256 0.689098
0.771251 0.732433 0.740541 0.736559 0.637301 0.710055
0.752644 0.732035 0.744010 0.732504 0.611538 0.745303
0.771639 0.721860 0.731251 0.730803 0.645670 0.687687
0.766862 0.731775 0.748051 0.737021 0.630778 0.743189
0.769980 0.731332 0.749055 0.737284 0.634535 0.745477
0.778673 0.724123 0.741583 0.733438 0.649863 0.709578
0.759447 0.732713 0.748518 0.734627 0.618849 0.751041
0.772260 0.732330 0.745114 0.737184 0.635167 0.715126
0.769335 0.732452 0.741972 0.735664 0.631434 0.705377
0.753014 0.735004 0.747963 0.733050 0.605374 0.737368
0.767703 0.720660 0.724242 0.727024 0.639403 0.664040
0.731698 0.717730 0.738065 0.727397 0.589661 0.746240
0.774691 0.714008 0.723554 0.724852 0.652801 0.669435
0.762764 0.729966 0.750980 0.734054 0.623821 0.755773
0.774000 0.731866 0.753363 0.737248 0.637336 0.744521
0.775251 0.721075 0.730917 0.730388 0.648745 0.684064
0.746774 0.729650 0.744755 0.731259 0.602138 0.745911
0.770355 0.730677 0.739537 0.733069 0.635200 0.696969
0.770925 0.732488 0.740322 0.734682 0.633836 0.702231
0.752254 0.731229 0.744812 0.732802 0.608598 0.739704
0.775811 0.724625 0.734520 0.732411 0.646097 0.690704
0.766996 0.733143 0.750907 0.736322 0.627285 0.747581
0.774852 0.733250 0.752920 0.737901 0.636623 0.742067
0.777931 0.726251 0.741221 0.734431 0.646285 0.705377
0.753733 0.731350 0.747601 0.733921 0.609265 0.750244
0.772099 0.726685 0.735372 0.732561 0.639778 0.688378
0.760369 0.734905 0.750086 0.735161 0.615621 0.737285
0.773561 0.733517 0.745429 0.735433 0.635512 0.708454
0.772125 0.734786 0.749373 0.736432 0.632295 0.721226
0.767818 0.735116 0.751864 0.736367 0.626649 0.733621
0.776883 0.731316 0.744942 0.735373 0.641676 0.706754
0.760805 0.734410 0.751134 0.735823 0.617542 0.744225
0.775598 0.727748 0.738651 0.732752 0.644028 0.692552
0.751660 0.730453 0.747477 0.732737 0.608162 0.748652
0.772850 0.716859 0.723809 0.725030 0.648843 0.665848
0.728504 0.711170 0.733684 0.725282 0.589933 0.749973
0.771171 0.706604 0.713627 0.719253 0.654769 0.656480
0.762017 0.726531 0.747941 0.733912 0.623948 0.756642
0.769576 0.728877 0.750007 0.735924 0.632242 0.752304
0.776216 0.717819 0.727285 0.728123 0.652030 0.682813
0.767827 0.732913 0.749332 0.735945 0.627661 0.742200
0.757720 0.732955 0.746066 0.733832 0.615058 0.743435
0.768600 0.721698 0.724329 0.729661 0.641281 0.674131
0.764675 0.732832 0.746181 0.736331 0.624220 0.735727
0.765066 0.732069 0.748317 0.735863 0.625924 0.744153
0.777956 0.723208 0.737946 0.732500 0.650589 0.701374
0.768262 0.731540 0.749769 0.736369 0.631735 0.747147
0.769675 0.732566 0.750213 0.737371 0.632269 0.740556
0.772286 0.723378 0.734227 0.731318 0.644600 0.687574
0.747855 0.730726 0.746406 0.731560 0.602991 0.746819
0.771163 0.726973 0.733646 0.732332 0.639545 0.681994
0.765207 0.734945 0.749716 0.736014 0.623046 0.727363
0.768280 0.735145 0.750834 0.736109 0.626293 0.727588
0.776715 0.729889 0.741165 0.735016 0.641474 0.697258
0.757934 0.733550 0.750157 0.734777 0.612823 0.742204
0.776320 0.730720 0.742847 0.735804 0.640189 0.702616
0.768815 0.736319 0.752079 0.736859 0.625602 0.730831
0.770318 0.736385 0.750978 0.736835 0.627872 0.724761
0.774563 0.733052 0.743139 0.735055 0.636800 0.700566
0.759088 0.735144 0.749380 0.734373 0.613186 0.738012
0.774046 0.723892 0.730820 0.728827 0.644165 0.675409
0.738826 0.720523 0.740871 0.729042 0.596307 0.750825
0.768882 0.706063 0.712140 0.718637 0.652056 0.657372
0.739844 0.713388 0.737746 0.727704 0.600918 0.758373
0.786627 0.727646 0.750835 0.736219 0.653632 0.732475
0.780573 0.719397 0.734734 0.729884 0.655064 0.695656
0.747268 0.725248 0.742869 0.730809 0.606186 0.754883
0.773073 0.733891 0.746824 0.737207 0.634445 0.724865
0.767855 0.719113 0.719420 0.725542 0.644612 0.663876
0.746561 0.727249 0.741253 0.730177 0.605955 0.750513
0.774020 0.732382 0.749917 0.736758 0.638024 0.740901
0.775277 0.716800 0.726854 0.727737 0.655863 0.685445
0.762973 0.726681 0.746144 0.735184 0.628115 0.754751
0.762874 0.728853 0.746910 0.735093 0.627294 0.753924
0.771612 0.716747 0.726636 0.727462 0.650610 0.680929
0.759964 0.731975 0.747203 0.735678 0.619394 0.743101
0.759735 0.733259 0.747095 0.735709 0.617459 0.735540
0.766940 0.719382 0.723252 0.726608 0.641714 0.664237
0.750314 0.731129 0.746481 0.731693 0.605665 0.744849
0.773053 0.733078 0.749447 0.737285 0.633881 0.725244
0.778257 0.723928 0.735406 0.732359 0.648643 0.688487
0.757990 0.731662 0.749787 0.733329 0.613786 0.750745
0.775626 0.733658 0.751335 0.737715 0.635390 0.725382
0.774653 0.726733 0.734948 0.733116 0.642019 0.686192
0.748676 0.732266 0.747462 0.731355 0.600964 0.744973
0.773783 0.730168 0.739623 0.732966 0.637754 0.693481
0.773023 0.734734 0.747069 0.736821 0.632032 0.714543
0.759027 0.733778 0.749069 0.734945 0.614259 0.740243
0.775992 0.726616 0.737500 0.731918 0.643664 0.691151
0.763611 0.735133 0.751608 0.736253 0.619792 0.743712
0.774731 0.735116 0.750735 0.737907 0.633863 0.725989
0.776349 0.732071 0.744173 0.735933 0.639473 0.706717
0.758138 0.734989 0.750718 0.735052 0.612234 0.743996
0.774862 0.728549 0.737709 0.732371 0.641508 0.689523
0.762628 0.735051 0.750685 0.736016 0.618640 0.739015
0.777453 0.733892 0.748389 0.736315 0.639581 0.715422
0.776914 0.735072 0.751263 0.736791 0.638175 0.722987
0.767920 0.735977 0.752463 0.737087 0.625566 0.739216
0.777716 0.731165 0.742398 0.734813 0.643523 0.701643
0.760051 0.735118 0.750745 0.735208 0.615708 0.746407
0.776791 0.728476 0.738618 0.732714 0.645445 0.691816
0.757353 0.732141 0.748751 0.734327 0.613809 0.746951
0.779768 0.726806 0.737833 0.732108 0.649658 0.691366
0.762876 0.733381 0.750637 0.734845 0.620652 0.749964
0.781065 0.731789 0.747160 0.736290 0.646450 0.712735
0.776456 0.736118 0.752212 0.738284 0.636692 0.728621
0.769108 0.736694 0.752429 0.736938 0.626063 0.736627
0.776036 0.730898 0.741191 0.733932 0.641565 0.696552
0.756543 0.733743 0.749079 0.734268 0.611506 0.745275
0.777798 0.726916 0.736603 0.731780 0.647692 0.687728
0.761055 0.732754 0.750021 0.734303 0.618689 0.750919
0.782646 0.730829 0.747559 0.736186 0.648795 0.714253
0.778462 0.734769 0.752772 0.737979 0.639636 0.729925
0.767438 0.736037 0.752417 0.736909 0.624479 0.739991
0.773559 0.728836 0.737481 0.733080 0.640990 0.688581
0.747403 0.731031 0.746206 0.732139 0.601292 0.746776
0.773742 0.720820 0.727223 0.727681 0.647168 0.670055
0.748152 0.725024 0.744862 0.731223 0.606971 0.753994
0.785597 0.728179 0.746968 0.735252 0.653792 0.716013
0.784529 0.730004 0.749098 0.736719 0.650858 0.721181
0.756109 0.731047 0.747728 0.734048 0.614383 0.752050
0.774484 0.728725 0.737414 0.733842 0.642269 0.692772
0.769467 0.736435 0.749364 0.737176 0.627838 0.725368
0.763727 0.735928 0.749826 0.735956 0.619948 0.735782
0.775726 0.728776 0.737444 0.734039 0.643741 0.692106
0.761220 0.732614 0.749287 0.735254 0.619046 0.746891
0.780824 0.732594 0.750052 0.737369 0.644384 0.724152
0.780403 0.732013 0.749042 0.737463 0.644268 0.719890
0.760913 0.734014 0.750498 0.735836 0.617471 0.745827
0.773136 0.727864 0.735865 0.733263 0.640777 0.686135
0.754327 0.734533 0.749421 0.734029 0.607635 0.742964
0.775674 0.729390 0.738019 0.733333 0.642124 0.688951
0.764766 0.734362 0.751388 0.736199 0.620860 0.740084
0.778963 0.734285 0.750400 0.737328 0.640497 0.720434
0.778592 0.734503 0.751252 0.737318 0.639729 0.722309
0.765739 0.735925 0.752309 0.736621 0.622091 0.740640
0.775945 0.731707 0.741561 0.734944 0.640321 0.698708
0.759384 0.735987 0.750840 0.735816 0.614002 0.741974
0.776647 0.730129 0.740180 0.733446 0.642621 0.694133
0.762335 0.733996 0.750771 0.735830 0.618378 0.743644
0.781418 0.730379 0.743650 0.734818 0.647314 0.703994
0.770564 0.735508 0.753243 0.736567 0.628466 0.742466
0.778005 0.735492 0.751266 0.737703 0.638937 0.722870
0.775164 0.736425 0.751194 0.737869 0.633859 0.722754
0.766588 0.737531 0.752019 0.737046 0.622139 0.734860
0.775338 0.733078 0.742970 0.735036 0.639064 0.699673
0.757043 0.733641 0.749551 0.734611 0.611822 0.745599
0.777605 0.722933 0.731778 0.728927 0.650768 0.678317
0.744125 0.721109 0.742566 0.729811 0.604380 0.755341
0.782564 0.720466 0.734777 0.728978 0.657718 0.690107
0.773993 0.733114 0.753686 0.737207 0.635782 0.748020
0.769561 0.734754 0.752261 0.737394 0.629068 0.744792
0.773330 0.724537 0.731955 0.730848 0.644957 0.680605
0.747136 0.731584 0.745290 0.731645 0.602240 0.749197
0.777286 0.732201 0.744010 0.736518 0.642145 0.707538
0.779737 0.731994 0.747242 0.737328 0.644723 0.716439
0.759837 0.731676 0.748349 0.734643 0.619511 0.752881
0.781887 0.729812 0.745956 0.736459 0.649397 0.713752
0.778384 0.733560 0.750374 0.738338 0.641374 0.726326
0.761107 0.734831 0.750373 0.736256 0.617860 0.744126
0.771783 0.727259 0.735335 0.732509 0.640876 0.684772
0.752879 0.732922 0.747851 0.734056 0.607209 0.742772
0.776780 0.730999 0.741324 0.735796 0.642633 0.698219
0.772286 0.735411 0.752959 0.737219 0.630968 0.734847
0.772484 0.734900 0.753017 0.737630 0.630741 0.735250
0.778243 0.731725 0.744425 0.737229 0.642511 0.706036
0.760661 0.735901 0.751959 0.735909 0.615409 0.742881
0.775445 0.732339 0.742595 0.735346 0.638890 0.698749
0.765190 0.736150 0.751545 0.736895 0.620026 0.733699
0.776260 0.735232 0.748716 0.737195 0.636620 0.714459
0.775312 0.736382 0.751811 0.736974 0.633423 0.726013
0.771952 0.736422 0.752287 0.737370 0.629339 0.732277
0.777462 0.734268 0.747552 0.737238 0.639394 0.712498
0.764467 0.737140 0.752941 0.736531 0.619750 0.742939
0.776568 0.730467 0.741372 0.733880 0.642210 0.696293
0.752204 0.730949 0.748299 0.734108 0.607103 0.748912
0.774424 0.717702 0.725458 0.725955 0.650130 0.670026
0.733050 0.712748 0.736673 0.726081 0.594228 0.755263
0.782609 0.717947 0.732354 0.727744 0.659648 0.687737
0.783344 0.730982 0.754347 0.736684 0.648196 0.742056
0.756496 0.727821 0.746842 0.734056 0.618063 0.755661
0.777333 0.727137 0.736731 0.733739 0.647877 0.694728
0.773920 0.734335 0.747691 0.737764 0.636605 0.721701
0.756273 0.733912 0.747165 0.733897 0.614476 0.747917
0.776174 0.729801 0.741008 0.735608 0.645180 0.703974
0.776286 0.733547 0.750248 0.738602 0.640314 0.731887
0.765533 0.732502 0.749879 0.736186 0.627184 0.750154
0.779910 0.729726 0.745813 0.735635 0.647991 0.712959
0.770746 0.735342 0.750563 0.737805 0.631671 0.732536
0.765656 0.736111 0.749439 0.737420 0.623058 0.727720
0.770446 0.731550 0.739670 0.733996 0.634097 0.691662
0.752182 0.734890 0.748992 0.733898 0.604486 0.740185
0.775619 0.728655 0.735939 0.733669 0.642846 0.684106
0.760565 0.733809 0.751808 0.734630 0.616238 0.747421
0.781454 0.732961 0.750930 0.737129 0.643861 0.719936
0.778516 0.734157 0.750575 0.738085 0.639863 0.719852
0.760522 0.736584 0.752305 0.735664 0.614213 0.742754
0.772866 0.729012 0.735459 0.731982 0.639079 0.683022
0.752814 0.734271 0.749145 0.734054 0.604776 0.743770
0.777895 0.729539 0.738762 0.733601 0.643895 0.693253
0.769576 0.736127 0.753302 0.736770 0.627030 0.744821
0.778412 0.735279 0.753561 0.737623 0.638259 0.735936
0.780387 0.732814 0.748117 0.737393 0.643506 0.717042
0.761011 0.735427 0.751563 0.736303 0.615967 0.746867
0.774559 0.730339 0.740741 0.734199 0.640478 0.696045
0.759235 0.735655 0.750825 0.736055 0.614174 0.744114
0.778543 0.731801 0.744099 0.736377 0.643743 0.703776
0.771655 0.735771 0.753642 0.737275 0.630783 0.740545
0.778110 0.735368 0.753128 0.738239 0.639655 0.729650
0.778484 0.735003 0.750329 0.738376 0.642028 0.718654
0.766097 0.736705 0.752725 0.737008 0.623693 0.740575
0.776184 0.732871 0.743487 0.735691 0.640996 0.700144
0.758545 0.735868 0.750502 0.735473 0.613849 0.742700
0.778090 0.729077 0.738986 0.733394 0.646009 0.690276
0.756525 0.732519 0.749182 0.733949 0.613204 0.752279
0.782547 0.727445 0.740813 0.733194 0.651891 0.696813
0.768350 0.734487 0.752714 0.736934 0.626061 0.746819
0.778347 0.736049 0.752893 0.738162 0.638569 0.726891
0.777338 0.734226 0.747410 0.736675 0.639144 0.710256
0.756985 0.736406 0.750916 0.735093 0.610577 0.743625
0.775155 0.728786 0.736545 0.732764 0.643323 0.686554
0.757065 0.733507 0.750090 0.734346 0.612848 0.751951
0.783349 0.730231 0.747477 0.736483 0.649635 0.713273
0.779529 0.734592 0.753866 0.738229 0.641149 0.734667
0.768349 0.735498 0.753203 0.737365 0.626985 0.744938
0.776144 0.729737 0.739747 0.734324 0.643542 0.693914
0.754169 0.734709 0.749212 0.734624 0.608326 0.745686
0.775468 0.730340 0.738803 0.734646 0.642702 0.692325
0.765055 0.735835 0.752472 0.736716 0.622176 0.744338
0.779709 0.734660 0.751758 0.738637 0.641381 0.725873
0.780016 0.734304 0.750506 0.738742 0.642402 0.721998
0.765102 0.736091 0.752531 0.736976 0.621729 0.743538
0.776610 0.731823 0.742645 0.735582 0.641150 0.698785
0.760296 0.736383 0.751425 0.736533 0.614435 0.740796
0.777127 0.732655 0.743645 0.736151 0.640786 0.701117
0.768204 0.736486 0.753136 0.737190 0.624411 0.740245
0.779113 0.734697 0.751006 0.738170 0.640543 0.719686
0.775660 0.736007 0.753009 0.738298 0.634867 0.729289
0.771762 0.737165 0.753402 0.738101 0.628606 0.733222
0.775991 0.735096 0.747492 0.737752 0.636725 0.709760
0.762208 0.737268 0.752707 0.736725 0.615957 0.740240
0.776951 0.730302 0.740229 0.733820 0.642832 0.692457
0.752376 0.731218 0.748780 0.733539 0.608339 0.752154
0.779188 0.721647 0.731682 0.728702 0.653231 0.680078
0.751350 0.725435 0.746112 0.732596 0.611124 0.757090
0.785105 0.729745 0.747737 0.736526 0.652133 0.715716
0.781710 0.733050 0.750861 0.737766 0.645510 0.722145
0.754362 0.733777 0.748507 0.734067 0.610573 0.750691
0.774176 0.728179 0.735158 0.733174 0.643465 0.687458
0.765457 0.735866 0.752043 0.737132 0.623353 0.742220
0.774446 0.736043 0.753390 0.737910 0.635094 0.738034
0.781882 0.729622 0.744821 0.736312 0.650013 0.708987
0.763116 0.732934 0.750612 0.735860 0.622458 0.750455
0.779209 0.733410 0.749566 0.738583 0.642717 0.719818
0.775703 0.734773 0.748791 0.737923 0.637314 0.717015
0.758657 0.736156 0.750517 0.736122 0.613212 0.740465
0.773034 0.728305 0.734975 0.733139 0.641536 0.682719
0.749033 0.731285 0.747770 0.732337 0.603803 0.751224
0.781256 0.726913 0.738915 0.733430 0.650910 0.693255
0.771306 0.734460 0.753605 0.737017 0.629857 0.744892
0.773722 0.735540 0.753891 0.737948 0.632310 0.738799
0.777891 0.729717 0.740153 0.734954 0.644072 0.695130
0.752636 0.735343 0.749779 0.734064 0.605370 0.746832
0.775392 0.731558 0.740444 0.735425 0.639474 0.695955
0.771205 0.737000 0.753118 0.737877 0.628237 0.734704
0.773106 0.736338 0.753809 0.737825 0.631187 0.739070
0.781380 0.731358 0.746188 0.736900 0.646142 0.710726
0.763545 0.734958 0.752315 0.736414 0.620040 0.747226
0.777862 0.732815 0.745736 0.736996 0.641564 0.707493
0.767758 0.737392 0.752338 0.738123 0.623344 0.735148
0.773185 0.736487 0.750443 0.738343 0.631987 0.720035
0.774163 0.736692 0.750980 0.738049 0.633076 0.720803
0.770110 0.737057 0.753015 0.737539 0.626581 0.735137
0.778624 0.734444 0.748326 0.737874 0.641352 0.712248
0.766729 0.736823 0.753466 0.737028 0.623391 0.742842
0.779421 0.732866 0.746289 0.736757 0.643481 0.706414
0.763663 0.736745 0.752691 0.736820 0.619208 0.743024
0.778643 0.731878 0.743521 0.735418 0.643345 0.699801
0.760472 0.736052 0.751983 0.735821 0.615054 0.746992
0.779882 0.729234 0.740920 0.734058 0.647083 0.695272
0.758732 0.733669 0.750446 0.735150 0.614518 0.751571
0.782297 0.729611 0.744059 0.735005 0.649178 0.702705
0.769151 0.736352 0.753656 0.737368 0.626071 0.746079
0.777392 0.736275 0.753082 0.739080 0.637194 0.728118
0.777381 0.735275 0.749383 0.738089 0.638992 0.715653
0.761951 0.736804 0.752330 0.736706 0.617375 0.744301
0.777581 0.730331 0.740770 0.735410 0.644792 0.696288
0.760188 0.734406 0.751345 0.735476 0.617394 0.750389
0.782285 0.730677 0.746211 0.736702 0.648471 0.710031
0.773278 0.735838 0.753968 0.738182 0.632782 0.740101
0.773079 0.737098 0.753244 0.738261 0.631520 0.734019
0.775785 0.734052 0.745378 0.737430 0.639321 0.705127
0.756070 0.736518 0.750557 0.735216 0.609434 0.744179
0.775651 0.728185 0.735886 0.733147 0.644662 0.685267
0.752865 0.731195 0.748392 0.733376 0.609245 0.753331
0.783809 0.727821 0.743301 0.734917 0.652368 0.703515
0.775816 0.735172 0.754830 0.738286 0.635896 0.740931
0.769904 0.736605 0.753838 0.737921 0.627170 0.741110
0.775242 0.729645 0.738313 0.734217 0.641989 0.690158
0.748519 0.733875 0.748074 0.733039 0.600740 0.748998
0.776891 0.728428 0.737491 0.733727 0.644999 0.690406
0.767892 0.735192 0.753391 0.737232 0.625659 0.748122
0.778602 0.734830 0.754522 0.738487 0.639499 0.739761
0.782261 0.730440 0.746006 0.737347 0.648369 0.711035
0.759020 0.735033 0.750945 0.735516 0.614751 0.748054
0.774935 0.732900 0.742760 0.736603 0.639180 0.700092
0.767391 0.737587 0.751563 0.738144 0.623592 0.731826
0.771881 0.737245 0.751995 0.738568 0.630023 0.728242
0.778340 0.734134 0.748778 0.738182 0.641131 0.714714
0.766074 0.735853 0.753335 0.737050 0.622982 0.744805
0.779860 0.732526 0.746625 0.737760 0.643902 0.709691
0.767715 0.737079 0.753506 0.737524 0.622997 0.740287
0.775772 0.735835 0.749251 0.738473 0.635354 0.714403
0.770639 0.737979 0.752213 0.738397 0.626527 0.726737
0.772786 0.737812 0.752358 0.738195 0.629298 0.725012
0.775893 0.736748 0.751909 0.738464 0.634339 0.721023
0.771273 0.737278 0.754071 0.738164 0.626760 0.736628
0.779113 0.734685 0.749268 0.737630 0.640835 0.714465
0.765296 0.737112 0.753786 0.736695 0.620143 0.744550
0.778908 0.730354 0.741369 0.734724 0.644695 0.695956
0.749316 0.730823 0.747816 0.732922 0.603995 0.753823
0.774248 0.715266 0.723239 0.724765 0.651346 0.667293
0.730007 0.710168 0.734054 0.725425 0.592448 0.756965
0.787329 0.721807 0.741400 0.732245 0.660623 0.708047
0.787262 0.726710 0.749104 0.735320 0.655882 0.723612
0.747755 0.726106 0.742598 0.731389 0.608001 0.756885
0.774995 0.733829 0.745935 0.739311 0.638897 0.720751
0.771379 0.724427 0.729415 0.732160 0.645125 0.681710
0.749074 0.730265 0.743921 0.731856 0.608461 0.754514
0.774095 0.733384 0.751568 0.737881 0.637916 0.747408
0.779027 0.720067 0.732877 0.730435 0.657739 0.693816
0.763493 0.730190 0.748088 0.735653 0.626600 0.751161
0.758716 0.732623 0.748183 0.734661 0.618139 0.749013
0.768496 0.719774 0.725881 0.727729 0.643908 0.670461
0.753546 0.732591 0.746393 0.735900 0.608425 0.738059
0.761978 0.734567 0.748859 0.738491 0.617911 0.734314
0.775201 0.724090 0.735370 0.732536 0.644912 0.686981
0.765342 0.735083 0.753601 0.736350 0.621424 0.747726
0.768567 0.733938 0.751765 0.738705 0.624640 0.737043
0.777174 0.728821 0.737072 0.736917 0.642625 0.695052
0.762273 0.737210 0.752940 0.735949 0.615361 0.740730
0.770846 0.736655 0.750639 0.737385 0.625558 0.724345
0.773335 0.732324 0.739309 0.737854 0.634771 0.698070
0.755682 0.735143 0.749372 0.736751 0.607150 0.745004
0.777131 0.731650 0.745890 0.734293 0.639101 0.711777
0.772266 0.736272 0.753250 0.738281 0.629417 0.737496
0.768693 0.735257 0.751988 0.738427 0.625516 0.734573
0.777092 0.733077 0.745607 0.736169 0.640011 0.705796
0.762450 0.737810 0.753923 0.736157 0.615718 0.744075
0.775271 0.734815 0.746901 0.738082 0.637162 0.710161
0.771278 0.737233 0.752177 0.739181 0.629012 0.730660
0.772845 0.737616 0.754396 0.738395 0.630269 0.737044
0.779445 0.734526 0.749725 0.737396 0.641911 0.716310
0.766167 0.736275 0.752050 0.737839 0.622461 0.740229
0.777839 0.735020 0.748256 0.737194 0.640767 0.711386
0.768927 0.738478 0.753385 0.737028 0.625330 0.737692
0.775469 0.737072 0.750601 0.738236 0.635871 0.718645
0.773186 0.737816 0.752410 0.738624 0.631390 0.727773
0.774400 0.738081 0.753694 0.737467 0.632672 0.730676
0.776813 0.737201 0.752500 0.738211 0.636420 0.723586
0.771502 0.737931 0.753954 0.738480 0.627233 0.734210
0.777781 0.735903 0.751093 0.737230 0.638712 0.716761
0.766623 0.738188 0.754043 0.737281 0.621338 0.742132
0.779227 0.732960 0.745129 0.736770 0.643711 0.704123
0.759200 0.735749 0.752174 0.735519 0.614728 0.751075
0.780118 0.727293 0.739131 0.732473 0.649909 0.691259
0.753615 0.729722 0.747980 0.734559 0.611460 0.753533
0.783470 0.729039 0.743169 0.734822 0.652122 0.701838
0.773500 0.737367 0.754912 0.737606 0.632800 0.743877
0.771915 0.737196 0.753446 0.738409 0.630270 0.739235
0.777482 0.731620 0.741395 0.736162 0.643865 0.698741
0.756516 0.735789 0.750230 0.734822 0.611567 0.750785
0.779955 0.732195 0.745877 0.737085 0.645174 0.708604
0.775045 0.736151 0.753399 0.739453 0.635017 0.736669
0.771148 0.735839 0.753676 0.738279 0.629561 0.742829
0.779202 0.731591 0.744986 0.736505 0.644857 0.704607
0.759596 0.736293 0.751134 0.736234 0.614077 0.744063
0.775860 0.733410 0.743958 0.737850 0.639739 0.702385
0.768363 0.737993 0.753910 0.737832 0.624254 0.737504
0.775412 0.736761 0.753098 0.739256 0.633492 0.727172
0.776887 0.735554 0.750192 0.739778 0.637524 0.718887
0.767170 0.737645 0.754177 0.737528 0.621540 0.741772
0.777906 0.733713 0.746339 0.737506 0.640005 0.707213
0.764673 0.737047 0.752652 0.737811 0.617877 0.738738
0.777073 0.735262 0.748279 0.738345 0.637871 0.712432
0.770541 0.737916 0.754014 0.738001 0.626123 0.736853
0.775536 0.736964 0.752257 0.739252 0.634219 0.724563
0.774810 0.737174 0.752941 0.739112 0.632787 0.726952
0.771897 0.737950 0.753805 0.738321 0.628673 0.733239
0.776127 0.736445 0.750309 0.738828 0.636345 0.717650
0.767479 0.737842 0.753239 0.738174 0.622813 0.738329
0.778381 0.734098 0.747616 0.737031 0.641956 0.708738
0.762016 0.736504 0.752888 0.736461 0.618123 0.747428
0.780343 0.729526 0.741283 0.734887 0.648310 0.696783
0.754887 0.732856 0.749431 0.734097 0.611828 0.755096
0.781397 0.726974 0.739926 0.732952 0.651450 0.694226
0.763024 0.734378 0.751640 0.736256 0.621204 0.750807
0.780131 0.735430 0.752453 0.739103 0.642341 0.724557
0.779241 0.734516 0.750137 0.738074 0.642195 0.717355
0.759950 0.736196 0.751529 0.736110 0.615573 0.747297
0.778191 0.731045 0.742109 0.736394 0.645247 0.699762
0.766209 0.736306 0.753689 0.737054 0.623781 0.747786
0.779803 0.735405 0.752544 0.739213 0.641419 0.727057
0.779079 0.734669 0.751232 0.739465 0.641368 0.721697
0.764235 0.736771 0.752787 0.737134 0.620157 0.742595
0.775572 0.731407 0.740442 0.736041 0.641423 0.694557
0.755612 0.735526 0.750376 0.735608 0.608490 0.746878
0.778934 0.730006 0.741446 0.735911 0.645257 0.697994
0.764274 0.735960 0.753341 0.736710 0.620049 0.749886
0.780107 0.735015 0.752379 0.739597 0.641128 0.723912
0.777925 0.735873 0.751597 0.739342 0.638084 0.721370
0.763005 0.737716 0.753251 0.737052 0.615888 0.741954
0.775920 0.731647 0.741046 0.735902 0.639538 0.695466
0.759665 0.736627 0.752100 0.736507 0.612601 0.747664
0.781344 0.731952 0.746394 0.737760 0.644584 0.710400
0.772718 0.736454 0.754650 0.738657 0.629438 0.743268
0.775153 0.736714 0.753738 0.739337 0.633093 0.732610
0.776594 0.735400 0.748641 0.738506 0.637142 0.713072
0.759214 0.737684 0.751936 0.736414 0.612062 0.742416
0.775730 0.730214 0.738954 0.734575 0.642259 0.689894
0.753081 0.732690 0.749127 0.733950 0.608863 0.754359
0.783032 0.726945 0.740477 0.734155 0.653100 0.698684
0.770658 0.734992 0.753753 0.737438 0.629656 0.749550
0.775758 0.736673 0.754407 0.739113 0.634971 0.736076
0.777189 0.731767 0.742477 0.736378 0.642240 0.699216
0.750366 0.735266 0.749015 0.734063 0.603553 0.748863
0.777228 0.730148 0.739761 0.735534 0.644033 0.695593
0.769003 0.736174 0.753756 0.737747 0.626265 0.748500
0.778358 0.735817 0.754944 0.738922 0.638826 0.739997
0.781909 0.731753 0.746660 0.738116 0.647433 0.711780
0.758991 0.736122 0.751366 0.736023 0.613580 0.747436
0.775055 0.731884 0.741390 0.735541 0.640290 0.694914
0.763217 0.737268 0.752328 0.737550 0.617722 0.739820
0.776623 0.735674 0.751037 0.739850 0.636827 0.721560
0.777849 0.736125 0.753371 0.739708 0.637450 0.728046
0.769584 0.737049 0.754220 0.738710 0.625376 0.741872
0.778037 0.733958 0.747352 0.738903 0.640359 0.709858
0.763958 0.738017 0.753787 0.737438 0.617488 0.741148
0.776299 0.734492 0.746314 0.738094 0.637984 0.706036
0.766877 0.737397 0.753158 0.738557 0.620629 0.738491
0.778697 0.735149 0.750043 0.738668 0.639629 0.716426
0.771629 0.737702 0.754495 0.738876 0.627424 0.739115
0.776065 0.736858 0.752337 0.739658 0.635234 0.723557
0.772440 0.738333 0.753442 0.739000 0.628623 0.729969
0.772848 0.738168 0.752759 0.738855 0.629573 0.725975
0.773793 0.737807 0.752086 0.739474 0.631808 0.723592
0.772543 0.738407 0.753861 0.739155 0.629321 0.732441
0.777185 0.736392 0.752170 0.739252 0.638137 0.721359
0.770248 0.737937 0.754333 0.738683 0.626321 0.739668
0.778923 0.734659 0.748592 0.737855 0.641843 0.710861
0.760958 0.737235 0.752907 0.736527 0.616079 0.746890
0.778519 0.728014 0.737752 0.733343 0.647823 0.687469
0.740966 0.725261 0.744322 0.730146 0.599213 0.757358
0.777585 0.714817 0.726341 0.725774 0.656416 0.673679
0.753002 0.724591 0.745328 0.733022 0.615130 0.760641
0.781119 0.733065 0.753701 0.738811 0.644187 0.743915
0.779494 0.721843 0.733695 0.731419 0.653379 0.689176
0.751406 0.732900 0.746137 0.733160 0.608103 0.754259
0.770486 0.736059 0.750865 0.739177 0.629863 0.737004
0.774929 0.722995 0.731465 0.732255 0.649753 0.685142
0.757688 0.731663 0.747994 0.734973 0.617934 0.756695
0.771240 0.733798 0.752403 0.736932 0.633425 0.751332
0.777826 0.721558 0.732454 0.730958 0.654000 0.686637
0.759236 0.733974 0.749211 0.736071 0.616396 0.745746
0.762323 0.736959 0.750384 0.737294 0.618100 0.736198
0.768450 0.721741 0.726547 0.729802 0.640640 0.671049
0.749194 0.733339 0.748029 0.734280 0.601294 0.750216
0.774384 0.735081 0.752920 0.740920 0.632165 0.733937
0.780150 0.726122 0.739829 0.734972 0.648362 0.699215
0.757798 0.734904 0.751931 0.734804 0.610398 0.752407
0.771626 0.736401 0.750820 0.740014 0.627992 0.724397
0.773724 0.730043 0.735853 0.736183 0.638329 0.689558
0.749894 0.735898 0.749225 0.733049 0.600190 0.752058
0.778025 0.732029 0.746045 0.736634 0.640475 0.711460
0.777882 0.734190 0.749397 0.740444 0.638699 0.723152
0.759220 0.734464 0.750692 0.736507 0.613424 0.750338
0.777393 0.730042 0.742869 0.734072 0.643291 0.701263
0.766811 0.737290 0.752232 0.738623 0.622113 0.736752
0.768208 0.736702 0.750907 0.739637 0.624834 0.729430
0.777277 0.732875 0.746378 0.736649 0.641023 0.706974
0.763388 0.736906 0.753901 0.737315 0.618383 0.748439
0.778672 0.734327 0.749487 0.739811 0.641200 0.717081
0.775683 0.736917 0.753688 0.739946 0.634638 0.729628
0.769463 0.738351 0.754568 0.738088 0.626116 0.737737
0.776273 0.734218 0.745681 0.737315 0.640114 0.702825
0.760347 0.737304 0.751963 0.736843 0.614749 0.741132
0.778281 0.731981 0.744464 0.735966 0.643549 0.701188
0.763220 0.736944 0.753436 0.736627 0.618818 0.748944
0.781334 0.733295 0.747671 0.738341 0.645740 0.712137
0.771785 0.737883 0.754578 0.738674 0.628473 0.740283
0.775579 0.737781 0.753281 0.739351 0.634268 0.725319
0.775291 0.737098 0.750297 0.739134 0.635434 0.715903
0.766983 0.738656 0.753566 0.738410 0.621215 0.739014
0.779425 0.733402 0.747122 0.737718 0.643030 0.707930
0.765726 0.736779 0.753609 0.737474 0.621175 0.747740
0.781470 0.733843 0.748840 0.738232 0.644931 0.714352
0.771002 0.738002 0.754715 0.738769 0.626677 0.740882
0.774711 0.737457 0.751876 0.739745 0.633897 0.722416
0.773612 0.737494 0.751006 0.739361 0.632509 0.720079
0.769033 0.738646 0.753464 0.738688 0.624043 0.735487
0.778657 0.734421 0.747852 0.738573 0.641453 0.710359
0.765234 0.736957 0.753523 0.737397 0.620793 0.746951
0.781666 0.731726 0.745358 0.736820 0.646978 0.705341
0.762221 0.736552 0.753203 0.736462 0.617090 0.748457
0.779651 0.732943 0.745696 0.737789 0.643693 0.705114
0.766735 0.738173 0.753817 0.738215 0.621251 0.741888
0.777057 0.736549 0.751773 0.739789 0.636914 0.720993
0.775680 0.737573 0.752978 0.740590 0.634092 0.727566
0.770953 0.738208 0.754429 0.739354 0.627264 0.738485
0.778611 0.734725 0.749002 0.738700 0.641411 0.713432
0.765830 0.737302 0.753555 0.737810 0.621210 0.742444
0.778475 0.734302 0.747422 0.738143 0.642005 0.708865
0.765467 0.737530 0.753714 0.737886 0.620779 0.742926
0.778159 0.734579 0.748320 0.738583 0.640974 0.711137
0.768271 0.738024 0.754125 0.738755 0.622930 0.740622
0.777442 0.735819 0.750541 0.739205 0.638365 0.716923
0.771439 0.738151 0.754229 0.739509 0.626921 0.734507
0.775534 0.737424 0.752771 0.740136 0.633932 0.723877
0.774256 0.737931 0.753590 0.739805 0.631394 0.727832
0.773482 0.738057 0.754061 0.739706 0.629595 0.730152
0.775899 0.736871 0.752301 0.739899 0.634716 0.722289
0.770963 0.738277 0.754324 0.739219 0.625611 0.735980
0.777902 0.735706 0.749469 0.738804 0.638969 0.713722
0.764942 0.737989 0.753689 0.737533 0.619249 0.743251
0.779292 0.730970 0.742267 0.735602 0.645553 0.697273
0.779507 0.733595 0.746663 0.737528 0.643439 0.706071
0.776793 0.736804 0.752802 0.739596 0.636357 0.722727
0.771366 0.738326 0.754437 0.739110 0.626875 0.737155
0.765379 0.737528 0.753747 0.737549 0.620307 0.744276
0.764448 0.737617 0.753448 0.737275 0.619303 0.745112
0.768788 0.737986 0.753990 0.738851 0.623826 0.741206
0.774211 0.737959 0.754201 0.739837 0.631334 0.731360
0.777261 0.736502 0.751806 0.739425 0.637902 0.720182
0.778807 0.734813 0.749014 0.738427 0.641533 0.712041
0.778774 0.734865 0.748825 0.738414 0.641537 0.711902
0.777511 0.736356 0.751275 0.739204 0.638386 0.719029
0.775280 0.737960 0.753794 0.739781 0.633037 0.728334
0.771637 0.738270 0.754134 0.739250 0.627429 0.735834
0.769458 0.738502 0.754367 0.738895 0.624368 0.739574
0.769770 0.738619 0.754465 0.739098 0.624822 0.738847
0.772279 0.738326 0.754130 0.739557 0.628131 0.734051
0.775084 0.738065 0.753487 0.740061 0.632917 0.727567
0.776481 0.736715 0.752110 0.739699 0.636533 0.721124
0.777374 0.736447 0.751064 0.739374 0.638150 0.718208
0.777067 0.736592 0.751598 0.739442 0.637434 0.719667
0.776064 0.737423 0.753089 0.739988 0.635036 0.724536
0.774445 0.738145 0.753985 0.739821 0.631601 0.729831
0.772455 0.738378 0.754220 0.739447 0.628509 0.733881
0.771855 0.738284 0.754297 0.739260 0.627386 0.735332
0.772435 0.738376 0.754328 0.739560 0.628352 0.733815
0.774067 0.738197 0.754005 0.739853 0.630923 0.730143
0.775348 0.737796 0.753362 0.740059 0.633641 0.726134
0.775933 0.737067 0.752526 0.739865 0.635248 0.722856
0.776180 0.736960 0.752433 0.739836 0.635504 0.722081
0.775714 0.737494 0.752858 0.739898 0.634645 0.723990
0.774907 0.737926 0.753287 0.739685 0.632642 0.727105
0.773882 0.738277 0.753925 0.739618 0.630450 0.730051
0.772989 0.738426 0.754199 0.739556 0.629164 0.731855
0.772962 0.738448 0.754185 0.739529 0.629117 0.731848
0.773678 0.738292 0.754011 0.739671 0.630080 0.730097
0.774564 0.738206 0.753496 0.739718 0.631714 0.727683
0.775167 0.737785 0.753209 0.739903 0.633393 0.725345
0.775373 0.737543 0.752915 0.739985 0.634032 0.724032
0.775311 0.737683 0.753022 0.739949 0.633947 0.724472
0.774910 0.737920 0.753237 0.739848 0.632775 0.726264
0.774368 0.738201 0.753636 0.739730 0.631404 0.728145
0.773819 0.738298 0.753911 0.739783 0.630409 0.729628
0.773642 0.738322 0.753973 0.739672 0.629937 0.730105
0.773903 0.738328 0.753904 0.739746 0.630517 0.729638
0.774425 0.738295 0.753690 0.739747 0.631466 0.728374
0.774899 0.738101 0.753358 0.739771 0.632491 0.726819
0.775190 0.737850 0.753332 0.739879 0.633192 0.725875
0.775234 0.737814 0.753358 0.739871 0.633279 0.725744
0.775028 0.737973 0.753405 0.739903 0.632790 0.726472
0.774719 0.738204 0.753507 0.739693 0.631905 0.727522
0.774318 0.738326 0.753863 0.739813 0.631166 0.728669
0.774104 0.738272 0.753974 0.739826 0.630931 0.729226
0.774097 0.738299 0.753974 0.739816 0.630934 0.729043
0.774451 0.738288 0.753787 0.739735 0.631304 0.728435
0.774714 0.738166 0.753557 0.739715 0.631900 0.727535
0.774996 0.738072 0.753448 0.739846 0.632495 0.726786
0.775055 0.738037 0.753455 0.739814 0.632689 0.726602
0.774929 0.738079 0.753417 0.739840 0.632435 0.726795
0.774780 0.738166 0.753507 0.739717 0.632022 0.727418
0.774552 0.738256 0.753642 0.739795 0.631499 0.728152
0.774336 0.738314 0.753810 0.739787 0.631241 0.728622
0.774330 0.738326 0.753834 0.739772 0.631238 0.728640
0.774517 0.738305 0.753673 0.739750 0.631469 0.728322
0.774778 0.738166 0.753531 0.739708 0.631979 0.727823
0.774888 0.738144 0.753473 0.739815 0.632288 0.727202
0.774928 0.738174 0.753483 0.739831 0.632520 0.727039
0.774892 0.738159 0.753497 0.739787 0.632458 0.727142
0.774851 0.738125 0.753590 0.739724 0.632184 0.727538
0.774678 0.738205 0.753611 0.739731 0.631885 0.727999
0.774603 0.738259 0.753661 0.739725 0.631693 0.728281
0.774567 0.738278 0.753654 0.739757 0.631645 0.728373
0.774593 0.738258 0.753651 0.739725 0.631823 0.728145
0.774755 0.738183 0.753583 0.739685 0.632020 0.727819
0.774901 0.738135 0.753580 0.739750 0.632245 0.727440
0.774887 0.738193 0.753526 0.739752 0.632325 0.727265
0.774902 0.738169 0.753509 0.739752 0.632289 0.727339
0.774828 0.738110 0.753618 0.739697 0.632149 0.727576
0.774701 0.738180 0.753594 0.739665 0.631952 0.727953
0.774640 0.738255 0.753666 0.739725 0.631869 0.728179
0.774646 0.738248 0.753699 0.739739 0.631833 0.728204
0.774684 0.738234 0.753613 0.739719 0.631924 0.728098
0.774795 0.738171 0.753578 0.739687 0.632029 0.727831
0.774851 0.738144 0.753604 0.739748 0.632161 0.727533
0.774930 0.738159 0.753533 0.739792 0.632214 0.727450
0.774876 0.738176 0.753556 0.739745 0.632166 0.727539
0.774813 0.738149 0.753616 0.739689 0.632061 0.727795
0.774732 0.738203 0.753646 0.739674 0.631967 0.728004
0.774662 0.738241 0.753675 0.739716 0.631913 0.728153
0.774689 0.738224 0.753673 0.739716 0.631928 0.728130
0.774732 0.738197 0.753639 0.739693 0.631977 0.727967
0.774830 0.738146 0.753587 0.739693 0.632068 0.727787
0.774849 0.738139 0.753616 0.739747 0.632157 0.727623
0.774852 0.738193 0.753601 0.739753 0.632160 0.727615
0.774851 0.738159 0.753620 0.739731 0.632136 0.727679
0.774809 0.738154 0.753599 0.739692 0.632005 0.727878
0.774734 0.738207 0.753646 0.739691 0.631964 0.728008
0.774720 0.738207 0.753656 0.739680 0.631973 0.728031
0.774745 0.738200 0.753639 0.739693 0.632004 0.727985
0.774821 0.738129 0.753587 0.739723 0.632047 0.727885
0.774833 0.738176 0.753608 0.739739 0.632129 0.727738
0.774856 0.738186 0.753632 0.739755 0.632179 0.727699
0.774861 0.738193 0.753608 0.739755 0.632175 0.727734
0.774841 0.738186 0.753594 0.739731 0.632098 0.727868
0.774805 0.738152 0.753649 0.739711 0.632039 0.727962
0.774754 0.738227 0.753696 0.739700 0.632027 0.727979
0.774768 0.738212 0.753694 0.739688 0.632036 0.727992
0.774837 0.738169 0.753623 0.739737 0.632089 0.727958
0.774855 0.738215 0.753606 0.739720 0.632139 0.727862
0.774886 0.738205 0.753604 0.739739 0.632193 0.727786
0.774886 0.738198 0.753604 0.739739 0.632186 0.727793
0.774873 0.738203 0.753597 0.739739 0.632133 0.727875
0.774827 0.738210 0.753642 0.739745 0.632127 0.727927
0.774783 0.738220 0.753715 0.739700 0.632122 0.727954
0.774786 0.738227 0.753708 0.739706 0.632115 0.727964
0.774795 0.738220 0.753699 0.739710 0.632123 0.727921
0.774835 0.738217 0.753677 0.739726 0.632139 0.727901
0.774856 0.738220 0.753634 0.739724 0.632166 0.727885
0.774848 0.738212 0.753618 0.739734 0.632154 0.727891
0.774853 0.738220 0.753620 0.739746 0.632161 0.727891
0.774850 0.738210 0.753649 0.739752 0.632133 0.727893
0.774798 0.738227 0.753689 0.739748 0.632133 0.727937
0.774804 0.738212 0.753717 0.739756 0.632151 0.727937
0.774818 0.738237 0.753708 0.739744 0.632144 0.727931
0.774846 0.738222 0.753696 0.739742 0.632152 0.727916
0.774830 0.738229 0.753675 0.739754 0.632164 0.727891
0.774844 0.738220 0.753665 0.739759 0.632178 0.727898
0.774852 0.738220 0.753641 0.739765 0.632178 0.727906
0.774845 0.738237 0.753618 0.739762 0.632190 0.727906
0.774836 0.738212 0.753670 0.739762 0.632164 0.727914
0.774834 0.738212 0.753703 0.739750 0.632161 0.727914
0.774827 0.738225 0.753703 0.739756 0.632164 0.727937
0.774827 0.738217 0.753701 0.739764 0.632168 0.727937
0.774837 0.738222 0.753672 0.739756 0.632201 0.727937
0.774849 0.738229 0.753625 0.739756 0.632213 0.727919
0.774842 0.738237 0.753625 0.739748 0.632215 0.727912
0.774836 0.738237 0.753625 0.739740 0.632211 0.727927
0.774824 0.738239 0.753632 0.739754 0.632223 0.727921
0.774839 0.738222 0.753651 0.739760 0.632212 0.727952
0.774831 0.738229 0.753668 0.739768 0.632193 0.727958
0.774816 0.738246 0.753668 0.739776 0.632188 0.727950
0.774801 0.738244 0.753649 0.739786 0.632207 0.727940
0.774816 0.738254 0.753644 0.739772 0.632203 0.727953
0.774810 0.738246 0.753644 0.739766 0.632217 0.727936
0.774817 0.738246 0.753644 0.739774 0.632212 0.727936
0.774817 0.738232 0.753644 0.739760 0.632205 0.727944
0.774810 0.738232 0.753644 0.739768 0.632208 0.727946
0.774804 0.738222 0.753653 0.739770 0.632222 0.727946
0.774797 0.738232 0.753653 0.739770 0.632222 0.727938
0.774810 0.738222 0.753653 0.739770 0.632215 0.727930
0.774817 0.738222 0.753653 0.739784 0.632205 0.727923
0.774817 0.738220 0.753653 0.739798 0.632217 0.727919
0.774817 0.738220 0.753653 0.739798 0.632224 0.727927
0.774810 0.738220 0.753653 0.739798 0.632229 0.727950
0.774810 0.738212 0.753653 0.739798 0.632229 0.727958
0.774804 0.738205 0.753653 0.739792 0.632236 0.727965
0.774810 0.738205 0.753670 0.739808 0.632239 0.727965
0.774817 0.738212 0.753670 0.739816 0.632235 0.727965
0.774807 0.738220 0.753670 0.739824 0.632227 0.727965
0.774795 0.738212 0.753687 0.739824 0.632213 0.727967
0.774795 0.738215 0.753687 0.739832 0.632213 0.727962
0.774795 0.738220 0.753696 0.739832 0.632213 0.727962
0.774784 0.738212 0.753682 0.739832 0.632206 0.727962
0.774767 0.738215 0.753689 0.739832 0.632223 0.727983
0.774779 0.738215 0.753698 0.739818 0.632216 0.727998
0.774773 0.738212 0.753706 0.739818 0.632204 0.727992
0.774761 0.738222 0.753698 0.739820 0.632204 0.728006
0.774754 0.738225 0.753698 0.739814 0.632197 0.728015
0.774761 0.738225 0.753698 0.739814 0.632202 0.728015
0.774761 0.738215 0.753701 0.739828 0.632202 0.728015
0.774766 0.738222 0.753717 0.739822 0.632211 0.728008
0.774767 0.738212 0.753717 0.739822 0.632211 0.728008
0.774761 0.738212 0.753727 0.739822 0.632216 0.728015
0.774761 0.738195 0.753727 0.739816 0.632204 0.728015
0.774757 0.738203 0.753727 0.739799 0.632214 0.728011
0.774745 0.738205 0.753727 0.739799 0.632202 0.728006
0.774757 0.738205 0.753727 0.739810 0.632205 0.728013
0.774754 0.738205 0.753727 0.739826 0.632200 0.728027
0.774754 0.738198 0.753727 0.739824 0.632179 0.728027
0.774741 0.738198 0.753717 0.739810 0.632174 0.728042
0.774741 0.738203 0.753717 0.739818 0.632167 0.728042
0.774741 0.738203 0.753717 0.739810 0.632182 0.728042
0.774735 0.738210 0.753717 0.739826 0.632182 0.728029
0.774741 0.738203 0.753743 0.739820 0.632174 0.728034
0.774741 0.738203 0.753743 0.739814 0.632189 0.728034
0.774747 0.738203 0.753734 0.739814 0.632189 0.728027
0.774747 0.738212 0.753734 0.739820 0.632191 0.728034
0.774735 0.738212 0.753741 0.739814 0.632198 0.728027
0.774729 0.738203 0.753734 0.739828 0.632191 0.728034
0.774735 0.738210 0.753734 0.739828 0.632200 0.728013
0.774742 0.738220 0.753734 0.739834 0.632200 0.727998
0.774749 0.738237 0.753734 0.739834 0.632191 0.727983
0.774750 0.738229 0.753743 0.739842 0.632191 0.728013
0.774745 0.738220 0.753743 0.739840 0.632191 0.728021
0.774745 0.738220 0.753727 0.739840 0.632184 0.728034
0.774735 0.738220 0.753727 0.739848 0.632184 0.728040
0.774730 0.738212 0.753727 0.739856 0.632184 0.728034
0.774730 0.738222 0.753727 0.739870 0.632184 0.728034
0.774730 0.738232 0.753743 0.739852 0.632165 0.728034
0.774730 0.738232 0.753760 0.739866 0.632161 0.728032
0.774730 0.738232 0.753751 0.739854 0.632156 0.728053
0.774730 0.738232 0.753743 0.739860 0.632156 0.728061
0.774736 0.738242 0.753741 0.739854 0.632156 0.728061
0.774736 0.738242 0.753741 0.739868 0.632147 0.728076
0.774743 0.738222 0.753741 0.739868 0.632143 0.728079
0.774743 0.738215 0.753741 0.739868 0.632153 0.728079
0.774743 0.738225 0.753732 0.739876 0.632141 0.728079
0.774731 0.738217 0.753739 0.739882 0.632122 0.728085
0.774731 0.738210 0.753732 0.739868 0.632118 0.728079
0.774726 0.738220 0.753732 0.739868 0.632120 0.728087
0.774726 0.738230 0.753722 0.739874 0.632118 0.728087
0.774719 0.738237 0.753706 0.739868 0.632129 0.728082
0.774744 0.738237 0.753698 0.739868 0.632115 0.728095
0.774744 0.738244 0.753708 0.739868 0.632115 0.728089
0.774751 0.738244 0.753717 0.739868 0.632115 0.728091
0.774744 0.738244 0.753717 0.739856 0.632106 0.728091
0.774744 0.738247 0.753717 0.739856 0.632106 0.728091
0.774744 0.738240 0.753717 0.739850 0.632102 0.728091
0.774751 0.738249 0.753724 0.739850 0.632097 0.728093
0.774744 0.738264 0.753715 0.739878 0.632104 0.728093
0.774756 0.738259 0.753722 0.739880 0.632116 0.728080
0.774758 0.738232 0.753722 0.739880 0.632121 0.728067
0.774768 0.738232 0.753722 0.739872 0.632121 0.728054
0.774768 0.738232 0.753703 0.739872 0.632128 0.728054
0.774768 0.738240 0.753703 0.739872 0.632133 0.728052
0.774768 0.738232 0.753713 0.739872 0.632128 0.728052
0.774768 0.738225 0.753732 0.739884 0.632124 0.728059
0.774768 0.738225 0.753715 0.739884 0.632128 0.728075
0.774763 0.738225 0.753706 0.739878 0.632135 0.728067
0.774758 0.738218 0.753689 0.739878 0.632128 0.728059
0.774758 0.738218 0.753689 0.739864 0.632133 0.728059
0.774758 0.738225 0.753689 0.739870 0.632152 0.728067
0.774765 0.738220 0.753706 0.739870 0.632147 0.728067
0.774770 0.738220 0.753713 0.739870 0.632141 0.728067
0.774770 0.738228 0.753713 0.739870 0.632159 0.728067
0.774770 0.738245 0.753713 0.739870 0.632152 0.728056
0.774770 0.738237 0.753706 0.739854 0.632164 0.728056
0.774770 0.738237 0.753706 0.739854 0.632167 0.728056
0.774776 0.738237 0.753698 0.739862 0.632164 0.728050
0.774778 0.738237 0.753698 0.739862 0.632150 0.728043
0.774778 0.738237 0.753691 0.739848 0.632157 0.728035
0.774791 0.738237 0.753675 0.739856 0.632167 0.728020
0.774791 0.738237 0.753684 0.739856 0.632169 0.728017
0.774791 0.738237 0.753677 0.739856 0.632165 0.728010
0.774803 0.738245 0.753667 0.739858 0.632172 0.728010
0.774796 0.738245 0.753667 0.739864 0.632186 0.728025
0.774796 0.738245 0.753675 0.739872 0.632186 0.728017
0.774783 0.738245 0.753675 0.739878 0.632195 0.728027
0.774783 0.738252 0.753675 0.739872 0.632195 0.728020
0.774802 0.738269 0.753682 0.739880 0.632191 0.728004
0.774802 0.738269 0.753675 0.739880 0.632198 0.727997
0.774795 0.738269 0.753667 0.739896 0.632200 0.727997
0.774795 0.738259 0.753651 0.739894 0.632200 0.727997
0.774802 0.738259 0.753667 0.739902 0.632207 0.727989
0.774802 0.738259 0.753660 0.739880 0.632212 0.727981
0.774802 0.738252 0.753660 0.739874 0.632212 0.727981
0.774802 0.738252 0.753651 0.739874 0.632219 0.727989
0.774802 0.738262 0.753651 0.739882 0.632219 0.727997
0.774802 0.738262 0.753667 0.739884 0.632219 0.727997
0.774802 0.738262 0.753667 0.739878 0.632233 0.728004
0.774802 0.738254 0.753667 0.739878 0.632226 0.728004
0.774802 0.738254 0.753658 0.739890 0.632233 0.727997
0.774802 0.738254 0.753658 0.739896 0.632233 0.727991
0.774802 0.738240 0.753651 0.739896 0.632219 0.727983
0.774802 0.738240 0.753660 0.739888 0.632228 0.727983
0.774808 0.738247 0.753660 0.739888 0.632249 0.727976
0.774808 0.738254 0.753660 0.739896 0.632245 0.727978
0.774808 0.738247 0.753660 0.739904 0.632245 0.727978
0.774803 0.738247 0.753660 0.739910 0.632245 0.727972
0.774803 0.738264 0.753670 0.739918 0.632217 0.727972
0.774810 0.738264 0.753679 0.739918 0.632217 0.727965
0.774815 0.738264 0.753682 0.739920 0.632224 0.727980
0.774810 0.738264 0.753682 0.739920 0.632217 0.727995
0.774810 0.738257 0.753682 0.739914 0.632206 0.728010
0.774796 0.738247 0.753682 0.739924 0.632220 0.728010
0.774800 0.738257 0.753691 0.739924 0.632220 0.728013
0.774800 0.738257 0.753691 0.739918 0.632220 0.728010
0.774795 0.738257 0.753682 0.739924 0.632224 0.728003
0.774795 0.738243 0.753679 0.739918 0.632224 0.727982
0.774795 0.738250 0.753691 0.739918 0.632231 0.727988
0.774795 0.738250 0.753708 0.739926 0.632231 0.727988
0.774790 0.738240 0.753701 0.739926 0.632236 0.728001
0.774796 0.738240 0.753701 0.739920 0.632236 0.728001
0.774795 0.738240 0.753701 0.739920 0.632229 0.728008
0.774788 0.738240 0.753701 0.739920 0.632229 0.728001
0.774782 0.738240 0.753693 0.739912 0.632248 0.727993
0.774788 0.738240 0.753703 0.739912 0.632248 0.727997
0.774788 0.738250 0.753712 0.739920 0.632243 0.727997
0.774788 0.738250 0.753710 0.739920 0.632243 0.727999
0.774788 0.738250 0.753720 0.739920 0.632243 0.727978
0.774795 0.738247 0.753720 0.739926 0.632239 0.727965
0.774795 0.738247 0.753703 0.739918 0.632239 0.727973
0.774795 0.738240 0.753720 0.739916 0.632243 0.727981
0.774795 0.738230 0.753729 0.739916 0.632250 0.727973
0.774795 0.738247 0.753729 0.739922 0.632234 0.727960
0.774795 0.738247 0.753738 0.739922 0.632241 0.727954
0.774795 0.738247 0.753738 0.739922 0.632248 0.727964
0.774802 0.738240 0.753738 0.739922 0.632253 0.727956
0.774808 0.738257 0.753738 0.739922 0.632260 0.727945
0.774803 0.738243 0.753738 0.739922 0.632248 0.727953
0.774810 0.738243 0.753755 0.739916 0.632248 0.727942
0.774810 0.738243 0.753748 0.739932 0.632244 0.727945
0.774815 0.738252 0.753748 0.739932 0.632239 0.727937
0.774815 0.738252 0.753757 0.739928 0.632239 0.727924
0.774815 0.738252 0.753765 0.739920 0.632235 0.727919
0.774815 0.738274 0.753772 0.739936 0.632239 0.727932
0.774815 0.738291 0.753772 0.739936 0.632228 0.727939
0.774815 0.738291 0.753772 0.739936 0.632228 0.727926
0.774808 0.738284 0.753772 0.739936 0.632213 0.727924
0.774814 0.738291 0.753772 0.739936 0.632213 0.727930
0.774807 0.738284 0.753762 0.739936 0.632209 0.727926
0.774800 0.738269 0.753746 0.739954 0.632212 0.727926
0.774807 0.738269 0.753746 0.739962 0.632212 0.727921
0.774807 0.738269 0.753748 0.739982 0.632219 0.727921
0.774811 0.738279 0.753748 0.739996 0.632219 0.727921
0.774812 0.738279 0.753757 0.740012 0.632223 0.727900
0.774819 0.738289 0.753765 0.740012 0.632212 0.727892
0.774819 0.738279 0.753765 0.740012 0.632212 0.727909
0.774831 0.738279 0.753746 0.740018 0.632212 0.727902
0.774824 0.738279 0.753755 0.740023 0.632190 0.727904
0.774824 0.738286 0.753741 0.740023 0.632190 0.727912
0.774824 0.738286 0.753722 0.740023 0.632183 0.727912
0.774824 0.738294 0.753731 0.740018 0.632179 0.727902
0.774824 0.738294 0.753731 0.740025 0.632160 0.727902
0.774811 0.738269 0.753741 0.740025 0.632160 0.727896
0.774811 0.738262 0.753715 0.740025 0.632148 0.727904
0.774811 0.738269 0.753724 0.740025 0.632148 0.727896
0.774804 0.738277 0.753724 0.740028 0.632164 0.727909
0.774804 0.738277 0.753738 0.740028 0.632153 0.727904
0.774804 0.738277 0.753757 0.740028 0.632167 0.727904
0.774804 0.738252 0.753793 0.740033 0.632177 0.727906
0.774804 0.738252 0.753800 0.740028 0.632184 0.727895
0.774804 0.738262 0.753800 0.740028 0.632191 0.727895
0.774804 0.738262 0.753800 0.740041 0.632191 0.727887
0.774804 0.738269 0.753803 0.740049 0.632191 0.727895
0.774804 0.738269 0.753812 0.740043 0.632198 0.727908
0.774797 0.738269 0.753821 0.740043 0.632198 0.727903
0.774797 0.738277 0.753829 0.740049 0.632198 0.727905
0.774797 0.738286 0.753829 0.740055 0.632210 0.727918
0.774790 0.738272 0.753829 0.740039 0.632212 0.727910
0.774790 0.738272 0.753829 0.740045 0.632191 0.727923
0.774790 0.738272 0.753819 0.740053 0.632198 0.727923
0.774790 0.738279 0.753810 0.740047 0.632205 0.727918
0.774797 0.738279 0.753810 0.740043 0.632212 0.727918
0.774797 0.738279 0.753810 0.740043 0.632224 0.727918
0.774797 0.738279 0.753810 0.740043 0.632219 0.727905
0.774790 0.738272 0.753810 0.740043 0.632219 0.727912
0.774797 0.738272 0.753810 0.740051 0.632219 0.727912
0.774797 0.738272 0.753810 0.740051 0.632224 0.727905
0.774811 0.738279 0.753800 0.740051 0.632231 0.727891
0.774817 0.738279 0.753793 0.740051 0.632231 0.727901
0.774811 0.738272 0.753793 0.740051 0.632231 0.727916
0.774811 0.738272 0.753784 0.740051 0.632227 0.727916
0.774816 0.738262 0.753800 0.740051 0.632224 0.727909
0.774816 0.738262 0.753800 0.740051 0.632227 0.727909
0.774816 0.738262 0.753788 0.740057 0.632227 0.727901
0.774816 0.738269 0.753788 0.740057 0.632227 0.727888
0.774816 0.738269 0.753796 0.740063 0.632222 0.727888
0.774816 0.738277 0.753796 0.740063 0.632215 0.727890
0.774809 0.738277 0.753796 0.740069 0.632203 0.727892
0.774809 0.738267 0.753786 0.740061 0.632203 0.727884
0.774809 0.738277 0.753786 0.740061 0.632199 0.727905
0.774797 0.738277 0.753779 0.740061 0.632206 0.727896
0.774797 0.738267 0.753769 0.740061 0.632213 0.727888
0.774797 0.738267 0.753769 0.740069 0.632208 0.727896
0.774802 0.738267 0.753779 0.740077 0.632207 0.727911
0.774802 0.738274 0.753812 0.740079 0.632211 0.727918
0.774796 0.738274 0.753812 0.740085 0.632211 0.727911
0.774790 0.738264 0.753803 0.740077 0.632207 0.727909
0.774790 0.738264 0.753812 0.740077 0.632204 0.727914
0.774789 0.738264 0.753796 0.740069 0.632204 0.727914
0.774796 0.738257 0.753779 0.740077 0.632185 0.727896
0.774796 0.738267 0.753796 0.740077 0.632192 0.727901
0.774801 0.738264 0.753788 0.740069 0.632197 0.727893
0.774794 0.738264 0.753798 0.740069 0.632192 0.727886
0.774794 0.738264 0.753798 0.740069 0.632192 0.727891
0.774787 0.738271 0.753781 0.740075 0.632192 0.727884
0.774799 0.738274 0.753788 0.740075 0.632202 0.727878
0.774799 0.738274 0.753781 0.740069 0.632202 0.727884
0.774794 0.738274 0.753781 0.740063 0.632214 0.727855
0.774794 0.738267 0.753788 0.740063 0.632214 0.727850
0.774799 0.738291 0.753779 0.740069 0.632214 0.727850
0.774799 0.738305 0.753779 0.740063 0.632192 0.727855
0.774789 0.738305 0.753793 0.740063 0.632192 0.727878
0.774794 0.738305 0.753784 0.740071 0.632192 0.727884
0.774787 0.738291 0.753791 0.740071 0.632188 0.727868
0.774787 0.738284 0.753777 0.740071 0.632205 0.727861
0.774798 0.738277 0.753786 0.740071 0.632207 0.727861
0.774791 0.738277 0.753779 0.740079 0.632214 0.727882
0.774798 0.738277 0.753786 0.740079 0.632207 0.727882
0.774805 0.738286 0.753786 0.740087 0.632186 0.727893
0.774805 0.738269 0.753786 0.740091 0.632198 0.727886
0.774810 0.738260 0.753779 0.740089 0.632209 0.727891
0.774816 0.738252 0.753781 0.740091 0.632216 0.727884
0.774810 0.738243 0.753774 0.740099 0.632214 0.727884
0.774810 0.738243 0.753755 0.740085 0.632212 0.727884
0.774803 0.738243 0.753746 0.740113 0.632209 0.727889
0.774796 0.738243 0.753779 0.740113 0.632209 0.727889
0.774791 0.738250 0.753772 0.740113 0.632205 0.727893
0.774791 0.738252 0.753762 0.740113 0.632200 0.727886
0.774796 0.738238 0.753767 0.740113 0.632219 0.727884
0.774790 0.738255 0.753777 0.740107 0.632226 0.727884
0.774796 0.738265 0.753779 0.740113 0.632226 0.727886
0.774798 0.738265 0.753779 0.740127 0.632222 0.727916
0.774798 0.738265 0.753788 0.740121 0.632219 0.727916
0.774799 0.738265 0.753796 0.740121 0.632226 0.727922
0.774799 0.738265 0.753796 0.740127 0.632240 0.727924
0.774799 0.738255 0.753796 0.740127 0.632255 0.727924
0.774799 0.738262 0.753788 0.740121 0.632255 0.727918
0.774799 0.738269 0.753798 0.740137 0.632255 0.727926
0.774799 0.738269 0.753807 0.740137 0.632236 0.727955
0.774793 0.738252 0.753807 0.740137 0.632240 0.727980
0.774793 0.738260 0.753807 0.740142 0.632236 0.727980
0.774787 0.738260 0.753800 0.740142 0.632243 0.727967
0.774787 0.738260 0.753800 0.740150 0.632238 0.727948
0.774794 0.738260 0.753800 0.740145 0.632241 0.727978
0.774782 0.738257 0.753800 0.740137 0.632234 0.727999
0.774782 0.738254 0.753800 0.740145 0.632234 0.727988
0.774789 0.738257 0.753800 0.740145 0.632241 0.727975
0.774794 0.738257 0.753817 0.740145 0.632248 0.727960
0.774789 0.738257 0.753817 0.740145 0.632241 0.727969
0.774777 0.738254 0.753810 0.740145 0.632246 0.727964
0.774777 0.738254 0.753800 0.740152 0.632253 0.727958
0.774777 0.738254 0.753800 0.740152 0.632260 0.727953
0.774777 0.738240 0.753800 0.740145 0.632260 0.727947
0.774777 0.738240 0.753800 0.740145 0.632260 0.727947
0.774777 0.738233 0.753800 0.740145 0.632267 0.727955
0.774777 0.738233 0.753793 0.740145 0.632267 0.727957
0.774770 0.738233 0.753812 0.740145 0.632260 0.727959
0.774776 0.738233 0.753812 0.740145 0.632260 0.727949
0.774770 0.738233 0.753812 0.740145 0.632264 0.727932
0.774770 0.738233 0.753812 0.740137 0.632257 0.727939
0.774770 0.738233 0.753812 0.740137 0.632257 0.727939
0.774777 0.738233 0.753821 0.740145 0.632257 0.727939
0.774770 0.738247 0.753819 0.740145 0.632246 0.727934
0.774776 0.738247 0.753829 0.740137 0.632253 0.727941
0.774776 0.738247 0.753836 0.740137 0.632253 0.727955
0.774769 0.738247 0.753836 0.740134 0.632267 0.727941
0.774769 0.738254 0.753845 0.740129 0.632267 0.727936
0.774776 0.738262 0.753845 0.740129 0.632260 0.727946
0.774776 0.738262 0.753843 0.740134 0.632253 0.727959
0.774782 0.738254 0.753843 0.740134 0.632260 0.727948
0.774776 0.738254 0.753845 0.740142 0.632260 0.727953
0.774774 0.738262 0.753862 0.740142 0.632260 0.727953
0.774767 0.738264 0.753869 0.740142 0.632255 0.727961
0.774767 0.738264 0.753869 0.740134 0.632248 0.727969
0.774757 0.738271 0.753869 0.740134 0.632244 0.727974
0.774757 0.738264 0.753869 0.740123 0.632232 0.727961
0.774745 0.738274 0.753867 0.740123 0.632232 0.727955
0.774752 0.738274 0.753867 0.740123 0.632232 0.727948
0.774747 0.738260 0.753867 0.740131 0.632239 0.727948
0.774733 0.738267 0.753860 0.740137 0.632225 0.727939
0.774727 0.738274 0.753860 0.740131 0.632225 0.727959
0.774727 0.738281 0.753860 0.740129 0.632220 0.727980
0.774713 0.738279 0.753860 0.740140 0.632220 0.727978
0.774718 0.738279 0.753876 0.740140 0.632228 0.727984
0.774712 0.738308 0.753867 0.740134 0.632237 0.727971
0.774712 0.738308 0.753886 0.740142 0.632237 0.727976
0.774724 0.738291 0.753886 0.740142 0.632241 0.727980
0.774730 0.738291 0.753893 0.740142 0.632244 0.727974
0.774735 0.738284 0.753893 0.740142 0.632244 0.727995
0.774735 0.738284 0.753893 0.740142 0.632251 0.727987
0.774747 0.738294 0.753893 0.740142 0.632246 0.727984
0.774767 0.738294 0.753893 0.740142 0.632239 0.727984
0.774761 0.738301 0.753886 0.740142 0.632235 0.727978
0.774754 0.738301 0.753886 0.740150 0.632239 0.727978
0.774749 0.738301 0.753886 0.740150 0.632239 0.727975
0.774742 0.738308 0.753886 0.740142 0.632246 0.727985
0.774742 0.738308 0.753895 0.740142 0.632232 0.727985
0.774735 0.738315 0.753888 0.740150 0.632213 0.727977
0.774735 0.738339 0.753888 0.740148 0.632204 0.727971
0.774741 0.738339 0.753888 0.740148 0.632200 0.727969
0.774741 0.738339 0.753881 0.740148 0.632200 0.727966
0.774737 0.738366 0.753881 0.740148 0.632195 0.727973
0.774727 0.738366 0.753888 0.740148 0.632195 0.727978
0.774721 0.738352 0.753888 0.740148 0.632193 0.727985
0.774715 0.738342 0.753888 0.740138 0.632201 0.727970
0.774716 0.738335 0.753888 0.740138 0.632196 0.727978
0.774703 0.738335 0.753895 0.740138 0.632210 0.727980
0.774703 0.738345 0.753900 0.740138 0.632203 0.727974
0.774696 0.738345 0.753893 0.740140 0.632203 0.727968
0.774703 0.738345 0.753900 0.740140 0.632203 0.727961
0.774696 0.738345 0.753890 0.740138 0.632199 0.727951
0.774701 0.738354 0.753890 0.740132 0.632206 0.727930
0.774700 0.738354 0.753883 0.740132 0.632189 0.727925
0.774700 0.738347 0.753876 0.740132 0.632182 0.727930
0.774700 0.738347 0.753862 0.740124 0.632175 0.727930
0.774700 0.738340 0.753862 0.740124 0.632168 0.727923
0.774700 0.738340 0.753855 0.740132 0.632163 0.727928
0.774718 0.738330 0.753847 0.740134 0.632184 0.727920
0.774725 0.738316 0.753857 0.740119 0.632187 0.727913
0.774737 0.738308 0.753857 0.740103 0.632203 0.727905
0.774737 0.738308 0.753866 0.740103 0.632210 0.727913
0.774741 0.738308 0.753874 0.740103 0.632201 0.727907
0.774734 0.738335 0.753900 0.740119 0.632194 0.727923
0.774727 0.738328 0.753897 0.740127 0.632190 0.727923
0.774739 0.738328 0.753907 0.740127 0.632192 0.727926
0.774739 0.738328 0.753916 0.740127 0.632199 0.727918
0.774739 0.738328 0.753907 0.740121 0.632204 0.727926
0.774739 0.738321 0.753895 0.740113 0.632204 0.727934
