1.723922
2.613370
9.360275
1.826805
2.018322
1.993698
1.672531
1.596337
1.620564
1.530745
1.513518
1.449825
1.492702
1.504232
1.414172
1.418319
1.369178
1.349266
1.349579
1.308005
1.349891
1.295809
1.314979
1.296739
1.286007
1.293285
1.276528
1.262198
1.264171
1.254247
1.241836
1.234865
1.228293
1.224037
1.207340
1.194196
1.189711
1.170572
1.179215
1.256466
1.213295
1.158318
1.160256
1.170740
1.161307
1.123864
1.109809
1.122616
1.198175
1.121817
1.093516
1.103453
1.091855
1.060416
1.080088
1.057981
1.044291
1.039912
1.025959
1.023339
1.015574
1.039653
1.094475
1.182064
1.139067
1.089200
1.045565
1.103673
1.033132
1.046192
1.073637
1.035791
1.018937
1.030445
1.009961
0.986090
0.997005
0.957523
0.951984
0.948669
0.942686
0.910897
0.919122
0.905262
0.885895
0.886522
0.856865
0.877389
0.866585
0.917009
1.466738
1.269565
1.114329
1.103310
1.126373
1.125477
1.070553
1.032355
1.022100
1.001289
0.984649
0.984019
0.979811
0.988922
0.969270
0.970460
0.974321
0.957515
0.957441
0.949351
0.939577
0.931488
0.934191
0.919809
0.921978
0.909215
0.897780
0.901796
0.894771
0.881920
0.866786
0.866317
0.870259
0.870530
0.853026
0.842164
0.831855
0.830901
0.841550
0.958290
1.360476
0.956010
1.145330
1.001388
1.041664
0.973332
0.929247
0.957236
0.926656
0.919557
0.915473
0.888567
0.906189
0.882754
0.871209
0.865768
0.860419
0.856890
0.849438
0.848204
0.839328
0.829813
0.829191
0.826757
0.813246
0.812284
0.836867
0.857448
0.821023
0.801226
0.814188
0.818392
0.819935
0.805650
0.787941
0.783889
0.779048
0.800303
0.852752
1.051614
0.813088
1.086344
1.005527
1.124536
0.949484
0.926170
1.030155
0.911728
0.891102
0.946390
0.947608
0.905583
0.896874
0.890256
0.893832
0.890462
0.877584
0.859352
0.848400
0.852215
0.840093
0.826873
0.825847
0.813948
0.813547
0.804569
0.805904
0.798182
0.799390
0.794610
0.794442
0.786841
0.783701
0.780917
0.773712
0.769771
0.770677
0.769561
0.775282
0.803521
0.884857
0.836489
0.792832
0.805313
0.797773
0.787761
0.794690
0.774783
0.779323
0.781744
0.771017
0.782346
0.795178
0.774603
0.757232
0.762110
0.756504
0.763793
0.753145
0.755919
0.748743
0.760650
0.801368
1.043073
1.619265
0.923033
1.003845
0.855791
0.900400
0.935140
0.909821
0.910278
0.913958
0.887769
0.877592
0.880309
0.874081
0.855081
0.855320
0.855225
0.850683
0.840819
0.840453
0.844564
0.830513
0.829206
0.824101
0.819143
0.816794
0.817048
0.808391
0.809117
0.805923
0.803302
0.800255
0.794578
0.793333
0.789555
0.784832
0.783071
0.780388
0.777724
0.773460
0.769295
0.765887
0.763435
0.765819
0.796657
0.835631
0.876381
0.816884
0.845291
0.780106
0.813841
0.785708
0.804477
0.789503
0.774753
0.770203
0.778374
0.771796
0.772318
0.763105
0.758171
0.753742
0.764706
0.869291
1.130365
1.052968
1.024893
0.927792
0.969260
0.862451
0.918544
0.905100
0.870994
0.883154
0.878480
0.865432
0.873798
0.863738
0.849791
0.851369
0.843820
0.833321
0.835127
0.828281
0.817513
0.811258
0.803423
0.808948
0.808534
0.803423
0.796607
0.789118
0.794395
0.791742
0.789763
0.781741
0.782693
0.779375
0.776882
0.772481
0.772647
0.769625
0.766797
0.763422
0.763069
0.760609
0.755752
0.753481
0.751644
0.748664
0.746505
0.745398
0.745903
0.750099
0.802084
0.958584
0.982722
0.993550
0.906103
0.947937
0.823985
0.847418
0.850388
0.876940
0.856540
0.830399
0.838306
0.847280
0.846036
0.833611
0.821136
0.818904
0.818477
0.814023
0.803226
0.792201
0.790600
0.791254
0.790470
0.783292
0.776696
0.777880
0.777735
0.773091
0.769157
0.768187
0.766155
0.765776
0.763616
0.759790
0.758960
0.756644
0.752651
0.751574
0.749997
0.749220
0.746472
0.744314
0.743802
0.741168
0.740597
0.738348
0.736691
0.736013
0.735128
0.739295
0.765023
0.806341
0.779731
0.749392
0.760617
0.749069
0.745083
0.754273
0.745914
0.739453
0.744078
0.740288
0.736527
0.735437
0.737965
0.739441
0.741717
0.749944
0.749793
0.746932
0.735009
0.729384
0.731962
0.751721
0.825518
0.895940
0.851030
0.843120
0.808023
0.812996
0.799097
0.836779
0.778098
0.792955
0.786687
0.783285
0.784641
0.780452
0.785012
0.756184
0.777529
0.761298
0.762799
0.753469
0.763005
0.744049
0.757873
0.747403
0.747738
0.751595
0.736771
0.745348
0.743779
0.735810
0.735310
0.736751
0.739318
0.730472
0.731324
0.733272
0.738114
0.736651
0.733805
0.728230
0.727095
0.726945
0.727627
0.728547
0.730601
0.734231
0.742735
0.761753
0.783859
0.781500
0.743454
0.736961
0.759381
0.739559
0.729683
0.743956
0.742317
0.730143
0.729905
0.737291
0.734134
0.724775
0.725020
0.734233
0.744959
0.766125
0.761033
0.740743
0.729326
0.746367
0.747357
0.728771
0.726385
0.738763
0.738029
0.728521
0.724586
0.732305
0.738845
0.732683
0.727571
0.722801
0.721118
0.722342
0.724983
0.728620
0.731770
0.741686
0.753820
0.785239
0.777368
0.743546
0.735946
0.754534
0.731931
0.738502
0.747275
0.729837
0.730136
0.739335
0.729042
0.726084
0.736326
0.743724
0.732552
0.722868
0.722278
0.728036
0.730928
0.726228
0.721094
0.719835
0.722776
0.729167
0.739339
0.764491
0.777879
0.774903
0.730735
0.748085
0.756052
0.727292
0.755644
0.754045
0.726690
0.755924
0.738504
0.736161
0.752495
0.730809
0.728567
0.747475
0.740462
0.722808
0.738834
0.738862
0.721742
0.734460
0.741761
0.727140
0.720458
0.729338
0.732796
0.725871
0.719510
0.723142
0.729764
0.729275
0.725408
0.719865
0.718774
0.721624
0.725169
0.728882
0.730202
0.734467
0.732888
0.730391
0.722187
0.718136
0.720469
0.726014
0.732829
0.733532
0.732505
0.723229
0.718305
0.721591
0.729498
0.742721
0.747029
0.750140
0.728060
0.724590
0.738296
0.729673
0.720176
0.723407
0.729850
0.729325
0.720580
0.720957
0.727976
0.730332
0.732591
0.727913
0.723658
0.718852
0.718471
0.721739
0.724587
0.726664
0.726216
0.727235
0.724393
0.720819
0.717272
0.716795
0.718973
0.722926
0.731895
0.742608
0.759744
0.745100
0.723641
0.723392
0.739383
0.744516
0.723591
0.721892
0.733747
0.724814
0.718769
0.726544
0.731348
0.733302
0.724672
0.718757
0.718613
0.723012
0.725496
0.722953
0.720485
0.717346
0.716573
0.717073
0.718728
0.721721
0.726117
0.738899
0.753678
0.779726
0.752185
0.723574
0.742330
0.735547
0.722825
0.735186
0.728327
0.720444
0.727214
0.726168
0.719075
0.719488
0.724701
0.731330
0.732980
0.729756
0.720788
0.719241
0.725611
0.730913
0.734381
0.727890
0.721036
0.717418
0.720551
0.725519
0.726533
0.726517
0.722231
0.718621
0.716363
0.717465
0.720028
0.722474
0.726797
0.729507
0.735571
0.731166
0.723415
0.716164
0.719175
0.727819
0.731731
0.732838
0.723099
0.717202
0.720966
0.726803
0.731876
0.727215
0.722102
0.716856
0.717574
0.721525
0.723173
0.723885
0.721304
0.719073
0.716558
0.715245
0.715661
0.717630
0.721301
0.726651
0.738893
0.745267
0.747344
0.724555
0.719414
0.734913
0.733396
0.721821
0.717299
0.725260
0.727306
0.717918
0.716785
0.724451
0.731636
0.740564
0.732664
0.721093
0.718014
0.727032
0.733041
0.724548
0.716466
0.716747
0.721793
0.723857
0.720193
0.716926
0.715070
0.714856
0.715979
0.717788
0.719591
0.720346
0.721904
0.722935
0.726251
0.728040
0.731130
0.726417
0.719848
0.715000
0.716984
0.722855
0.726008
0.728164
0.722359
0.716418
0.715002
0.719528
0.727181
0.732076
0.738308
0.728641
0.717507
0.718132
0.728047
0.737717
0.730812
0.721343
0.716715
0.722756
0.726966
0.721520
0.716353
0.714651
0.717189
0.720371
0.719869
0.717670
0.715378
0.714345
0.713944
0.714222
0.715304
0.717065
0.720366
0.726384
0.742644
0.760544
0.785256
0.741989
0.730558
0.751842
0.724470
0.742777
0.745939
0.722925
0.749155
0.730670
0.730370
0.746254
0.730036
0.723321
0.736583
0.728022
0.721695
0.733579
0.724800
0.718035
0.725594
0.728952
0.725235
0.716455
0.719506
0.720221
0.723273
0.718247
0.715795
0.715944
0.717711
0.719528
0.717369
0.716715
0.714658
0.714249
0.714324
0.714084
0.715236
0.716024
0.718075
0.721777
0.728044
0.732807
0.738824
0.727896
0.717431
0.716381
0.725169
0.729767
0.721346
0.715271
0.717010
0.722071
0.724164
0.720334
0.716542
0.713727
0.715692
0.717996
0.718739
0.718855
0.716249
0.715055
0.713635
0.713238
0.713944
0.714430
0.716107
0.718463
0.723016
0.727777
0.735489
0.732384
0.725744
0.715334
0.716941
0.724980
0.725280
0.720809
0.714907
0.715047
0.719872
0.723712
0.728205
0.726071
0.722375
0.715407
0.714673
0.720091
0.723423
0.724530
0.720208
0.715665
0.713331
0.715771
0.721796
0.727465
0.735785
0.731208
0.720433
0.714477
0.723216
0.733473
0.727753
0.718768
0.714890
0.720227
0.725574
0.722826
0.718420
0.713910
0.713650
0.715835
0.717673
0.718516
0.717262
0.716452
0.715124
0.714054
0.713181
0.712586
0.712476
0.712576
0.712745
0.713396
0.714760
0.717016
0.722772
0.732952
0.756044
0.760415
0.746319
0.719982
0.743546
0.740193
0.720072
0.743827
0.733572
0.722826
0.742813
0.726629
0.720335
0.740789
0.734491
0.717368
0.732766
0.731681
0.715457
0.729358
0.736502
0.720553
0.718059
0.726590
0.726445
0.715922
0.716008
0.719489
0.721864
0.717116
0.713125
0.715695
0.718214
0.721435
0.722016
0.721876
0.718805
0.714581
0.712537
0.713717
0.716241
0.718515
0.719777
0.717559
0.714555
0.712327
0.712492
0.714064
0.716372
0.720006
0.721685
0.722527
0.719732
0.716564
0.713181
0.712224
0.713612
0.715537
0.717165
0.717135
0.717177
0.715992
0.715045
0.713674
0.712652
0.711957
0.711653
0.711708
0.712094
0.712934
0.714441
0.717946
0.724625
0.718721
0.712058
0.712988
0.717945
0.719029
0.715019
0.711609
0.712716
0.715652
0.715730
0.713054
0.711471
0.712583
0.714150
0.713828
0.712195
0.711462
0.712276
0.713117
0.712698
0.711704
0.711476
0.712068
0.712443
0.712060
0.711494
0.711473
0.711865
0.712000
0.711686
0.711394
0.711479
0.711713
0.711715
0.711494
0.711364
0.711461
0.711586
0.711534
0.711391
0.711356
0.711437
0.711485
0.711426
0.711346
0.711348
0.711402
0.711410
0.711360
0.711324
0.711341
0.711369
0.711358
0.711324
0.711312
0.711329
0.711338
0.711322
0.711303
0.711303
0.711313
0.711312
0.711298
0.711289
0.711293
0.711297
0.711291
0.711281
0.711279
0.711282
0.711281
0.711274
0.711269
0.711269
0.711270
0.711267
0.711261
0.711259
0.711259
0.711257
0.711253
0.711250
0.711249
0.711248
0.711245
0.711242
0.711240
0.711239
0.711237
0.711234
0.711232
0.711231
0.711229
0.711226
0.711224
0.711222
0.711221
0.711218
0.711216
0.711214
0.711213
0.711210
0.711208
0.711206
0.711205
0.711203
0.711201
0.711199
0.711197
0.711195
0.711193
0.711191
0.711189
0.711187
0.711185
0.711183
0.711181
0.711179
0.711178
0.711176
0.711174
0.711172
0.711170
0.711168
0.711166
0.711164
0.711162
0.711160
0.711158
0.711156
0.711155
0.711153
0.711151
0.711149
0.711147
0.711145
0.711143
0.711141
0.711139
0.711137
0.711135
0.711133
0.711131
0.711130
0.711128
0.711126
0.711124
0.711122
0.711120
0.711118
0.711116
0.711114
0.711112
0.711110
0.711108
0.711107
0.711105
0.711103
0.711101
0.711099
0.711097
0.711095
0.711093
0.711092
0.711090
0.711088
0.711086
0.711084
0.711082
0.711080
0.711079
0.711077
0.711075
0.711073
0.711071
0.711069
0.711067
0.711066
0.711064
0.711062
0.711060
0.711058
0.711057
0.711055
0.711053
0.711051
0.711049
0.711048
0.711046
0.711044
0.711042
0.711040
0.711039
0.711037
0.711035
0.711033
0.711032
0.711030
0.711028
0.711026
0.711025
0.711023
0.711021
0.711019
0.711017
0.711016
0.711014
0.711012
0.711010
0.711009
0.711007
0.711005
0.711003
0.711002
0.711000
0.710998
0.710996
0.710995
0.710993
0.710991
0.710989
0.710988
0.710986
0.710984
0.710983
0.710981
0.710979
0.710977
0.710976
0.710974
0.710972
0.710970
0.710969
0.710967
0.710965
0.710964
0.710962
0.710960
0.710959
0.710957
0.710955
0.710953
0.710952
0.710950
0.710948
0.710947
0.710945
0.710943
0.710942
0.710940
0.710938
0.710937
0.710935
0.710933
0.710931
0.710930
0.710928
0.710926
0.710925
0.710923
0.710921
0.710920
0.710918
0.710916
0.710915
0.710913
0.710911
0.710910
0.710908
0.710906
0.710905
0.710903
0.710901
0.710900
0.710898
0.710896
0.710895
0.710893
0.710891
0.710890
0.710888
0.710886
0.710885
0.710883
0.710882
0.710880
0.710878
0.710877
0.710875
0.710873
0.710872
0.710870
0.710868
0.710867
0.710865
0.710864
0.710862
0.710860
0.710859
0.710857
0.710855
0.710854
0.710852
0.710850
0.710849
0.710847
0.710846
0.710844
0.710842
0.710841
0.710839
0.710837
0.710836
0.710834
0.710832
0.710831
0.710829
0.710827
0.710826
0.710824
0.710823
0.710821
0.710819
0.710818
0.710816
0.710814
0.710813
0.710811
0.710809
0.710808
0.710806
0.710804
0.710803
0.710801
0.710799
0.710798
0.710796
0.710795
0.710793
0.710791
0.710790
0.710788
0.710786
0.710785
0.710783
0.710781
0.710780
0.710778
0.710776
0.710775
0.710773
0.710771
0.710770
0.710768
0.710767
0.710765
0.710763
0.710762
0.710760
0.710758
0.710757
0.710755
0.710753
0.710752
0.710750
0.710748
0.710747
0.710745
0.710744
0.710742
0.710740
0.710739
0.710737
0.710735
0.710734
0.710732
0.710730
0.710729
0.710727
0.710725
0.710724
0.710722
0.710720
0.710719
0.710717
0.710716
0.710714
0.710712
0.710711
0.710709
0.710707
0.710706
0.710704
0.710702
0.710701
0.710699
0.710698
0.710696
0.710694
0.710693
0.710691
0.710689
0.710688
0.710686
0.710684
0.710683
0.710681
0.710680
0.710678
0.710676
0.710675
0.710673
0.710671
0.710670
0.710668
0.710667
0.710665
0.710663
0.710662
0.710660
0.710658
0.710657
0.710655
0.710654
0.710652
0.710650
0.710649
0.710647
0.710645
0.710644
0.710642
0.710641
0.710639
0.710637
0.710636
0.710634
0.710632
0.710631
0.710629
0.710627
0.710626
0.710624
0.710622
0.710621
0.710619
0.710617
0.710616
0.710614
0.710612
0.710611
0.710609
0.710608
0.710606
0.710604
0.710603
0.710601
0.710599
0.710598
0.710596
0.710594
0.710593
0.710591
0.710589
0.710588
0.710586
0.710585
0.710583
0.710581
0.710580
0.710578
0.710576
0.710575
0.710573
0.710571
0.710570
0.710568
0.710567
0.710565
0.710563
0.710562
0.710560
0.710559
0.710557
0.710555
0.710554
0.710552
0.710550
0.710549
0.710547
0.710545
0.710544
0.710542
0.710541
0.710539
0.710537
0.710536
0.710534
0.710532
